batch_idx,loss,accuracy,time_ms
1,0.372379,84.3750,514.76
2,0.276986,92.1875,572.74
3,0.592832,79.6875,551.80
4,0.342842,85.9375,519.88
5,0.333378,90.6250,575.56
6,0.290284,90.6250,499.79
7,0.350042,85.9375,546.28
8,0.202733,93.7500,634.18
9,0.294638,90.6250,525.00
10,0.452913,87.5000,472.32
11,0.372670,85.9375,492.30
12,0.326080,85.9375,559.87
13,0.236397,92.1875,478.81
14,0.300998,89.0625,537.84
15,0.347439,89.0625,503.12
16,0.624378,79.6875,494.99
17,0.386742,87.5000,526.61
18,0.245101,92.1875,487.99
19,0.291854,89.0625,489.42
20,0.179104,93.7500,556.74
21,0.300322,85.9375,476.65
22,0.379403,89.0625,507.81
23,0.757308,73.4375,494.49
24,0.274540,90.6250,479.21
25,0.282643,89.0625,509.28
26,0.607107,82.8125,495.62
27,0.534271,84.3750,484.16
28,0.368389,92.1875,517.50
29,0.436241,81.2500,486.59
30,0.331222,85.9375,571.66
31,0.349401,90.6250,534.61
32,0.218719,90.6250,477.08
33,0.292253,90.6250,496.23
34,0.306360,90.6250,529.58
35,0.292114,90.6250,512.91
36,0.368418,85.9375,536.80
37,0.254116,93.7500,477.64
38,0.213771,96.8750,498.09
39,0.394768,87.5000,550.68
40,0.147144,96.8750,488.08
41,0.490931,89.0625,541.62
42,0.473742,87.5000,471.63
43,0.426604,85.9375,504.31
44,0.382793,87.5000,530.91
45,0.281738,92.1875,489.43
46,0.346375,87.5000,491.10
47,0.275383,85.9375,559.37
48,0.126638,96.8750,549.48
49,0.273676,89.0625,534.46
50,0.473336,87.5000,481.14
51,0.280358,89.0625,480.39
52,0.231748,92.1875,517.58
53,0.639262,85.9375,472.40
54,0.709752,82.8125,476.91
55,0.212165,93.7500,557.07
56,0.358707,87.5000,483.99
57,0.288370,90.6250,543.70
58,0.367090,89.0625,488.52
59,0.554807,85.9375,491.73
60,0.346388,90.6250,553.87
61,0.188141,95.3125,474.47
62,0.331105,85.9375,511.68
63,0.383730,85.9375,547.43
64,0.478303,82.8125,486.35
65,0.236233,92.1875,493.22
66,0.347847,87.5000,494.29
67,0.228273,92.1875,489.88
68,0.410753,90.6250,507.77
69,0.332778,87.5000,493.65
70,0.328194,87.5000,522.05
71,0.456147,84.3750,507.04
72,0.284733,87.5000,473.31
73,0.513588,82.8125,468.57
74,0.308882,89.0625,531.88
75,0.395396,87.5000,472.46
76,0.466572,85.9375,473.62
77,0.241892,89.0625,510.14
78,0.394576,87.5000,471.98
79,0.230036,90.6250,515.26
80,0.550440,81.2500,500.69
81,0.326601,90.6250,558.25
82,0.201213,93.7500,533.69
83,0.393499,89.0625,482.37
84,0.485861,85.9375,545.99
85,0.368095,89.0625,551.49
86,0.166576,96.8750,472.40
87,0.358854,87.5000,518.44
88,0.362592,87.5000,519.07
89,0.287975,89.0625,531.80
90,0.474804,82.8125,602.69
91,0.313998,89.0625,481.49
92,0.383766,85.9375,533.37
93,0.524689,85.9375,523.98
94,0.430807,85.9375,488.90
95,0.351839,89.0625,502.10
96,0.245906,90.6250,480.39
97,0.389133,93.7500,481.99
98,0.258567,93.7500,511.05
99,0.247276,92.1875,492.06
100,0.339453,84.3750,490.47
101,0.303051,87.5000,522.18
102,0.560279,79.6875,546.26
103,0.348146,90.6250,519.58
104,0.550228,78.1250,499.80
105,0.464161,82.8125,490.70
106,0.409739,87.5000,525.94
107,0.321119,87.5000,487.48
108,0.329833,85.9375,512.69
109,0.316936,89.0625,563.30
110,0.323203,89.0625,508.88
111,0.463275,84.3750,570.67
112,0.375431,84.3750,483.95
113,0.501473,85.9375,501.53
114,0.479800,82.8125,564.43
115,0.367131,82.8125,479.98
116,0.345040,89.0625,487.75
117,0.520491,85.9375,504.03
118,0.374955,87.5000,471.81
119,0.373155,82.8125,522.54
120,0.337481,90.6250,485.80
121,0.612034,79.6875,487.95
122,0.322847,85.9375,512.97
123,0.227658,93.7500,475.57
124,0.290103,90.6250,485.03
125,0.471040,85.9375,540.81
126,0.151917,92.1875,553.86
127,0.210000,95.3125,478.83
128,0.363842,89.0625,490.67
129,0.264341,84.3750,483.53
130,0.526641,85.9375,493.18
131,0.325147,92.1875,491.72
132,0.208134,90.6250,480.02
133,0.435105,81.2500,527.12
134,0.407117,92.1875,474.26
135,0.546756,81.2500,486.38
136,0.405039,87.5000,567.91
137,0.309458,89.0625,474.49
138,0.226924,92.1875,527.09
139,0.329719,85.9375,582.67
140,0.296229,90.6250,481.27
141,0.627564,84.3750,528.17
142,0.383578,87.5000,487.18
143,0.235870,92.1875,485.01
144,0.346318,90.6250,540.78
145,0.241133,92.1875,477.53
146,0.172768,92.1875,522.69
147,0.553461,81.2500,522.60
148,0.302297,89.0625,509.46
149,0.284660,93.7500,541.42
150,0.446100,82.8125,473.78
151,0.259889,90.6250,483.53
152,0.262410,89.0625,563.60
153,0.409967,89.0625,497.85
154,0.191386,92.1875,550.72
155,0.464902,85.9375,488.06
156,0.525750,85.9375,470.56
157,0.426445,84.3750,527.19
158,0.197913,93.7500,489.34
159,0.304818,87.5000,492.97
160,0.532585,79.6875,557.16
161,0.416244,82.8125,489.84
162,0.447220,93.7500,517.02
163,0.368679,89.0625,512.79
164,0.347412,87.5000,478.75
165,0.427787,84.3750,514.67
166,0.279175,87.5000,586.74
167,0.403538,87.5000,493.84
168,0.483045,84.3750,533.74
169,0.343326,92.1875,484.77
170,0.335145,90.6250,507.00
171,0.339359,87.5000,655.26
172,0.285266,87.5000,476.86
173,0.455948,82.8125,505.34
174,0.358113,85.9375,521.88
175,0.359327,90.6250,494.42
176,0.312253,89.0625,520.89
177,0.581675,79.6875,472.84
178,0.417336,87.5000,523.37
179,0.250047,93.7500,492.92
180,0.606783,81.2500,474.54
181,0.319586,92.1875,519.61
182,0.423608,82.8125,487.31
183,0.496131,89.0625,485.55
184,0.533432,84.3750,541.18
185,0.297352,89.0625,483.95
186,0.485152,85.9375,488.98
187,0.376267,85.9375,500.91
188,0.211708,93.7500,477.40
189,0.320372,85.9375,509.75
190,0.368581,85.9375,481.58
191,0.324883,90.6250,483.40
192,0.496540,89.0625,513.86
193,0.291973,92.1875,538.35
194,0.178525,96.8750,485.16
195,0.350708,87.5000,532.38
196,0.248335,93.7500,477.85
197,0.363124,89.0625,518.11
198,0.333561,85.9375,507.88
199,0.594608,84.3750,488.14
200,0.385766,82.8125,530.14
201,0.283022,90.6250,508.43
202,0.404909,84.3750,481.13
203,0.507430,81.2500,532.68
204,0.269490,92.1875,486.16
205,0.305521,85.9375,492.27
206,0.151627,96.8750,516.83
207,0.205321,92.1875,505.04
208,0.417889,87.5000,513.04
209,0.230769,90.6250,541.89
210,0.332868,92.1875,507.87
211,0.319567,85.9375,521.00
212,0.340065,90.6250,495.61
213,0.299753,89.0625,494.07
214,0.366013,85.9375,596.59
215,0.215350,92.1875,562.04
216,0.229604,92.1875,536.20
217,0.442328,89.0625,489.75
218,0.418852,84.3750,482.01
219,0.539943,84.3750,554.76
220,0.226873,90.6250,538.98
221,0.347687,90.6250,517.02
222,0.583107,85.9375,502.70
223,0.248525,92.1875,496.76
224,0.297131,93.7500,538.27
225,0.488329,84.3750,487.71
226,0.225038,92.1875,495.05
227,0.411753,89.0625,573.52
228,0.349188,93.7500,480.37
229,0.386232,87.5000,492.04
230,0.437903,85.9375,502.39
231,0.184905,95.3125,507.13
232,0.263689,90.6250,519.79
233,0.504668,85.9375,488.12
234,0.367638,85.9375,502.95
235,0.332509,92.1875,542.58
236,0.326409,85.9375,491.08
237,0.197409,93.7500,485.36
238,0.364827,89.0625,512.65
239,0.215666,93.7500,491.35
240,0.359321,85.9375,523.07
241,0.353736,92.1875,509.30
242,0.478628,87.5000,497.87
243,0.376711,92.1875,523.82
244,0.310450,84.3750,509.19
245,0.310345,87.5000,496.95
246,0.474162,90.6250,553.64
247,0.466751,85.9375,570.25
248,0.294506,92.1875,535.79
249,0.495566,89.0625,505.45
250,0.292210,93.7500,493.46
251,0.377682,89.0625,548.02
252,0.391943,84.3750,604.67
253,0.246704,93.7500,539.85
254,0.492954,85.9375,526.81
255,0.332576,89.0625,505.83
256,0.337690,87.5000,531.66
257,0.264382,90.6250,494.87
258,0.322574,90.6250,492.92
259,0.118503,95.3125,518.72
260,0.244633,95.3125,476.69
261,0.216008,90.6250,518.67
262,0.450079,89.0625,487.17
263,0.287301,90.6250,480.64
264,0.602733,79.6875,501.77
265,0.545848,81.2500,482.75
266,0.290878,93.7500,486.36
267,0.475777,84.3750,532.93
268,0.430274,89.0625,481.37
269,0.359253,85.9375,485.35
270,0.233339,92.1875,518.62
271,0.562990,81.2500,492.81
272,0.251548,90.6250,509.79
273,0.466042,85.9375,478.17
274,0.258764,92.1875,541.05
275,0.188616,90.6250,512.59
276,0.456520,84.3750,489.49
277,0.402997,89.0625,501.43
278,0.450441,84.3750,534.50
279,0.474735,78.1250,504.45
280,0.404607,89.0625,529.82
281,0.521051,84.3750,492.26
282,0.433610,84.3750,482.41
283,0.231513,87.5000,515.95
284,0.321771,89.0625,476.59
285,0.573774,84.3750,485.83
286,0.378705,87.5000,512.43
287,0.532003,89.0625,482.57
288,0.216532,95.3125,491.27
289,0.506931,81.2500,496.61
290,0.295722,87.5000,481.47
291,0.302280,92.1875,525.00
292,0.585708,87.5000,481.85
293,0.379973,90.6250,479.55
294,0.232641,89.0625,573.95
295,0.326258,89.0625,485.48
296,0.236545,93.7500,486.61
297,0.201563,92.1875,515.34
298,0.605776,79.6875,494.33
299,0.407312,89.0625,493.03
300,0.375813,89.0625,500.05
301,0.324079,89.0625,473.35
302,0.310969,90.6250,634.74
303,0.088569,95.3125,481.71
304,0.253841,92.1875,499.88
305,0.356018,89.0625,540.41
306,0.331738,87.5000,476.57
307,0.209732,92.1875,530.09
308,0.241006,93.7500,499.70
309,0.412848,87.5000,478.52
310,0.502182,90.6250,557.08
311,0.381438,87.5000,480.72
312,0.414006,84.3750,489.55
313,0.571607,85.9375,512.91
314,0.380303,87.5000,476.45
315,0.491346,85.9375,495.26
316,0.169624,95.3125,554.02
317,0.372479,90.6250,492.71
318,0.273629,92.1875,496.82
319,0.462696,81.2500,494.71
320,0.279306,92.1875,489.42
321,0.378682,89.0625,583.82
322,0.220015,90.6250,471.94
323,0.428602,87.5000,497.30
324,0.441851,85.9375,562.04
325,0.253507,90.6250,487.72
326,0.341796,90.6250,518.65
327,0.171172,92.1875,488.25
328,0.250201,90.6250,479.28
329,0.198856,90.6250,560.64
330,0.253821,87.5000,481.42
331,0.404480,92.1875,490.57
332,0.420413,84.3750,553.07
333,0.431852,84.3750,490.41
334,0.498186,87.5000,621.54
335,0.367320,89.0625,511.14
336,0.321329,90.6250,488.73
337,0.369050,90.6250,526.70
338,0.175965,90.6250,478.33
339,0.246332,89.0625,491.11
340,0.371540,85.9375,547.88
341,0.406563,93.7500,468.65
342,0.275311,92.1875,511.67
343,0.276363,89.0625,486.54
344,0.384859,89.0625,534.09
345,0.247083,93.7500,518.91
346,0.336837,89.0625,475.43
347,0.379814,90.6250,480.96
348,0.471967,82.8125,499.38
349,0.431120,84.3750,490.65
350,0.373170,93.7500,517.88
351,0.479903,87.5000,521.81
352,0.262089,95.3125,485.39
353,0.491941,87.5000,507.14
354,0.317800,87.5000,517.35
355,0.255104,89.0625,500.28
356,0.407071,85.9375,607.27
357,0.408383,87.5000,494.39
358,0.353659,87.5000,505.06
359,0.231577,90.6250,566.41
360,0.420854,85.9375,504.99
361,0.134075,96.8750,549.99
362,0.249096,92.1875,494.36
363,0.204970,93.7500,508.00
364,0.224024,95.3125,541.52
365,0.278890,87.5000,500.74
366,0.205467,95.3125,499.53
367,0.503015,82.8125,505.25
368,0.565735,85.9375,478.57
369,0.317073,92.1875,505.32
370,0.213673,92.1875,519.69
371,0.313463,90.6250,494.84
372,0.358243,87.5000,542.01
373,0.477398,87.5000,476.27
374,0.382109,87.5000,481.74
375,0.225005,89.0625,586.36
376,0.472378,81.2500,499.01
377,0.472666,87.5000,532.31
378,0.431693,87.5000,510.28
379,0.158499,93.7500,503.41
380,0.517429,85.9375,513.78
381,0.244322,92.1875,482.86
382,0.380833,85.9375,496.81
383,0.359357,89.0625,598.28
384,0.263791,89.0625,471.61
385,0.193300,93.7500,534.31
386,0.471562,89.0625,487.15
387,0.472114,85.9375,477.36
388,0.349834,90.6250,522.46
389,0.433333,87.5000,468.72
390,0.305538,87.5000,492.53
391,0.693721,75.0000,509.91
392,0.471585,81.2500,519.91
393,0.343395,93.7500,484.41
394,0.305227,90.6250,522.69
395,0.405311,89.0625,480.31
396,0.326178,85.9375,503.32
397,0.199547,92.1875,517.38
398,0.430049,85.9375,493.50
399,0.345048,84.3750,539.07
400,0.644973,81.2500,478.96
401,0.403086,87.5000,497.55
402,0.222177,92.1875,533.30
403,0.218590,90.6250,472.58
404,0.393563,82.8125,526.58
405,0.163258,96.8750,518.94
406,0.243940,90.6250,497.79
407,0.355093,85.9375,544.33
408,0.492990,81.2500,487.99
409,0.208706,89.0625,471.71
410,0.440502,90.6250,516.34
411,0.300197,85.9375,521.31
412,0.410752,89.0625,499.94
413,0.404272,90.6250,505.39
414,0.340675,89.0625,475.30
415,0.371159,84.3750,510.29
416,0.260869,90.6250,649.36
417,0.439525,87.5000,532.87
418,0.386134,85.9375,568.27
419,0.371242,85.9375,493.09
420,0.510750,81.2500,536.17
421,0.465335,85.9375,493.78
422,0.307129,93.7500,475.94
423,0.299299,85.9375,532.04
424,0.257295,93.7500,547.93
425,0.410604,84.3750,504.16
426,0.376607,85.9375,536.08
427,0.509735,85.9375,496.14
428,0.355813,89.0625,553.92
429,0.358036,87.5000,511.49
430,0.260201,89.0625,513.41
431,0.411228,87.5000,528.89
432,0.413386,87.5000,499.94
433,0.251141,95.3125,530.46
434,0.492722,84.3750,504.56
435,0.463512,87.5000,500.03
436,0.368195,87.5000,495.58
437,0.239270,95.3125,531.06
438,0.332771,92.1875,489.95
439,0.378347,87.5000,516.95
440,0.267122,89.0625,494.73
441,0.364903,90.6250,498.41
442,0.481351,82.8125,504.81
443,0.265324,95.3125,488.70
444,0.515508,89.0625,524.26
445,0.238310,95.3125,496.92
446,0.431809,85.9375,494.98
447,0.501594,85.9375,527.20
448,0.465180,90.6250,565.85
449,0.309141,92.1875,507.24
450,0.248822,90.6250,510.69
451,0.395201,87.5000,510.15
452,0.391103,89.0625,491.92
453,0.329816,92.1875,499.22
454,0.205253,92.1875,493.50
455,0.297114,92.1875,552.67
456,0.511569,81.2500,511.92
457,0.358395,84.3750,498.03
458,0.334272,93.7500,544.60
459,0.363829,90.6250,501.76
460,0.439804,84.3750,530.25
461,0.393548,92.1875,477.85
462,0.395887,89.0625,508.64
463,0.233618,89.0625,535.29
464,0.211863,90.6250,520.52
465,0.313068,87.5000,491.92
466,0.129541,95.3125,528.45
467,0.251866,90.6250,497.31
468,0.226006,90.6250,537.14
469,0.549627,89.0625,468.73
470,0.251236,90.6250,485.74
471,0.434043,84.3750,519.39
472,0.313125,90.6250,483.09
473,0.208875,93.7500,496.24
474,0.336421,90.6250,511.97
475,0.217335,93.7500,474.02
476,0.343672,85.9375,480.11
477,0.349629,87.5000,533.64
478,0.335043,90.6250,503.77
479,0.392835,87.5000,521.14
480,0.126317,93.7500,484.52
481,0.270641,92.1875,501.99
482,0.410111,90.6250,556.24
483,0.464584,84.3750,488.82
484,0.257085,90.6250,487.32
485,0.397773,82.8125,566.13
486,0.335483,90.6250,504.98
487,0.713216,73.4375,527.43
488,0.319108,89.0625,472.90
489,0.270571,89.0625,494.15
490,0.252491,89.0625,522.14
491,0.485164,90.6250,494.08
492,0.289570,87.5000,560.98
493,0.361594,84.3750,517.89
494,0.192472,92.1875,494.49
495,0.194333,93.7500,536.11
496,0.406102,90.6250,481.78
497,0.218599,95.3125,613.80
498,0.338257,90.6250,534.02
499,0.474231,85.9375,471.43
500,0.205699,92.1875,500.79
501,0.390868,84.3750,526.05
502,0.766102,79.6875,481.57
503,0.270532,89.0625,533.47
504,0.228576,90.6250,485.56
505,0.403654,85.9375,502.67
506,0.504158,79.6875,513.97
507,0.162562,93.7500,490.65
508,0.412138,87.5000,502.22
509,0.369468,85.9375,543.75
510,0.307793,93.7500,474.94
511,0.281666,95.3125,544.89
512,0.495067,84.3750,474.61
513,0.320915,84.3750,504.05
514,0.286570,89.0625,519.22
515,0.276958,87.5000,475.77
516,0.259744,93.7500,485.85
517,0.184518,95.3125,511.64
518,0.499498,84.3750,480.51
519,0.248806,95.3125,553.10
520,0.535528,82.8125,509.35
521,0.280015,92.1875,486.41
522,0.285081,90.6250,536.59
523,0.218044,90.6250,473.14
524,0.589497,84.3750,480.73
525,0.440456,85.9375,511.13
526,0.316411,85.9375,477.97
527,0.302726,90.6250,499.84
528,0.330452,85.9375,566.01
529,0.247164,93.7500,482.73
530,0.441767,92.1875,522.27
531,0.297312,89.0625,531.71
532,0.340218,87.5000,487.20
533,0.288162,85.9375,514.57
534,0.563585,81.2500,476.25
535,0.291599,85.9375,486.87
536,0.327098,89.0625,573.11
537,0.333266,89.0625,469.22
538,0.224184,92.1875,497.90
539,0.293984,92.1875,497.34
540,0.389809,84.3750,485.48
541,0.278910,92.1875,529.33
542,0.284289,93.7500,479.92
543,0.318046,92.1875,490.11
544,0.338371,89.0625,521.05
545,0.301089,92.1875,482.20
546,0.396340,95.3125,520.13
547,0.455622,85.9375,535.68
548,0.547430,81.2500,482.32
549,0.170143,92.1875,512.15
550,0.170186,96.8750,486.55
551,0.315222,89.0625,474.48
552,0.437381,84.3750,512.78
553,0.151238,93.7500,482.03
554,0.314194,87.5000,516.53
555,0.327521,90.6250,511.11
556,0.347536,90.6250,489.26
557,0.286546,89.0625,479.82
558,0.177051,95.3125,540.39
559,0.281772,85.9375,481.05
560,0.373491,90.6250,526.40
561,0.602120,79.6875,470.11
562,0.443930,85.9375,502.96
563,0.402785,85.9375,551.95
564,0.292693,90.6250,477.93
565,0.500122,82.8125,505.41
566,0.497425,84.3750,571.16
567,0.285254,89.0625,496.84
568,0.507394,87.5000,501.62
569,0.267396,87.5000,493.64
570,0.461939,82.8125,479.02
571,0.128387,92.1875,511.13
572,0.483780,84.3750,488.68
573,0.335889,90.6250,476.62
574,0.382258,85.9375,615.15
575,0.348565,87.5000,471.20
576,0.432707,85.9375,491.58
577,0.256943,89.0625,536.22
578,0.326698,89.0625,499.65
579,0.377955,87.5000,705.79
580,0.411160,87.5000,504.09
581,0.345912,87.5000,501.50
582,0.273631,90.6250,516.31
583,0.449838,82.8125,473.46
584,0.138169,96.8750,525.67
585,0.375005,84.3750,479.59
586,0.423551,84.3750,473.70
587,0.260633,90.6250,534.55
588,0.468190,87.5000,481.25
589,0.380007,87.5000,485.37
590,0.283753,92.1875,543.24
591,0.309867,89.0625,479.53
592,0.416701,84.3750,488.62
593,0.449306,82.8125,503.03
594,0.253940,92.1875,473.99
595,0.366428,89.0625,530.85
596,0.188921,92.1875,481.11
597,0.259245,93.7500,483.37
598,0.371373,85.9375,512.03
599,0.517344,87.5000,490.41
600,0.237818,93.7500,483.09
601,0.338337,89.0625,588.55
602,0.264940,89.0625,477.80
603,0.169398,96.8750,493.84
604,0.242795,92.1875,518.27
605,0.276634,92.1875,480.19
606,0.223250,90.6250,526.59
607,0.392021,89.0625,499.58
608,0.466900,82.8125,505.10
609,0.460044,82.8125,538.49
610,0.337967,85.9375,500.83
611,0.446876,85.9375,493.63
612,0.371767,90.6250,510.28
613,0.407160,93.7500,695.35
614,0.179864,92.1875,527.56
615,0.301639,90.6250,478.93
616,0.255033,90.6250,480.15
617,0.382823,87.5000,565.26
618,0.301059,90.6250,489.44
619,0.198617,95.3125,513.11
620,0.430506,90.6250,485.11
621,0.258393,93.7500,487.61
622,0.303116,90.6250,534.52
623,0.298365,92.1875,474.96
624,0.509462,89.0625,479.59
625,0.390968,93.7500,532.15
626,0.283945,90.6250,474.20
627,0.317723,90.6250,528.41
628,0.295753,92.1875,568.86
629,0.430864,89.0625,474.55
630,0.280712,92.1875,531.16
631,0.396810,89.0625,478.36
632,0.227194,92.1875,472.05
633,0.278042,85.9375,509.57
634,0.783406,70.3125,495.61
635,0.219258,87.5000,490.79
636,0.334758,87.5000,510.01
637,0.223946,92.1875,492.35
638,0.219595,92.1875,505.28
639,0.254650,93.7500,512.92
640,0.260666,92.1875,504.83
641,0.307501,90.6250,545.28
642,0.459808,85.9375,502.86
643,0.458270,82.8125,490.92
644,0.316193,92.1875,599.68
645,0.327766,90.6250,487.33
646,0.326961,87.5000,544.24
647,0.241882,90.6250,504.17
648,0.256183,87.5000,523.71
649,0.285346,89.0625,534.72
650,0.284190,90.6250,485.54
651,0.207427,92.1875,481.50
652,0.327081,93.7500,538.91
653,0.271239,92.1875,493.44
654,0.406023,87.5000,550.58
655,0.182108,93.7500,531.54
656,0.315681,95.3125,511.54
657,0.226358,90.6250,532.02
658,0.273450,93.7500,500.56
659,0.227922,92.1875,501.69
660,0.348611,90.6250,556.11
661,0.331745,85.9375,588.74
662,0.511859,87.5000,525.03
663,0.269571,93.7500,488.81
664,0.475301,84.3750,486.68
665,0.353973,89.0625,572.08
666,0.257645,92.1875,491.46
667,0.323471,85.9375,521.06
668,0.246326,90.6250,492.47
669,0.201262,98.4375,502.03
670,0.281998,92.1875,541.26
671,0.432256,82.8125,498.87
672,0.352597,89.0625,509.30
673,0.140812,96.8750,562.55
674,0.370219,92.1875,514.90
675,0.310145,95.3125,548.80
676,0.158151,89.0625,482.12
677,0.346473,87.5000,481.12
678,0.284423,90.6250,538.84
679,0.243390,92.1875,478.40
680,0.212461,90.6250,487.38
681,0.179497,92.1875,503.02
682,0.299807,89.0625,527.89
683,0.399080,89.0625,488.36
684,0.277614,95.3125,508.84
685,0.100145,96.8750,476.34
686,0.490446,84.3750,501.41
687,0.406466,87.5000,478.26
688,0.328087,89.0625,483.57
689,0.380588,84.3750,537.77
690,0.318580,85.9375,472.72
691,0.304394,85.9375,484.63
692,0.264536,89.0625,520.32
693,0.377350,87.5000,497.08
694,0.259658,92.1875,477.59
695,0.205578,92.1875,520.49
696,0.555067,78.1250,474.33
697,0.239716,89.0625,522.25
698,0.376026,89.0625,489.81
699,0.193679,95.3125,507.71
700,0.488461,79.6875,534.60
701,0.296812,87.5000,482.77
702,0.426031,89.0625,490.12
703,0.352185,85.9375,530.44
704,0.440865,85.9375,477.49
705,0.121423,96.8750,524.69
706,0.385323,81.2500,518.02
707,0.379377,87.5000,494.61
708,0.446946,87.5000,516.26
709,0.375407,90.6250,542.62
710,0.421641,87.5000,505.72
711,0.550503,85.9375,579.84
712,0.158741,95.3125,484.75
713,0.327530,87.5000,491.03
714,0.279510,90.6250,483.90
715,0.369263,90.6250,497.82
716,0.176618,96.8750,531.97
717,0.454521,82.8125,471.29
718,0.276539,92.1875,477.58
719,0.374526,87.5000,519.02
720,0.219985,92.1875,482.72
721,0.478917,84.3750,483.96
722,0.445079,81.2500,569.00
723,0.274725,90.6250,475.30
724,0.397661,84.3750,493.56
725,0.338480,84.3750,504.17
726,0.289756,92.1875,470.45
727,0.355103,85.9375,545.57
728,0.241767,92.1875,467.41
729,0.396661,89.0625,470.41
730,0.421101,90.6250,507.29
731,0.346054,93.7500,463.87
732,0.290631,92.1875,483.31
733,0.399592,84.3750,531.43
734,0.430592,87.5000,474.01
735,0.335303,90.6250,521.55
736,0.385100,90.6250,484.26
737,0.396612,85.9375,524.19
738,0.223113,93.7500,512.31
739,0.354685,92.1875,484.94
740,0.385883,82.8125,504.35
741,0.365056,90.6250,593.03
742,0.201553,93.7500,577.10
743,0.228558,95.3125,694.93
744,0.144351,93.7500,501.06
745,0.360494,90.6250,502.07
746,0.262106,92.1875,606.35
747,0.126982,96.8750,491.73
748,0.314146,89.0625,524.21
749,0.334374,89.0625,503.75
750,0.552115,84.3750,520.30
751,0.355515,92.1875,528.19
752,0.389500,87.5000,492.72
753,0.272778,92.1875,510.71
754,0.202262,95.3125,515.75
755,0.241316,89.0625,501.55
756,0.351404,87.5000,544.55
757,0.228809,93.7500,481.28
758,0.371347,89.0625,477.68
759,0.334936,89.0625,523.26
760,0.375429,90.6250,499.57
761,0.490259,81.2500,487.24
762,0.380355,89.0625,533.01
763,0.251842,93.7500,478.60
764,0.396599,87.5000,594.18
765,0.114988,96.8750,489.22
766,0.243371,95.3125,473.91
767,0.224419,92.1875,543.31
768,0.210660,92.1875,494.78
769,0.174555,95.3125,469.42
770,0.248153,95.3125,543.85
771,0.271661,90.6250,620.50
772,0.352537,89.0625,519.79
773,0.417586,84.3750,494.88
774,0.318924,87.5000,471.77
775,0.261237,89.0625,526.63
776,0.218540,96.8750,476.03
777,0.564782,84.3750,477.64
778,0.239517,93.7500,551.68
779,0.366452,87.5000,479.16
780,0.465252,85.9375,542.20
781,0.315796,89.0625,493.95
782,0.446305,82.8125,472.81
783,0.213287,90.6250,540.39
784,0.519071,84.3750,475.31
785,0.191540,92.1875,475.55
786,0.382730,89.0625,517.60
787,0.221828,90.6250,470.95
788,0.334131,89.0625,478.08
789,0.221754,93.7500,515.14
790,0.346021,89.0625,483.57
791,0.242564,90.6250,555.80
792,0.350612,90.6250,490.55
793,0.254921,89.0625,477.89
794,0.313067,85.9375,528.18
795,0.370079,85.9375,516.02
796,0.214424,92.1875,498.22
797,0.396319,85.9375,547.70
798,0.292044,89.0625,496.22
799,0.394542,89.0625,494.75
800,0.267876,89.0625,481.05
801,0.323528,90.6250,476.18
802,0.504071,85.9375,524.15
803,0.319228,90.6250,470.71
804,0.395922,90.6250,481.71
805,0.301757,96.8750,515.36
806,0.281376,92.1875,487.16
807,0.236969,92.1875,474.78
808,0.220402,92.1875,558.64
809,0.313820,89.0625,489.54
810,0.198616,95.3125,538.50
811,0.221949,93.7500,496.52
812,0.245478,90.6250,476.38
813,0.442547,90.6250,540.50
814,0.323566,89.0625,488.70
815,0.434305,82.8125,480.17
816,0.239680,92.1875,529.90
817,0.103052,96.8750,478.11
818,0.571697,82.8125,487.40
819,0.360314,90.6250,512.06
820,0.348565,85.9375,476.01
821,0.256374,89.0625,517.92
822,0.262619,89.0625,541.83
823,0.270042,95.3125,471.82
824,0.301218,90.6250,601.07
825,0.191041,93.7500,521.97
826,0.251211,89.0625,481.25
827,0.339359,87.5000,504.28
828,0.242114,90.6250,484.17
829,0.359775,87.5000,502.75
830,0.523980,84.3750,481.67
831,0.224049,92.1875,471.05
832,0.296299,90.6250,520.77
833,0.404157,84.3750,471.13
834,0.275293,90.6250,475.01
835,0.204110,90.6250,518.85
836,0.445332,89.0625,497.37
837,0.436534,85.9375,493.92
838,0.257306,92.1875,536.44
839,0.214276,92.1875,485.48
840,0.486185,87.5000,495.73
841,0.329082,90.6250,501.11
842,0.437429,84.3750,495.57
843,0.272888,87.5000,520.89
844,0.290718,92.1875,497.76
845,0.319557,85.9375,494.76
846,0.426566,89.0625,578.98
847,0.233604,90.6250,476.67
848,0.159786,98.4375,491.32
849,0.351377,90.6250,490.97
850,0.260016,90.6250,485.45
851,0.394726,85.9375,521.10
852,0.460883,87.5000,471.95
853,0.301182,89.0625,481.25
854,0.214511,93.7500,525.05
855,0.260562,89.0625,554.40
856,0.320997,90.6250,484.58
857,0.317578,89.0625,543.04
858,0.297421,92.1875,487.22
859,0.321471,90.6250,511.87
860,0.305018,87.5000,509.20
861,0.366778,89.0625,501.10
862,0.269620,90.6250,542.76
863,0.347966,89.0625,485.13
864,0.255245,90.6250,532.30
865,0.182766,96.8750,533.68
866,0.410444,87.5000,485.62
867,0.251553,89.0625,523.79
868,0.170473,93.7500,492.70
869,0.213342,92.1875,487.46
870,0.371369,92.1875,545.26
871,0.363333,89.0625,488.07
872,0.463383,85.9375,491.93
873,0.456701,84.3750,611.58
874,0.214315,93.7500,484.78
875,0.254127,92.1875,546.14
876,0.293484,90.6250,471.66
877,0.361165,82.8125,499.77
878,0.265286,90.6250,537.80
879,0.264309,89.0625,474.57
880,0.349180,92.1875,480.30
881,0.196399,93.7500,530.45
882,0.335989,85.9375,489.61
883,0.284262,90.6250,504.17
884,0.370633,85.9375,510.60
885,0.165318,92.1875,475.49
886,0.532154,84.3750,519.42
887,0.401846,85.9375,512.68
888,0.171699,95.3125,502.97
889,0.474367,84.3750,562.84
890,0.237661,96.8750,516.29
891,0.347450,87.5000,512.33
892,0.392118,81.2500,508.16
893,0.169363,96.8750,495.33
894,0.228210,93.7500,538.76
895,0.204714,92.1875,489.44
896,0.446904,89.0625,491.08
897,0.360791,90.6250,544.64
898,0.296783,87.5000,500.85
899,0.570015,85.9375,497.11
900,0.257532,90.6250,557.13
901,0.359718,90.6250,489.94
902,0.447874,87.5000,524.38
903,0.307684,85.9375,481.93
904,0.449555,81.2500,510.33
905,0.432927,85.9375,548.50
906,0.270090,90.6250,566.42
907,0.375178,90.6250,545.84
908,0.414054,85.9375,483.83
909,0.143858,95.3125,482.82
910,0.212211,93.7500,550.26
911,0.423310,87.5000,488.37
912,0.264192,89.0625,479.30
913,0.282781,87.5000,533.15
914,0.451303,84.3750,484.85
915,0.360863,87.5000,494.43
916,0.443446,81.2500,534.54
917,0.371040,84.3750,517.59
918,0.078102,98.4375,516.99
919,0.382856,89.0625,490.52
920,0.318544,90.6250,477.48
921,0.237309,92.1875,531.81
922,0.331772,87.5000,472.16
923,0.291562,92.1875,470.56
924,0.403106,85.9375,532.09
925,0.144855,95.3125,473.71
926,0.407746,85.9375,488.96
927,0.385418,89.0625,504.35
928,0.371946,89.0625,558.12
929,0.653233,79.6875,517.80
930,0.262696,93.7500,478.03
931,0.218546,92.1875,477.33
932,0.293768,90.6250,534.79
933,0.258578,93.7500,477.80
934,0.329461,90.6250,477.56
935,0.472127,85.9375,544.33
936,0.238792,90.6250,492.85
937,0.433242,87.5000,507.81
938,0.371982,84.3750,504.07
939,0.406930,87.5000,487.75
940,0.275959,90.6250,550.00
941,0.175660,92.1875,509.42
942,0.465991,85.9375,489.34
943,0.257172,89.0625,558.04
944,0.284719,92.1875,478.42
945,0.328027,85.9375,484.29
946,0.471623,85.9375,505.00
947,0.338120,85.9375,486.52
948,0.409506,82.8125,511.81
949,0.407782,84.3750,494.90
950,0.202334,93.7500,481.95
951,0.171689,92.1875,521.69
952,0.263318,95.3125,478.94
953,0.260420,90.6250,484.15
954,0.208217,93.7500,543.55
955,0.508568,79.6875,530.22
956,0.142525,95.3125,494.18
957,0.322841,85.9375,481.37
958,0.199165,95.3125,483.32
959,0.148685,95.3125,528.75
960,0.232441,90.6250,491.44
961,0.236330,96.8750,478.90
962,0.370334,90.6250,523.32
963,0.131738,95.3125,505.16
964,0.298896,90.6250,486.14
965,0.267141,92.1875,534.64
966,0.247044,87.5000,476.89
967,0.290724,93.7500,533.68
968,0.332497,87.5000,492.40
969,0.239342,92.1875,488.88
970,0.260477,92.1875,540.42
971,0.369394,85.9375,484.36
972,0.158200,93.7500,494.41
973,0.209785,92.1875,567.90
974,0.130654,95.3125,486.79
975,0.478945,87.5000,542.70
976,0.392800,87.5000,506.53
977,0.353106,82.8125,488.97
978,0.519725,89.0625,545.82
979,0.509737,82.8125,479.93
980,0.414948,87.5000,489.94
981,0.390279,87.5000,519.23
982,0.306185,89.0625,557.60
983,0.204789,92.1875,522.85
984,0.350078,87.5000,487.06
985,0.172121,96.8750,473.95
986,0.195095,93.7500,501.89
987,0.284662,89.0625,501.68
988,0.201680,96.8750,538.25
989,0.376755,89.0625,620.64
990,0.258621,90.6250,486.73
991,0.332830,89.0625,521.52
992,0.453846,82.8125,504.05
993,0.363873,92.1875,493.17
994,0.252350,93.7500,541.37
995,0.362408,89.0625,479.48
996,0.317082,93.7500,494.79
997,0.242923,90.6250,546.24
998,0.434261,82.8125,576.04
999,0.391228,87.5000,564.71
1000,0.248140,93.7500,505.85
1001,0.277679,85.9375,488.32
1002,0.233374,89.0625,561.54
1003,0.254800,92.1875,476.80
1004,0.156773,95.3125,487.16
1005,0.467666,81.2500,510.72
1006,0.193845,89.0625,488.13
1007,0.315858,89.0625,519.93
1008,0.433159,85.9375,483.66
1009,0.267161,90.6250,519.08
1010,0.262073,90.6250,529.81
1011,0.304429,90.6250,484.10
1012,0.201850,92.1875,489.64
1013,0.282708,89.0625,558.30
1014,0.170189,92.1875,480.45
1015,0.216588,93.7500,495.90
1016,0.265075,90.6250,496.54
1017,0.480165,85.9375,484.44
1018,0.183001,93.7500,567.76
1019,0.287105,90.6250,482.34
1020,0.400226,82.8125,488.20
1021,0.178895,93.7500,582.56
1022,0.219334,92.1875,540.38
1023,0.392607,87.5000,608.32
1024,0.357465,89.0625,525.70
1025,0.422952,85.9375,495.28
1026,0.414388,84.3750,520.85
1027,0.308967,92.1875,492.16
1028,0.206349,92.1875,507.54
1029,0.416761,82.8125,513.31
1030,0.215598,96.8750,499.72
1031,0.254779,92.1875,526.57
1032,0.369296,85.9375,476.68
1033,0.570201,89.0625,482.70
1034,0.351909,87.5000,549.71
1035,0.240652,92.1875,478.44
1036,0.296369,90.6250,515.57
1037,0.202783,93.7500,534.40
1038,0.277727,90.6250,507.55
1039,0.212573,92.1875,537.81
1040,0.358160,92.1875,501.68
1041,0.188156,93.7500,491.88
1042,0.280598,95.3125,518.99
1043,0.415426,84.3750,484.77
1044,0.468103,89.0625,484.50
1045,0.313467,92.1875,566.72
1046,0.217031,92.1875,465.37
1047,0.385690,90.6250,492.47
1048,0.292874,89.0625,494.92
1049,0.286215,90.6250,470.94
1050,0.326751,90.6250,504.18
1051,0.337714,90.6250,484.48
1052,0.416712,89.0625,482.49
1053,0.218754,95.3125,541.29
1054,0.260691,90.6250,480.64
1055,0.315056,90.6250,477.60
1056,0.470902,87.5000,538.93
1057,0.209175,95.3125,484.86
1058,0.389772,87.5000,500.80
1059,0.337934,84.3750,499.02
1060,0.287837,92.1875,480.93
1061,0.285358,89.0625,529.25
1062,0.091573,98.4375,470.04
1063,0.335091,89.0625,478.76
1064,0.488615,87.5000,641.77
1065,0.412078,89.0625,473.86
1066,0.381457,89.0625,498.31
1067,0.435753,87.5000,593.72
1068,0.330610,89.0625,482.26
1069,0.555256,87.5000,572.51
1070,0.216524,92.1875,643.13
1071,0.360227,89.0625,511.05
1072,0.233783,93.7500,494.95
1073,0.401643,89.0625,495.80
1074,0.289224,89.0625,547.10
1075,0.616961,84.3750,502.58
1076,0.344622,93.7500,482.92
1077,0.332273,90.6250,563.28
1078,0.476616,87.5000,540.45
1079,0.332153,87.5000,518.08
1080,0.250682,89.0625,500.52
1081,0.461951,92.1875,475.82
1082,0.185847,92.1875,548.78
1083,0.346621,90.6250,608.66
1084,0.369700,78.1250,495.86
1085,0.397006,82.8125,508.04
1086,0.201776,92.1875,467.26
1087,0.190721,95.3125,509.10
1088,0.300628,90.6250,496.38
1089,0.327223,92.1875,472.27
1090,0.266789,93.7500,553.69
1091,0.260449,95.3125,479.51
1092,0.418666,90.6250,500.78
1093,0.285730,89.0625,523.05
1094,0.317273,90.6250,552.38
1095,0.155224,96.8750,484.05
1096,0.488528,90.6250,510.73
1097,0.297084,90.6250,482.57
1098,0.364635,89.0625,514.97
1099,0.517178,85.9375,474.18
1100,0.503854,85.9375,475.23
1101,0.291507,90.6250,522.38
1102,0.405459,87.5000,507.83
1103,0.265502,93.7500,471.27
1104,0.246494,90.6250,529.54
1105,0.250169,92.1875,479.61
1106,0.307769,90.6250,478.02
1107,0.218920,92.1875,489.57
1108,0.150904,93.7500,488.63
1109,0.387744,84.3750,506.09
1110,0.460160,84.3750,504.37
1111,0.540097,81.2500,493.37
1112,0.377227,89.0625,547.36
1113,0.225642,87.5000,526.43
1114,0.171160,96.8750,484.04
1115,0.201204,93.7500,552.97
1116,0.193375,92.1875,481.67
1117,0.263910,95.3125,497.98
1118,0.255695,90.6250,595.94
1119,0.400810,85.9375,470.70
1120,0.315677,92.1875,535.51
1121,0.350934,89.0625,485.40
1122,0.237117,92.1875,474.91
1123,0.318757,93.7500,548.79
1124,0.292700,92.1875,476.85
1125,0.273195,92.1875,504.91
1126,0.161499,96.8750,505.34
1127,0.381326,81.2500,469.19
1128,0.265520,89.0625,514.40
1129,0.336678,87.5000,482.32
1130,0.227280,92.1875,493.95
1131,0.366788,90.6250,524.95
1132,0.270967,89.0625,484.01
1133,0.169273,96.8750,474.81
1134,0.289126,90.6250,554.57
1135,0.258210,87.5000,475.07
1136,0.139656,90.6250,533.01
1137,0.220732,90.6250,484.60
1138,0.284907,89.0625,483.68
1139,0.493416,85.9375,521.12
1140,0.221509,89.0625,496.02
1141,0.355149,87.5000,483.97
1142,0.344800,90.6250,540.53
1143,0.435351,85.9375,481.16
1144,0.111518,98.4375,477.55
1145,0.157232,93.7500,548.81
1146,0.209044,92.1875,474.60
1147,0.278874,90.6250,521.73
1148,0.150280,95.3125,477.90
1149,0.391673,85.9375,481.17
1150,0.109038,98.4375,520.30
1151,0.365383,90.6250,523.26
1152,0.267792,92.1875,613.53
1153,0.465356,84.3750,512.88
1154,0.217928,92.1875,473.54
1155,0.173402,93.7500,511.33
1156,0.318303,90.6250,500.94
1157,0.516093,84.3750,489.68
1158,0.145938,96.8750,551.80
1159,0.169272,93.7500,535.97
1160,0.328789,85.9375,504.35
1161,0.164458,95.3125,538.41
1162,0.405964,81.2500,498.87
1163,0.381637,92.1875,510.04
1164,0.180404,93.7500,499.59
1165,0.429431,85.9375,489.48
1166,0.270118,93.7500,554.65
1167,0.285070,92.1875,486.04
1168,0.283897,92.1875,500.01
1169,0.125905,93.7500,530.57
1170,0.309966,87.5000,489.03
1171,0.271369,92.1875,525.13
1172,0.542283,84.3750,520.55
1173,0.432485,90.6250,488.71
1174,0.132340,95.3125,536.82
1175,0.300553,89.0625,478.51
1176,0.443976,90.6250,488.80
1177,0.134408,96.8750,544.30
1178,0.262014,92.1875,483.23
1179,0.412341,87.5000,530.63
1180,0.388207,90.6250,489.00
1181,0.274815,90.6250,478.36
1182,0.200433,93.7500,530.18
1183,0.361433,82.8125,485.13
1184,0.260901,90.6250,483.50
1185,0.270244,95.3125,534.03
1186,0.139733,95.3125,481.98
1187,0.366754,89.0625,487.79
1188,0.295340,89.0625,519.83
1189,0.488697,81.2500,480.47
1190,0.206061,93.7500,513.67
1191,0.274744,89.0625,484.74
1192,0.111162,96.8750,472.21
1193,0.206453,95.3125,505.30
1194,0.424117,87.5000,471.06
1195,0.386463,87.5000,484.56
1196,0.334539,87.5000,515.63
1197,0.433511,90.6250,474.01
1198,0.122656,95.3125,475.30
1199,0.247766,90.6250,520.40
1200,0.371156,87.5000,528.97
1201,0.409880,90.6250,515.13
1202,0.207552,92.1875,485.56
1203,0.410603,87.5000,496.74
1204,0.346410,89.0625,548.57
1205,0.378387,85.9375,494.77
1206,0.325059,85.9375,473.60
1207,0.274833,93.7500,524.86
1208,0.306062,93.7500,488.83
1209,0.267832,90.6250,515.15
1210,0.163107,95.3125,499.86
1211,0.308839,87.5000,474.51
1212,0.258670,89.0625,544.91
1213,0.387983,87.5000,484.00
1214,0.301732,85.9375,484.75
1215,0.263965,90.6250,528.17
1216,0.227849,92.1875,474.67
1217,0.278546,90.6250,468.32
1218,0.228396,92.1875,544.54
1219,0.214889,95.3125,458.51
1220,0.250178,92.1875,486.29
1221,0.144008,96.8750,487.45
1222,0.421317,89.0625,468.28
1223,0.491507,85.9375,524.89
1224,0.371367,89.0625,477.75
1225,0.111638,96.8750,481.34
1226,0.328965,89.0625,508.23
1227,0.343390,87.5000,485.98
1228,0.399071,87.5000,542.55
1229,0.301421,90.6250,519.05
1230,0.113316,96.8750,525.80
1231,0.125287,95.3125,516.04
1232,0.204910,85.9375,509.72
1233,0.393389,82.8125,474.32
1234,0.236320,90.6250,689.30
1235,0.319852,89.0625,474.40
1236,0.225883,92.1875,516.61
1237,0.463320,84.3750,547.32
1238,0.212072,90.6250,474.39
1239,0.254755,89.0625,539.65
1240,0.180994,96.8750,497.44
1241,0.214271,90.6250,501.82
1242,0.298748,90.6250,532.69
1243,0.318007,90.6250,470.80
1244,0.309143,92.1875,503.62
1245,0.255872,90.6250,540.30
1246,0.413104,85.9375,474.66
1247,0.142465,93.7500,533.18
1248,0.220276,95.3125,475.57
1249,0.362080,89.0625,467.19
1250,0.196311,93.7500,520.25
1251,0.363444,87.5000,466.64
1252,0.329807,87.5000,465.89
1253,0.343303,89.0625,562.24
1254,0.255573,95.3125,488.01
1255,0.455947,89.0625,543.46
1256,0.436663,85.9375,510.60
1257,0.340087,90.6250,470.99
1258,0.178431,93.7500,515.85
1259,0.489153,89.0625,478.17
1260,0.377224,87.5000,468.76
1261,0.359847,89.0625,522.46
1262,0.247607,90.6250,470.36
1263,0.269141,90.0000,318.49
