batch_idx,loss,accuracy,time_ms
1,0.407656,90.6250,543.11
2,0.243146,92.1875,502.18
3,0.329077,89.0625,503.19
4,0.266746,89.0625,550.14
5,0.313836,87.5000,506.09
6,0.380631,90.6250,589.67
7,0.262988,93.7500,508.05
8,0.137085,95.3125,509.77
9,0.243244,87.5000,543.72
10,0.282026,89.0625,499.77
11,0.292776,89.0625,484.11
12,0.211416,92.1875,547.69
13,0.197821,95.3125,469.51
14,0.260088,90.6250,493.01
15,0.147737,95.3125,539.92
16,0.331533,89.0625,493.93
17,0.389237,90.6250,565.81
18,0.274177,87.5000,484.14
19,0.341672,92.1875,484.40
20,0.126446,96.8750,564.08
21,0.230558,90.6250,481.22
22,0.246182,90.6250,492.49
23,0.526529,85.9375,514.07
24,0.258310,87.5000,472.66
25,0.171542,92.1875,515.03
26,0.532069,82.8125,476.23
27,0.487681,85.9375,507.14
28,0.180216,92.1875,526.30
29,0.477219,85.9375,469.73
30,0.193532,93.7500,471.57
31,0.437444,90.6250,518.91
32,0.291940,85.9375,473.74
33,0.217494,93.7500,494.55
34,0.336780,89.0625,508.75
35,0.158213,92.1875,475.49
36,0.409411,84.3750,503.32
37,0.174781,93.7500,496.85
38,0.177935,95.3125,477.35
39,0.353856,89.0625,519.00
40,0.228686,90.6250,552.64
41,0.346034,90.6250,626.13
42,0.360865,90.6250,693.53
43,0.562406,87.5000,486.51
44,0.380733,87.5000,579.73
45,0.193714,93.7500,491.55
46,0.338756,92.1875,491.38
47,0.347829,87.5000,505.27
48,0.106939,96.8750,479.91
49,0.197655,93.7500,505.66
50,0.331359,92.1875,592.98
51,0.282902,90.6250,514.35
52,0.216325,93.7500,522.07
53,0.376299,92.1875,471.79
54,0.600917,84.3750,472.22
55,0.323324,90.6250,552.06
56,0.319869,89.0625,530.13
57,0.295403,93.7500,522.96
58,0.358383,89.0625,499.21
59,0.203197,93.7500,482.47
60,0.274118,89.0625,525.07
61,0.265587,89.0625,473.19
62,0.201269,93.7500,469.11
63,0.230091,95.3125,546.21
64,0.389900,87.5000,463.39
65,0.303448,90.6250,477.77
66,0.268580,93.7500,519.44
67,0.172003,95.3125,478.95
68,0.403131,85.9375,526.26
69,0.408762,90.6250,490.93
70,0.307615,85.9375,476.69
71,0.313665,89.0625,581.70
72,0.302232,87.5000,487.28
73,0.380264,85.9375,490.42
74,0.156364,95.3125,563.78
75,0.219471,90.6250,558.30
76,0.357221,90.6250,533.35
77,0.187670,95.3125,492.71
78,0.499599,90.6250,480.14
79,0.240073,92.1875,528.60
80,0.266775,92.1875,480.02
81,0.475277,84.3750,494.80
82,0.172395,95.3125,553.44
83,0.125997,96.8750,477.07
84,0.355549,90.6250,500.15
85,0.213263,95.3125,507.23
86,0.241797,92.1875,479.65
87,0.268465,92.1875,535.40
88,0.439082,85.9375,475.02
89,0.201075,92.1875,478.86
90,0.417487,85.9375,516.39
91,0.257987,92.1875,484.59
92,0.169896,93.7500,472.95
93,0.569285,87.5000,546.72
94,0.285374,89.0625,491.06
95,0.419085,82.8125,559.04
96,0.176621,96.8750,488.56
97,0.354760,85.9375,518.23
98,0.058664,98.4375,578.63
99,0.219964,93.7500,491.77
100,0.275989,85.9375,487.04
101,0.210281,92.1875,527.54
102,0.379852,89.0625,486.61
103,0.200878,90.6250,497.34
104,0.420233,82.8125,478.19
105,0.404341,89.0625,470.41
106,0.282125,93.7500,539.30
107,0.235859,90.6250,488.08
108,0.255483,89.0625,511.08
109,0.222148,93.7500,519.21
110,0.235533,95.3125,472.76
111,0.310926,89.0625,488.34
112,0.431439,87.5000,525.75
113,0.423208,87.5000,478.51
114,0.605493,82.8125,502.16
115,0.144120,95.3125,481.24
116,0.287087,92.1875,470.92
117,0.428460,82.8125,543.05
118,0.198289,92.1875,486.39
119,0.231153,89.0625,475.26
120,0.261137,90.6250,508.29
121,0.599303,81.2500,484.65
122,0.162249,95.3125,488.10
123,0.140208,92.1875,520.72
124,0.307519,90.6250,487.48
125,0.305966,87.5000,495.26
126,0.092185,96.8750,519.67
127,0.314329,89.0625,489.13
128,0.272962,89.0625,545.75
129,0.267876,90.6250,482.13
130,0.434985,90.6250,477.48
131,0.202305,93.7500,541.18
132,0.338692,89.0625,510.54
133,0.404346,87.5000,640.88
134,0.204856,90.6250,489.44
135,0.347426,87.5000,480.91
136,0.505931,81.2500,530.76
137,0.371273,92.1875,488.79
138,0.262104,93.7500,490.42
139,0.356913,89.0625,540.18
140,0.248557,90.6250,488.89
141,0.626442,84.3750,529.80
142,0.322626,87.5000,493.09
143,0.265727,89.0625,490.23
144,0.283378,87.5000,535.41
145,0.306236,87.5000,482.49
146,0.191513,92.1875,492.77
147,0.498953,84.3750,553.35
148,0.288163,92.1875,477.21
149,0.242146,92.1875,487.91
150,0.468563,82.8125,497.03
151,0.189549,93.7500,476.14
152,0.207919,90.6250,510.09
153,0.362247,92.1875,569.05
154,0.176430,92.1875,488.80
155,0.188459,93.7500,538.35
156,0.382610,87.5000,478.33
157,0.456260,85.9375,477.42
158,0.134125,96.8750,549.01
159,0.267890,89.0625,479.47
160,0.369202,89.0625,532.84
161,0.298511,85.9375,499.02
162,0.302009,92.1875,524.70
163,0.447219,87.5000,537.12
164,0.260061,92.1875,495.15
165,0.284021,89.0625,488.90
166,0.345505,87.5000,552.00
167,0.245524,90.6250,469.09
168,0.381373,87.5000,524.72
169,0.325754,89.0625,484.75
170,0.295726,89.0625,474.18
171,0.258273,90.6250,505.63
172,0.191115,95.3125,470.66
173,0.466052,81.2500,468.69
174,0.216496,90.6250,519.71
175,0.363350,89.0625,477.68
176,0.318602,84.3750,476.61
177,0.448591,87.5000,531.68
178,0.223395,93.7500,466.44
179,0.216125,93.7500,478.80
180,0.315535,89.0625,514.09
181,0.145912,96.8750,518.69
182,0.298498,89.0625,522.20
183,0.516245,82.8125,477.18
184,0.258284,95.3125,487.13
185,0.135838,96.8750,529.40
186,0.470123,87.5000,471.27
187,0.296152,89.0625,481.31
188,0.224040,95.3125,597.68
189,0.532191,89.0625,470.50
190,0.489414,85.9375,483.93
191,0.339948,90.6250,503.45
192,0.418460,89.0625,473.48
193,0.192607,95.3125,521.99
194,0.203040,92.1875,483.70
195,0.377874,84.3750,476.43
196,0.263007,93.7500,541.73
197,0.316371,90.6250,474.89
198,0.417907,89.0625,474.10
199,0.311278,89.0625,536.82
200,0.415042,90.6250,483.34
201,0.270633,92.1875,477.65
202,0.332637,92.1875,523.23
203,0.390567,89.0625,481.44
204,0.147905,93.7500,518.21
205,0.231877,90.6250,488.04
206,0.097949,95.3125,478.48
207,0.176223,92.1875,535.85
208,0.405659,87.5000,527.20
209,0.266902,93.7500,485.12
210,0.263881,90.6250,596.59
211,0.223271,93.7500,489.50
212,0.224235,90.6250,526.80
213,0.198287,93.7500,487.18
214,0.451670,85.9375,482.84
215,0.370271,84.3750,619.11
216,0.224567,89.0625,514.47
217,0.361488,87.5000,504.75
218,0.344994,90.6250,499.07
219,0.330077,90.6250,481.30
220,0.204573,92.1875,517.11
221,0.243097,93.7500,479.93
222,0.262757,92.1875,473.54
223,0.204512,95.3125,528.56
224,0.200422,95.3125,483.15
225,0.314787,89.0625,480.95
226,0.338554,87.5000,543.88
227,0.421316,90.6250,470.51
228,0.228275,90.6250,498.64
229,0.357911,89.0625,513.83
230,0.208774,95.3125,469.36
231,0.198928,92.1875,524.04
232,0.166863,96.8750,480.48
233,0.414761,90.6250,479.17
234,0.157037,95.3125,540.98
235,0.139814,90.6250,485.92
236,0.361742,92.1875,536.03
237,0.504599,84.3750,575.59
238,0.200594,93.7500,550.26
239,0.253028,90.6250,536.21
240,0.327812,89.0625,487.98
241,0.197617,92.1875,478.97
242,0.360469,89.0625,538.72
243,0.363129,89.0625,478.03
244,0.376751,87.5000,491.47
245,0.295621,87.5000,502.92
246,0.427641,90.6250,478.88
247,0.353163,93.7500,525.99
248,0.218681,95.3125,479.72
249,0.335804,81.2500,482.14
250,0.244949,89.0625,542.27
251,0.392889,90.6250,477.62
252,0.353039,87.5000,482.92
253,0.194460,92.1875,538.28
254,0.281369,89.0625,471.65
255,0.435231,87.5000,479.79
256,0.351363,89.0625,509.08
257,0.308986,92.1875,473.96
258,0.266329,90.6250,516.90
259,0.086174,96.8750,482.10
260,0.113298,96.8750,492.17
261,0.319322,92.1875,549.21
262,0.326267,89.0625,488.86
263,0.281819,93.7500,528.91
264,0.441272,84.3750,568.27
265,0.425397,87.5000,495.02
266,0.328661,93.7500,538.24
267,0.500130,84.3750,470.09
268,0.392440,87.5000,474.51
269,0.319990,93.7500,548.02
270,0.250509,90.6250,467.87
271,0.497010,87.5000,476.28
272,0.402958,84.3750,546.99
273,0.250315,93.7500,517.17
274,0.196096,93.7500,501.95
275,0.240989,92.1875,507.43
276,0.386498,89.0625,476.57
277,0.156157,95.3125,507.28
278,0.241960,90.6250,476.50
279,0.346112,85.9375,476.97
280,0.448933,89.0625,510.73
281,0.280464,93.7500,480.05
282,0.243377,90.6250,474.89
283,0.183470,92.1875,519.60
284,0.473290,82.8125,463.42
285,0.609254,82.8125,477.15
286,0.213420,90.6250,582.29
287,0.344203,89.0625,467.84
288,0.299790,89.0625,471.96
289,0.396267,87.5000,509.14
290,0.453352,92.1875,478.04
291,0.280587,92.1875,635.41
292,0.307919,95.3125,685.72
293,0.284394,89.0625,517.04
294,0.240559,89.0625,499.33
295,0.222170,93.7500,493.78
296,0.158554,95.3125,538.68
297,0.279266,85.9375,603.82
298,0.331926,89.0625,548.18
299,0.375466,87.5000,506.80
300,0.329735,89.0625,496.22
301,0.272944,93.7500,540.62
302,0.245162,90.6250,494.14
303,0.161459,95.3125,494.71
304,0.160759,93.7500,562.43
305,0.335050,89.0625,482.37
306,0.243509,89.0625,483.68
307,0.343351,92.1875,498.71
308,0.311097,89.0625,469.95
309,0.178042,93.7500,495.57
310,0.221021,93.7500,481.28
311,0.553618,85.9375,466.14
312,0.449021,85.9375,517.65
313,0.228874,90.6250,495.86
314,0.190620,95.3125,500.03
315,0.435382,85.9375,527.51
316,0.146953,95.3125,493.22
317,0.319075,89.0625,522.47
318,0.330924,89.0625,517.27
319,0.456101,82.8125,477.61
320,0.143090,95.3125,549.53
321,0.152343,95.3125,491.99
322,0.297775,92.1875,465.48
323,0.308280,90.6250,521.61
324,0.267657,92.1875,476.08
325,0.268426,89.0625,517.18
326,0.349697,89.0625,541.50
327,0.177570,90.6250,466.78
328,0.249428,90.6250,513.12
329,0.318350,87.5000,491.29
330,0.325415,89.0625,481.11
331,0.427430,85.9375,547.35
332,0.211122,92.1875,480.57
333,0.303724,92.1875,472.05
334,0.440684,85.9375,513.38
335,0.292788,93.7500,477.16
336,0.160968,93.7500,484.14
337,0.361688,93.7500,523.11
338,0.117580,93.7500,469.20
339,0.226060,92.1875,512.13
340,0.244733,90.6250,485.46
341,0.181794,98.4375,472.09
342,0.353462,87.5000,513.49
343,0.224017,92.1875,483.87
344,0.313090,90.6250,502.01
345,0.213215,93.7500,567.11
346,0.276446,93.7500,485.88
347,0.238518,93.7500,488.25
348,0.243302,90.6250,545.50
349,0.366681,90.6250,484.96
350,0.346276,90.6250,509.19
351,0.097414,98.4375,506.69
352,0.117854,95.3125,490.82
353,0.166529,92.1875,542.64
354,0.288770,85.9375,506.58
355,0.316599,90.6250,492.56
356,0.393782,85.9375,578.10
357,0.207970,92.1875,493.82
358,0.237452,95.3125,535.19
359,0.119199,93.7500,521.04
360,0.155287,96.8750,481.31
361,0.450324,85.9375,546.55
362,0.276763,93.7500,557.53
363,0.273804,87.5000,503.34
364,0.136177,95.3125,504.44
365,0.422124,89.0625,470.65
366,0.140916,95.3125,502.70
367,0.185614,95.3125,581.71
368,0.251618,89.0625,479.55
369,0.294865,87.5000,541.53
370,0.099229,96.8750,496.37
371,0.320618,89.0625,472.72
372,0.353342,87.5000,652.99
373,0.338196,85.9375,478.09
374,0.380851,89.0625,535.34
375,0.127029,95.3125,490.55
376,0.182957,93.7500,482.00
377,0.346479,90.6250,533.67
378,0.257484,92.1875,488.20
379,0.107867,93.7500,616.01
380,0.493223,82.8125,533.39
381,0.198330,93.7500,497.74
382,0.187809,96.8750,526.30
383,0.119552,96.8750,486.02
384,0.275789,93.7500,484.39
385,0.230383,90.6250,525.65
386,0.472048,85.9375,493.47
387,0.226601,93.7500,488.28
388,0.340159,87.5000,514.91
389,0.423330,84.3750,487.01
390,0.096341,96.8750,490.03
391,0.333947,90.6250,489.05
392,0.159960,96.8750,475.15
393,0.365971,92.1875,517.90
394,0.228554,92.1875,484.25
395,0.276552,90.6250,476.67
396,0.216930,92.1875,530.30
397,0.195226,95.3125,483.32
398,0.175463,93.7500,494.10
399,0.239381,90.6250,589.57
400,0.397897,87.5000,481.79
401,0.406327,85.9375,557.31
402,0.206336,92.1875,481.83
403,0.382095,90.6250,471.77
404,0.606202,84.3750,520.97
405,0.224625,92.1875,477.33
406,0.139514,93.7500,475.82
407,0.205910,93.7500,571.89
408,0.369818,90.6250,501.41
409,0.322767,84.3750,466.95
410,0.237948,92.1875,502.35
411,0.246993,90.6250,472.52
412,0.262503,87.5000,509.33
413,0.450148,84.3750,487.24
414,0.118728,95.3125,481.27
415,0.374884,90.6250,531.74
416,0.217135,90.6250,488.26
417,0.361988,87.5000,477.52
418,0.207634,93.7500,532.33
419,0.244746,93.7500,475.32
420,0.496711,85.9375,472.93
421,0.492245,89.0625,489.76
422,0.223274,93.7500,465.19
423,0.218393,92.1875,532.58
424,0.533552,90.6250,475.14
425,0.203050,93.7500,480.03
426,0.308119,87.5000,501.38
427,0.333920,90.6250,548.36
428,0.240412,90.6250,474.10
429,0.204303,92.1875,540.88
430,0.212700,92.1875,480.65
431,0.289512,89.0625,485.41
432,0.340686,87.5000,492.31
433,0.242027,92.1875,492.23
434,0.368225,87.5000,503.48
435,0.488736,84.3750,480.88
436,0.286863,89.0625,478.98
437,0.255624,90.6250,519.53
438,0.297927,92.1875,490.48
439,0.277093,89.0625,466.74
440,0.277043,92.1875,516.06
441,0.436733,90.6250,513.12
442,0.372272,89.0625,486.15
443,0.483820,87.5000,515.35
444,0.238396,96.8750,498.88
445,0.330257,87.5000,503.76
446,0.423942,82.8125,502.48
447,0.274183,92.1875,516.59
448,0.192824,95.3125,532.31
449,0.343082,87.5000,490.24
450,0.183498,90.6250,477.95
451,0.399657,92.1875,549.13
452,0.398477,87.5000,486.62
453,0.461439,84.3750,524.62
454,0.085379,98.4375,528.39
455,0.281264,93.7500,563.62
456,0.487899,79.6875,536.04
457,0.596870,84.3750,516.30
458,0.478764,87.5000,511.94
459,0.185715,95.3125,531.01
460,0.345325,92.1875,506.22
461,0.228476,92.1875,567.63
462,0.479986,87.5000,619.13
463,0.338706,85.9375,499.94
464,0.271575,89.0625,532.91
465,0.337398,90.6250,492.40
466,0.187393,95.3125,507.31
467,0.218925,93.7500,496.13
468,0.139991,95.3125,494.10
469,0.390769,89.0625,538.38
470,0.210567,92.1875,477.44
471,0.333486,89.0625,513.42
472,0.437626,89.0625,556.74
473,0.171853,95.3125,481.28
474,0.270905,92.1875,502.17
475,0.190158,95.3125,475.44
476,0.277514,89.0625,481.60
477,0.349619,87.5000,515.46
478,0.186308,96.8750,508.74
479,0.281178,92.1875,517.15
480,0.124922,98.4375,513.49
481,0.202226,93.7500,545.27
482,0.234872,95.3125,512.33
483,0.456700,85.9375,509.82
484,0.285841,90.6250,471.26
485,0.380309,84.3750,540.46
486,0.234558,90.6250,480.15
487,0.334412,89.0625,499.45
488,0.604210,84.3750,516.51
489,0.261622,89.0625,468.64
490,0.168928,93.7500,482.39
491,0.316269,90.6250,537.61
492,0.191267,93.7500,476.68
493,0.397256,84.3750,488.08
494,0.214956,92.1875,503.63
495,0.205475,93.7500,477.48
496,0.316807,93.7500,501.29
497,0.201045,93.7500,486.98
498,0.276374,92.1875,479.76
499,0.244276,90.6250,528.63
500,0.182649,93.7500,482.30
501,0.303231,90.6250,491.63
502,0.628211,84.3750,520.56
503,0.232997,90.6250,489.56
504,0.176868,89.0625,494.20
505,0.440179,90.6250,522.12
506,0.347195,90.6250,500.87
507,0.164723,93.7500,501.06
508,0.289458,92.1875,478.67
509,0.215763,93.7500,537.72
510,0.363230,90.6250,523.52
511,0.459423,85.9375,474.52
512,0.302073,89.0625,472.93
513,0.149244,93.7500,528.97
514,0.314187,87.5000,471.94
515,0.343770,90.6250,488.78
516,0.279796,93.7500,516.56
517,0.195059,93.7500,481.07
518,0.364428,87.5000,506.35
519,0.390519,90.6250,482.20
520,0.458945,89.0625,475.61
521,0.294755,90.6250,539.05
522,0.257172,93.7500,494.12
523,0.240777,95.3125,484.03
524,0.297315,85.9375,526.35
525,0.212949,87.5000,487.90
526,0.301906,90.6250,518.55
527,0.269063,89.0625,503.94
528,0.319654,90.6250,537.28
529,0.262889,92.1875,521.03
530,0.518695,82.8125,472.47
531,0.307980,89.0625,477.72
532,0.401494,89.0625,520.77
533,0.200597,90.6250,477.40
534,0.348545,89.0625,494.08
535,0.187232,92.1875,532.88
536,0.297041,89.0625,494.69
537,0.184122,92.1875,529.64
538,0.239103,90.6250,479.23
539,0.146931,98.4375,521.55
540,0.233181,93.7500,542.96
541,0.199975,93.7500,474.43
542,0.260764,90.6250,483.02
543,0.294117,90.6250,509.66
544,0.321067,90.6250,567.19
545,0.312631,92.1875,578.61
546,0.283408,89.0625,493.51
547,0.147011,96.8750,475.84
548,0.293084,85.9375,576.68
549,0.120798,95.3125,487.16
550,0.139999,95.3125,477.37
551,0.257133,90.6250,550.92
552,0.330700,84.3750,478.03
553,0.164687,92.1875,485.20
554,0.153602,93.7500,503.99
555,0.384941,87.5000,473.44
556,0.409394,90.6250,501.47
557,0.410904,85.9375,496.27
558,0.171124,93.7500,475.15
559,0.265825,92.1875,549.52
560,0.219725,95.3125,476.65
561,0.302860,93.7500,490.27
562,0.373408,84.3750,544.73
563,0.375205,90.6250,538.72
564,0.171544,95.3125,590.43
565,0.217912,93.7500,490.31
566,0.378354,84.3750,483.87
567,0.387806,87.5000,552.43
568,0.460595,81.2500,515.06
569,0.369734,87.5000,546.73
570,0.219878,93.7500,539.96
571,0.120741,98.4375,503.39
572,0.346921,87.5000,582.45
573,0.383204,90.6250,493.33
574,0.230506,90.6250,492.88
575,0.213263,92.1875,533.83
576,0.255478,87.5000,495.65
577,0.230803,93.7500,485.74
578,0.196417,95.3125,550.27
579,0.288954,85.9375,477.10
580,0.404800,90.6250,535.92
581,0.241984,90.6250,485.38
582,0.274639,85.9375,469.30
583,0.164002,93.7500,529.55
584,0.158893,93.7500,498.97
585,0.249925,93.7500,511.16
586,0.464780,81.2500,508.77
587,0.375158,89.0625,473.46
588,0.291029,87.5000,501.42
589,0.470169,82.8125,513.33
590,0.304567,89.0625,489.35
591,0.406131,89.0625,582.82
592,0.375003,92.1875,488.44
593,0.437198,81.2500,492.90
594,0.309870,89.0625,555.07
595,0.256712,89.0625,471.41
596,0.222630,89.0625,491.37
597,0.329938,87.5000,477.88
598,0.192005,92.1875,476.46
599,0.286864,90.6250,514.07
600,0.181553,95.3125,493.58
601,0.309285,90.6250,485.79
602,0.248569,92.1875,522.51
603,0.279987,87.5000,477.42
604,0.054350,98.4375,478.94
605,0.331629,89.0625,546.13
606,0.241948,90.6250,477.46
607,0.425897,87.5000,478.03
608,0.309013,85.9375,495.42
609,0.351397,89.0625,484.60
610,0.421550,81.2500,505.53
611,0.347719,89.0625,494.97
612,0.400130,92.1875,477.14
613,0.332514,90.6250,524.93
614,0.165574,90.6250,491.97
615,0.346131,92.1875,476.54
616,0.316154,93.7500,513.32
617,0.375529,87.5000,508.68
618,0.356640,89.0625,600.64
619,0.176323,98.4375,578.24
620,0.174486,96.8750,495.74
621,0.237970,92.1875,541.25
622,0.237438,92.1875,484.47
623,0.255392,92.1875,478.22
624,0.482221,90.6250,558.64
625,0.258002,92.1875,493.27
626,0.235779,90.6250,669.78
627,0.244956,92.1875,484.77
628,0.218914,89.0625,479.01
629,0.354306,92.1875,533.00
630,0.322785,90.6250,475.94
631,0.199132,93.7500,477.66
632,0.178817,95.3125,508.14
633,0.209244,93.7500,487.35
634,0.400637,84.3750,495.70
635,0.122601,96.8750,495.41
636,0.400190,89.0625,479.35
637,0.215412,93.7500,519.16
638,0.279770,90.6250,483.00
639,0.247395,92.1875,474.51
640,0.299521,85.9375,508.05
641,0.335325,87.5000,506.10
642,0.313575,90.6250,481.67
643,0.172695,95.3125,522.16
644,0.340468,87.5000,477.40
645,0.275033,90.6250,481.33
646,0.243296,89.0625,550.98
647,0.264494,92.1875,468.74
648,0.424403,90.6250,524.93
649,0.210501,93.7500,497.31
650,0.224066,90.6250,511.38
651,0.198372,93.7500,517.67
652,0.207758,95.3125,475.01
653,0.270860,93.7500,494.54
654,0.233675,89.0625,518.31
655,0.175287,93.7500,478.13
656,0.292009,93.7500,524.67
657,0.312611,93.7500,500.63
658,0.348329,85.9375,503.84
659,0.194940,93.7500,545.98
660,0.365713,89.0625,488.76
661,0.286955,89.0625,511.25
662,0.412320,89.0625,576.60
663,0.175940,92.1875,490.76
664,0.308328,87.5000,526.05
665,0.340357,93.7500,501.25
666,0.343151,85.9375,506.36
667,0.182820,92.1875,523.10
668,0.177763,93.7500,498.98
669,0.221702,89.0625,494.19
670,0.301624,93.7500,576.99
671,0.498010,85.9375,485.68
672,0.170939,92.1875,513.67
673,0.240310,92.1875,524.34
674,0.240757,90.6250,479.19
675,0.302073,90.6250,538.14
676,0.292859,89.0625,477.97
677,0.247389,89.0625,489.95
678,0.224647,93.7500,521.62
679,0.210447,92.1875,476.47
680,0.155698,96.8750,476.53
681,0.156063,93.7500,507.88
682,0.261325,90.6250,481.86
683,0.311800,89.0625,506.50
684,0.172358,90.6250,496.05
685,0.119163,95.3125,477.33
686,0.377835,87.5000,544.36
687,0.326123,89.0625,494.10
688,0.259902,90.6250,493.43
689,0.250927,90.6250,535.86
690,0.262498,89.0625,473.63
691,0.311715,89.0625,478.31
692,0.279671,93.7500,495.15
693,0.172133,93.7500,471.48
694,0.330241,92.1875,517.48
695,0.166517,92.1875,485.29
696,0.406621,85.9375,487.62
697,0.291539,87.5000,561.58
698,0.263155,95.3125,482.72
699,0.159960,95.3125,505.95
700,0.284874,90.6250,547.08
701,0.317990,92.1875,521.25
702,0.316221,90.6250,589.45
703,0.247393,93.7500,488.11
704,0.291852,92.1875,471.25
705,0.254202,87.5000,515.75
706,0.333743,84.3750,476.76
707,0.470785,90.6250,497.54
708,0.246782,90.6250,620.16
709,0.455892,89.0625,563.57
710,0.403230,84.3750,544.97
711,0.395687,84.3750,471.74
712,0.176173,92.1875,495.24
713,0.138599,95.3125,521.24
714,0.220729,93.7500,491.22
715,0.427178,89.0625,480.58
716,0.128692,96.8750,554.24
717,0.351514,85.9375,497.84
718,0.309995,90.6250,527.01
719,0.316798,90.6250,487.29
720,0.280640,89.0625,470.66
721,0.326096,85.9375,511.82
722,0.350553,90.6250,481.04
723,0.251871,93.7500,502.86
724,0.215564,93.7500,522.97
725,0.207011,90.6250,563.77
726,0.248887,90.6250,524.89
727,0.176696,93.7500,501.58
728,0.277161,89.0625,522.21
729,0.243133,92.1875,523.69
730,0.366695,90.6250,469.43
731,0.150846,98.4375,487.62
732,0.208213,90.6250,528.01
733,0.154918,95.3125,499.30
734,0.363290,89.0625,484.00
735,0.172984,95.3125,538.00
736,0.375428,96.8750,482.02
737,0.397514,89.0625,513.56
738,0.204936,95.3125,492.59
739,0.358295,87.5000,475.08
740,0.337252,84.3750,538.65
741,0.294206,90.6250,492.97
742,0.179607,95.3125,470.01
743,0.400455,87.5000,550.68
744,0.212513,95.3125,472.53
745,0.190448,93.7500,487.26
746,0.254668,95.3125,493.32
747,0.217720,95.3125,486.56
748,0.203334,95.3125,530.79
749,0.211558,90.6250,484.26
750,0.241401,95.3125,483.24
751,0.463161,90.6250,544.26
752,0.375418,89.0625,498.01
753,0.241379,87.5000,504.95
754,0.240317,93.7500,563.00
755,0.289621,93.7500,535.91
756,0.381676,84.3750,533.61
757,0.181878,93.7500,488.28
758,0.149841,95.3125,487.44
759,0.298923,92.1875,529.46
760,0.254782,92.1875,503.68
761,0.414496,85.9375,484.57
762,0.229231,92.1875,529.95
763,0.227268,90.6250,467.29
764,0.299085,87.5000,471.65
765,0.086765,96.8750,503.34
766,0.377422,89.0625,470.43
767,0.095010,95.3125,507.12
768,0.213485,93.7500,490.08
769,0.202708,90.6250,487.95
770,0.393947,85.9375,541.25
771,0.194692,93.7500,483.71
772,0.292642,89.0625,510.88
773,0.258594,90.6250,530.34
774,0.406532,85.9375,492.80
775,0.399896,89.0625,486.04
776,0.243255,95.3125,532.00
777,0.718190,84.3750,478.82
778,0.339421,90.6250,554.63
779,0.425661,89.0625,489.79
780,0.305301,87.5000,496.48
781,0.323283,89.0625,570.23
782,0.344479,85.9375,496.72
783,0.174228,93.7500,540.84
784,0.320186,90.6250,497.85
785,0.310960,90.6250,483.01
786,0.178840,96.8750,525.86
787,0.176631,93.7500,496.64
788,0.243805,92.1875,483.92
789,0.201439,92.1875,523.11
790,0.244675,92.1875,545.37
791,0.157427,96.8750,655.08
792,0.175314,93.7500,492.45
793,0.129736,95.3125,495.71
794,0.190868,92.1875,544.62
795,0.182457,96.8750,489.24
796,0.135411,96.8750,483.51
797,0.359912,87.5000,554.11
798,0.259296,92.1875,506.27
799,0.335648,90.6250,505.95
800,0.118654,98.4375,514.86
801,0.217076,87.5000,498.76
802,0.384827,87.5000,536.61
803,0.337008,92.1875,587.60
804,0.284735,89.0625,489.36
805,0.173307,95.3125,521.82
806,0.255896,89.0625,480.07
807,0.131375,96.8750,518.08
808,0.197350,93.7500,480.49
809,0.142093,95.3125,480.07
810,0.175103,93.7500,609.66
811,0.183032,93.7500,481.61
812,0.197879,93.7500,499.04
813,0.333378,92.1875,525.35
814,0.383363,92.1875,472.38
815,0.381747,85.9375,502.60
816,0.213782,90.6250,476.44
817,0.119467,95.3125,478.41
818,0.335229,89.0625,523.45
819,0.143821,93.7500,472.78
820,0.441438,90.6250,480.00
821,0.290108,93.7500,518.49
822,0.241763,96.8750,477.04
823,0.268080,92.1875,486.67
824,0.108734,93.7500,530.22
825,0.195033,92.1875,475.57
826,0.344909,89.0625,515.64
827,0.164014,92.1875,491.94
828,0.469484,85.9375,483.62
829,0.235337,93.7500,551.47
830,0.252039,92.1875,494.96
831,0.259327,92.1875,495.84
832,0.204536,90.6250,521.92
833,0.563093,82.8125,516.94
834,0.199878,93.7500,490.23
835,0.172093,93.7500,533.16
836,0.251101,90.6250,478.24
837,0.565127,81.2500,567.16
838,0.154781,90.6250,469.78
839,0.319324,90.6250,469.78
840,0.382437,89.0625,518.38
841,0.301717,87.5000,477.03
842,0.175111,93.7500,487.25
843,0.368305,89.0625,562.83
844,0.221593,95.3125,482.94
845,0.304728,87.5000,490.73
846,0.338646,92.1875,525.72
847,0.194718,93.7500,486.74
848,0.229366,95.3125,530.04
849,0.397024,87.5000,476.86
850,0.261526,87.5000,467.03
851,0.335252,89.0625,529.44
852,0.206883,89.0625,470.99
853,0.215590,93.7500,472.09
854,0.319515,87.5000,548.19
855,0.236501,92.1875,481.22
856,0.164402,93.7500,488.70
857,0.246136,93.7500,498.68
858,0.378270,85.9375,484.33
859,0.141584,96.8750,537.00
860,0.281430,87.5000,476.93
861,0.269777,87.5000,500.94
862,0.158217,95.3125,531.78
863,0.273943,85.9375,471.06
864,0.281720,89.0625,537.55
865,0.203449,93.7500,663.30
866,0.378642,87.5000,495.37
867,0.147972,93.7500,562.85
868,0.259684,92.1875,509.61
869,0.200681,95.3125,506.70
870,0.135008,93.7500,559.45
871,0.334184,89.0625,479.49
872,0.540433,85.9375,579.00
873,0.366540,85.9375,554.91
874,0.188635,90.6250,469.81
875,0.213503,90.6250,536.27
876,0.221410,93.7500,470.32
877,0.217717,92.1875,486.09
878,0.241176,90.6250,535.70
879,0.273143,92.1875,472.92
880,0.277451,96.8750,483.84
881,0.156189,96.8750,518.18
882,0.343464,92.1875,501.75
883,0.402771,85.9375,518.08
884,0.294956,92.1875,475.69
885,0.136948,95.3125,478.40
886,0.331694,89.0625,542.06
887,0.174883,96.8750,533.58
888,0.317111,89.0625,496.06
889,0.381584,87.5000,536.54
890,0.239583,93.7500,503.41
891,0.258143,92.1875,544.57
892,0.384736,85.9375,597.93
893,0.221501,92.1875,496.84
894,0.263339,93.7500,553.84
895,0.139275,96.8750,474.37
896,0.148031,95.3125,500.11
897,0.105106,95.3125,505.96
898,0.272775,93.7500,484.31
899,0.321731,90.6250,515.30
900,0.151426,95.3125,475.18
901,0.206278,93.7500,484.02
902,0.160392,93.7500,536.97
903,0.364173,82.8125,467.87
904,0.360200,92.1875,474.70
905,0.305901,89.0625,520.27
906,0.191515,92.1875,470.14
907,0.326092,90.6250,488.27
908,0.317377,89.0625,527.40
909,0.151149,95.3125,482.29
910,0.142367,95.3125,576.10
911,0.392254,89.0625,492.36
912,0.296452,92.1875,496.56
913,0.193048,92.1875,529.68
914,0.319884,89.0625,501.43
915,0.434611,81.2500,486.98
916,0.481025,81.2500,546.79
917,0.513641,84.3750,484.26
918,0.084033,100.0000,536.26
919,0.296649,89.0625,536.55
920,0.280111,90.6250,464.52
921,0.207970,93.7500,518.67
922,0.210724,90.6250,475.69
923,0.143002,95.3125,475.98
924,0.225050,93.7500,530.48
925,0.097912,96.8750,468.94
926,0.432719,87.5000,473.32
927,0.229654,90.6250,497.58
928,0.256952,95.3125,470.02
929,0.250601,92.1875,495.61
930,0.240314,92.1875,495.88
931,0.167874,92.1875,548.00
932,0.252149,90.6250,518.74
933,0.259642,95.3125,489.47
934,0.289037,93.7500,477.84
935,0.272158,89.0625,543.00
936,0.272229,90.6250,477.90
937,0.427593,84.3750,499.67
938,0.591661,82.8125,496.18
939,0.229938,93.7500,476.04
940,0.337974,87.5000,508.53
941,0.196558,93.7500,490.60
942,0.365336,89.0625,473.97
943,0.151672,92.1875,525.94
944,0.269955,92.1875,519.34
945,0.264943,92.1875,514.43
946,0.226088,95.3125,549.80
947,0.298295,87.5000,564.00
948,0.352195,89.0625,501.58
949,0.307920,82.8125,479.84
950,0.219102,95.3125,473.91
951,0.211698,95.3125,523.47
952,0.225576,90.6250,473.15
953,0.221870,90.6250,472.34
954,0.187459,95.3125,546.20
955,0.521078,81.2500,595.41
956,0.225286,92.1875,524.20
957,0.226263,90.6250,482.37
958,0.199689,93.7500,469.82
959,0.331659,90.6250,525.86
960,0.360854,89.0625,492.36
961,0.245194,95.3125,465.24
962,0.208583,93.7500,513.84
963,0.249755,93.7500,484.56
964,0.147085,95.3125,480.89
965,0.365400,85.9375,549.44
966,0.331897,90.6250,484.85
967,0.422064,85.9375,524.31
968,0.390140,85.9375,503.29
969,0.210790,92.1875,493.39
970,0.201911,92.1875,526.48
971,0.250096,92.1875,476.51
972,0.177180,95.3125,475.30
973,0.179575,93.7500,506.58
974,0.167709,95.3125,508.44
975,0.300444,90.6250,502.11
976,0.240796,96.8750,502.36
977,0.466364,81.2500,481.61
978,0.421579,90.6250,524.45
979,0.327401,87.5000,485.50
980,0.343088,85.9375,492.30
981,0.233450,93.7500,511.23
982,0.253614,92.1875,511.55
983,0.132016,98.4375,500.47
984,0.256903,92.1875,564.60
985,0.171839,95.3125,492.81
986,0.172726,92.1875,541.59
987,0.149166,93.7500,487.90
988,0.215479,92.1875,484.59
989,0.477717,79.6875,535.59
990,0.223186,92.1875,482.34
991,0.453958,84.3750,477.87
992,0.271480,89.0625,522.48
993,0.319134,90.6250,472.01
994,0.404751,87.5000,476.30
995,0.391959,92.1875,544.59
996,0.177508,92.1875,620.15
997,0.323248,85.9375,564.55
998,0.304760,85.9375,495.69
999,0.217903,93.7500,487.10
1000,0.137399,93.7500,544.63
1001,0.466604,85.9375,531.68
1002,0.235551,93.7500,504.27
1003,0.180782,96.8750,490.21
1004,0.174448,92.1875,497.71
1005,0.316582,89.0625,526.52
1006,0.260771,90.6250,480.09
1007,0.299211,90.6250,481.30
1008,0.158991,93.7500,526.93
1009,0.423740,82.8125,485.78
1010,0.147704,96.8750,480.45
1011,0.296212,89.0625,504.98
1012,0.192583,93.7500,477.86
1013,0.098294,96.8750,506.46
1014,0.209078,95.3125,483.27
1015,0.241582,93.7500,479.91
1016,0.294258,85.9375,528.73
1017,0.302682,89.0625,470.32
1018,0.132695,96.8750,482.88
1019,0.231836,93.7500,507.64
1020,0.254228,87.5000,475.01
1021,0.336253,89.0625,470.55
1022,0.189732,93.7500,598.94
1023,0.216590,92.1875,470.36
1024,0.312330,92.1875,491.97
1025,0.553163,84.3750,495.22
1026,0.355372,90.6250,483.18
1027,0.222658,89.0625,581.22
1028,0.301127,87.5000,478.37
1029,0.341828,84.3750,529.73
1030,0.208005,93.7500,561.20
1031,0.244825,90.6250,478.96
1032,0.220956,92.1875,482.55
1033,0.453485,85.9375,508.22
1034,0.208303,93.7500,488.47
1035,0.191781,95.3125,525.75
1036,0.156780,96.8750,489.24
1037,0.256644,92.1875,686.79
1038,0.293038,89.0625,505.12
1039,0.197150,92.1875,479.60
1040,0.201482,95.3125,487.03
1041,0.207377,93.7500,493.96
1042,0.219410,92.1875,475.00
1043,0.429990,84.3750,526.79
1044,0.231598,90.6250,466.33
1045,0.273632,93.7500,469.80
1046,0.498859,85.9375,533.68
1047,0.369236,87.5000,482.80
1048,0.261516,90.6250,475.36
1049,0.277419,92.1875,548.42
1050,0.151222,96.8750,486.28
1051,0.492457,84.3750,536.89
1052,0.267715,92.1875,518.86
1053,0.268924,89.0625,481.76
1054,0.310390,90.6250,574.01
1055,0.193926,92.1875,497.74
1056,0.357237,89.0625,547.75
1057,0.191843,92.1875,524.66
1058,0.237366,95.3125,502.16
1059,0.488974,89.0625,544.16
1060,0.111452,95.3125,507.47
1061,0.390680,87.5000,484.71
1062,0.133391,96.8750,554.68
1063,0.413866,89.0625,511.02
1064,0.204415,89.0625,502.56
1065,0.295415,93.7500,530.96
1066,0.325388,92.1875,497.27
1067,0.541788,82.8125,545.17
1068,0.259501,90.6250,489.16
1069,0.274368,90.6250,484.98
1070,0.270610,90.6250,559.51
1071,0.479284,84.3750,498.34
1072,0.215719,93.7500,523.24
1073,0.332797,85.9375,531.07
1074,0.277592,87.5000,478.23
1075,0.567787,78.1250,518.01
1076,0.288248,93.7500,500.84
1077,0.287447,90.6250,500.11
1078,0.265999,89.0625,535.98
1079,0.374476,92.1875,485.42
1080,0.157423,96.8750,492.67
1081,0.364661,90.6250,546.45
1082,0.235780,96.8750,481.75
1083,0.220627,96.8750,545.32
1084,0.342608,89.0625,479.40
1085,0.239484,92.1875,476.12
1086,0.148277,98.4375,504.91
1087,0.227120,90.6250,484.31
1088,0.207118,93.7500,464.92
1089,0.285764,89.0625,516.23
1090,0.294175,93.7500,470.20
1091,0.352804,90.6250,474.24
1092,0.269484,93.7500,579.76
1093,0.207490,93.7500,473.38
1094,0.298297,92.1875,492.77
1095,0.155522,93.7500,502.77
1096,0.354470,92.1875,459.65
1097,0.305812,89.0625,539.55
1098,0.235082,93.7500,489.49
1099,0.319484,89.0625,472.12
1100,0.488394,84.3750,519.28
1101,0.367047,90.6250,482.61
1102,0.241884,89.0625,475.80
1103,0.340674,84.3750,512.78
1104,0.182633,93.7500,491.17
1105,0.140491,96.8750,488.25
1106,0.401772,84.3750,521.06
1107,0.183963,95.3125,479.84
1108,0.138567,96.8750,659.93
1109,0.298693,90.6250,492.17
1110,0.275839,89.0625,499.98
1111,0.418898,85.9375,571.77
1112,0.200647,95.3125,475.14
1113,0.204886,95.3125,494.34
1114,0.139261,92.1875,642.46
1115,0.380642,87.5000,479.84
1116,0.124533,92.1875,567.78
1117,0.178826,93.7500,493.34
1118,0.432312,90.6250,487.08
1119,0.337725,85.9375,665.80
1120,0.222864,89.0625,488.19
1121,0.350882,89.0625,542.88
1122,0.325840,85.9375,480.58
1123,0.187906,90.6250,492.21
1124,0.406392,84.3750,583.71
1125,0.157920,95.3125,487.55
1126,0.101661,95.3125,543.77
1127,0.207436,93.7500,525.40
1128,0.266619,87.5000,511.63
1129,0.342013,85.9375,533.81
1130,0.081012,98.4375,482.57
1131,0.236044,92.1875,489.72
1132,0.349823,85.9375,562.53
1133,0.128060,95.3125,490.43
1134,0.191288,92.1875,518.43
1135,0.375455,90.6250,492.95
1136,0.117152,96.8750,492.57
1137,0.135529,95.3125,602.34
1138,0.229052,92.1875,507.37
1139,0.371589,87.5000,483.96
1140,0.134801,93.7500,551.97
1141,0.359394,89.0625,487.64
1142,0.227312,92.1875,484.28
1143,0.387195,89.0625,505.81
1144,0.073726,98.4375,513.56
1145,0.300991,92.1875,547.64
1146,0.107113,98.4375,477.97
1147,0.297592,90.6250,486.26
1148,0.158522,92.1875,534.78
1149,0.394515,85.9375,490.44
1150,0.228046,93.7500,475.34
1151,0.196836,92.1875,522.31
1152,0.285619,93.7500,487.58
1153,0.416703,90.6250,525.52
1154,0.177681,92.1875,511.10
1155,0.284940,90.6250,490.76
1156,0.357239,92.1875,531.14
1157,0.340980,85.9375,490.64
1158,0.188154,93.7500,514.79
1159,0.267498,92.1875,535.24
1160,0.235136,89.0625,480.14
1161,0.267271,89.0625,501.67
1162,0.396421,87.5000,496.34
1163,0.260152,90.6250,479.94
1164,0.192907,95.3125,514.82
1165,0.495369,84.3750,519.58
1166,0.175152,92.1875,474.42
1167,0.143921,96.8750,504.50
1168,0.150886,98.4375,503.65
1169,0.270430,90.6250,481.88
1170,0.315443,89.0625,540.45
1171,0.243002,92.1875,489.68
1172,0.370422,89.0625,525.39
1173,0.441676,87.5000,497.69
1174,0.184643,93.7500,496.30
1175,0.381232,90.6250,532.45
1176,0.424615,84.3750,479.85
1177,0.161189,93.7500,510.49
1178,0.251718,87.5000,572.06
1179,0.231102,92.1875,479.33
1180,0.247983,90.6250,530.04
1181,0.248011,93.7500,505.82
1182,0.272961,89.0625,491.09
1183,0.305398,87.5000,549.76
1184,0.388707,89.0625,493.16
1185,0.343718,90.6250,505.14
1186,0.149410,93.7500,557.21
1187,0.202811,95.3125,476.39
1188,0.320395,85.9375,590.13
1189,0.475466,81.2500,476.46
1190,0.151292,92.1875,476.62
1191,0.229566,90.6250,525.82
1192,0.273475,90.6250,546.38
1193,0.273441,93.7500,487.54
1194,0.392864,85.9375,580.46
1195,0.362453,89.0625,477.18
1196,0.216043,93.7500,500.20
1197,0.386868,87.5000,512.22
1198,0.065332,98.4375,491.33
1199,0.284971,84.3750,552.94
1200,0.188403,93.7500,584.39
1201,0.348757,85.9375,528.51
1202,0.137337,96.8750,542.32
1203,0.287079,93.7500,482.04
1204,0.292049,90.6250,547.15
1205,0.266048,90.6250,501.63
1206,0.265414,89.0625,496.77
1207,0.129382,96.8750,547.06
1208,0.265497,92.1875,519.64
1209,0.149801,92.1875,501.16
1210,0.064858,100.0000,561.44
1211,0.217173,90.6250,504.67
1212,0.260806,93.7500,536.13
1213,0.371859,87.5000,492.14
1214,0.281493,90.6250,495.18
1215,0.237164,89.0625,532.41
1216,0.179290,93.7500,481.40
1217,0.149437,98.4375,491.55
1218,0.166149,95.3125,555.08
1219,0.199820,92.1875,531.08
1220,0.282791,89.0625,544.64
1221,0.217066,90.6250,501.52
1222,0.359398,87.5000,513.62
1223,0.615286,81.2500,535.13
1224,0.385332,90.6250,501.67
1225,0.130372,96.8750,492.60
1226,0.404337,87.5000,534.30
1227,0.291895,87.5000,490.51
1228,0.284944,90.6250,568.59
1229,0.250090,92.1875,492.54
1230,0.249385,92.1875,503.36
1231,0.112594,93.7500,540.55
1232,0.119441,98.4375,484.49
1233,0.380967,87.5000,526.10
1234,0.145316,93.7500,522.49
1235,0.300258,92.1875,491.53
1236,0.171312,93.7500,529.97
1237,0.354241,89.0625,497.94
1238,0.218020,95.3125,494.11
1239,0.186945,93.7500,540.92
1240,0.130321,95.3125,508.98
1241,0.165556,93.7500,514.14
1242,0.362163,90.6250,533.23
1243,0.177262,93.7500,488.14
1244,0.251000,93.7500,534.09
1245,0.080912,95.3125,481.04
1246,0.287369,85.9375,523.73
1247,0.127883,98.4375,526.25
1248,0.273347,90.6250,479.05
1249,0.287342,89.0625,484.33
1250,0.215358,93.7500,582.81
1251,0.194495,93.7500,490.84
1252,0.261633,92.1875,527.41
1253,0.230785,93.7500,489.40
1254,0.268405,96.8750,479.72
1255,0.245354,92.1875,548.35
1256,0.302215,92.1875,484.24
1257,0.355599,92.1875,472.31
1258,0.226469,90.6250,549.39
1259,0.499948,87.5000,481.90
1260,0.164098,98.4375,488.31
1261,0.283291,89.0625,530.58
1262,0.290027,90.6250,500.21
1263,0.267584,90.0000,328.14
