batch_idx,loss,accuracy,time_ms
1,0.894392,70.3125,633.65
2,0.722317,75.0000,496.57
3,0.944347,65.6250,481.76
4,0.803917,76.5625,530.46
5,1.084372,62.5000,475.42
6,0.688725,79.6875,543.45
7,0.730224,75.0000,499.55
8,0.578358,79.6875,490.62
9,1.073821,73.4375,562.33
10,0.877026,73.4375,499.99
11,0.691103,78.1250,531.21
12,0.976956,71.8750,512.17
13,0.634771,79.6875,496.89
14,0.741444,76.5625,534.03
15,0.734317,79.6875,491.72
16,0.918373,73.4375,489.03
17,0.802657,75.0000,568.31
18,1.043711,70.3125,506.34
19,1.040823,65.6250,515.77
20,0.953242,71.8750,511.28
21,0.788867,78.1250,524.50
22,0.805873,76.5625,532.02
23,1.231713,64.0625,501.48
24,0.819839,73.4375,487.20
25,0.615785,78.1250,513.65
26,1.310580,65.6250,477.29
27,0.833597,78.1250,524.82
28,0.799732,78.1250,608.03
29,0.913011,67.1875,517.36
30,0.667724,75.0000,639.50
31,1.011584,67.1875,470.27
32,1.178754,64.0625,539.68
33,0.862243,75.0000,490.52
34,0.584685,81.2500,481.97
35,0.713885,82.8125,519.60
36,0.877767,68.7500,486.72
37,0.621133,79.6875,480.68
38,0.677757,81.2500,568.02
39,1.111258,68.7500,477.81
40,0.692229,78.1250,509.89
41,0.647748,79.6875,575.04
42,0.839502,71.8750,479.86
43,0.883973,71.8750,564.30
44,0.863908,71.8750,497.57
45,0.722354,76.5625,487.67
46,0.751806,70.3125,533.98
47,0.865098,67.1875,499.23
48,0.358422,89.0625,509.57
49,0.788814,78.1250,486.26
50,0.809514,75.0000,536.44
51,0.813364,76.5625,543.02
52,0.492097,87.5000,493.35
53,0.760337,75.0000,498.31
54,1.062126,70.3125,540.15
55,0.887305,70.3125,520.09
56,0.758400,76.5625,534.37
57,1.024785,65.6250,491.33
58,0.898585,71.8750,487.21
59,0.863229,73.4375,555.34
60,0.544898,79.6875,478.06
61,0.661366,79.6875,494.56
62,0.633941,75.0000,501.76
63,0.898058,70.3125,489.28
64,0.945988,71.8750,508.09
65,0.761375,75.0000,481.54
66,0.794195,70.3125,491.54
67,0.579743,82.8125,568.87
68,0.993839,73.4375,495.72
69,0.587032,76.5625,482.50
70,0.850801,75.0000,521.49
71,0.929110,78.1250,488.70
72,0.665541,79.6875,523.37
73,0.882501,75.0000,542.51
74,0.923955,78.1250,475.81
75,1.054636,70.3125,516.00
76,0.945993,78.1250,495.83
77,0.735725,76.5625,484.32
78,0.777226,76.5625,520.62
79,0.758782,75.0000,480.93
80,0.902261,59.3750,510.76
81,0.990263,68.7500,564.04
82,0.807274,76.5625,506.42
83,0.705092,73.4375,510.78
84,0.766931,71.8750,498.33
85,0.907507,68.7500,482.42
86,0.893121,70.3125,499.16
87,0.686972,79.6875,470.12
88,0.835780,70.3125,516.81
89,0.555208,81.2500,509.68
90,0.883496,65.6250,496.25
91,0.719059,81.2500,534.62
92,0.437391,90.6250,510.00
93,0.874512,75.0000,495.44
94,0.981118,75.0000,547.88
95,0.618988,79.6875,499.52
96,0.638695,82.8125,523.80
97,0.881315,64.0625,556.58
98,0.622922,81.2500,491.76
99,1.012578,71.8750,535.94
100,0.888990,73.4375,521.23
101,0.680539,78.1250,563.65
102,0.754395,78.1250,489.15
103,0.727133,73.4375,474.01
104,1.236792,65.6250,531.14
105,0.937750,70.3125,495.81
106,0.723985,73.4375,512.39
107,0.709526,73.4375,552.22
108,0.999611,70.3125,550.01
109,0.575565,84.3750,523.68
110,0.707175,78.1250,667.45
111,0.694725,73.4375,499.54
112,0.912406,70.3125,531.91
113,0.894943,73.4375,480.75
114,0.962829,71.8750,512.54
115,0.648087,82.8125,503.29
116,1.096349,62.5000,485.24
117,0.973178,73.4375,555.80
118,0.828662,67.1875,491.95
119,0.748369,75.0000,487.22
120,0.935513,65.6250,539.15
121,0.986328,71.8750,472.57
122,0.805423,71.8750,550.04
123,0.518437,76.5625,571.29
124,0.706598,79.6875,514.96
125,0.833324,76.5625,563.04
126,0.601601,78.1250,472.69
127,0.782147,79.6875,506.51
128,0.790911,73.4375,528.92
129,0.876202,73.4375,472.44
130,1.039348,62.5000,523.44
131,0.798253,71.8750,480.78
132,0.523529,84.3750,494.49
133,0.670968,79.6875,541.61
134,0.659741,79.6875,492.41
135,0.953257,65.6250,540.31
136,0.819255,78.1250,515.54
137,0.787326,78.1250,481.00
138,0.759470,73.4375,539.16
139,0.709269,79.6875,485.00
140,0.684572,78.1250,499.54
141,1.064731,67.1875,536.95
142,0.724171,78.1250,480.83
143,0.604046,78.1250,492.84
144,1.048331,65.6250,516.90
145,0.789511,81.2500,484.17
146,0.516406,85.9375,503.13
147,0.586369,79.6875,584.67
148,1.002404,75.0000,489.68
149,0.567223,79.6875,562.18
150,0.956858,68.7500,482.80
151,0.857295,75.0000,480.24
152,0.829491,71.8750,525.20
153,0.719848,76.5625,480.20
154,0.641228,79.6875,514.59
155,0.720820,81.2500,502.86
156,1.367248,56.2500,474.25
157,0.806412,75.0000,535.98
158,0.719593,79.6875,482.07
159,0.693234,81.2500,494.62
160,0.817937,73.4375,563.98
161,0.833350,65.6250,496.67
162,0.567193,79.6875,557.03
163,0.830454,70.3125,501.83
164,0.672574,76.5625,476.69
165,0.671766,76.5625,534.50
166,0.925688,68.7500,475.56
167,0.831542,78.1250,473.74
168,0.907148,75.0000,539.43
169,0.881695,70.3125,540.58
170,0.858346,73.4375,507.52
171,0.780893,81.2500,499.82
172,0.476063,84.3750,477.75
173,0.697984,78.1250,527.35
174,0.607659,79.6875,474.50
175,0.777383,71.8750,585.57
176,0.778261,81.2500,551.47
177,0.956951,68.7500,510.10
178,0.795167,79.6875,545.05
179,0.703980,73.4375,511.04
180,0.865007,70.3125,499.48
181,0.475131,85.9375,614.49
182,0.878630,76.5625,491.70
183,0.892616,76.5625,506.82
184,0.819684,75.0000,497.86
185,0.979721,75.0000,496.53
186,0.739036,76.5625,542.66
187,0.775173,73.4375,498.12
188,0.650979,78.1250,525.93
189,0.767085,76.5625,526.41
190,0.831835,71.8750,557.03
191,0.848635,76.5625,601.67
192,1.094122,68.7500,497.27
193,0.606924,78.1250,519.16
194,0.704061,76.5625,527.16
195,0.810673,71.8750,480.63
196,0.692994,78.1250,520.44
197,0.756162,81.2500,494.22
198,0.803709,75.0000,478.07
199,0.701294,78.1250,532.36
200,0.971063,68.7500,490.15
201,0.600296,78.1250,470.85
202,0.741913,78.1250,551.61
203,1.027404,70.3125,488.81
204,0.598977,84.3750,549.00
205,0.661577,76.5625,525.52
206,0.624265,76.5625,527.61
207,0.572414,84.3750,546.34
208,0.847025,71.8750,491.67
209,0.856828,70.3125,503.64
210,0.781491,75.0000,576.61
211,0.667934,76.5625,481.80
212,0.653921,81.2500,522.46
213,0.829763,76.5625,493.42
214,0.973465,71.8750,472.89
215,0.946503,70.3125,612.03
216,0.779354,76.5625,499.64
217,0.725320,78.1250,486.58
218,0.877764,79.6875,509.91
219,0.934304,67.1875,532.81
220,0.737572,71.8750,517.90
221,0.705492,79.6875,502.56
222,0.656643,79.6875,487.79
223,0.600751,79.6875,534.11
224,0.793694,78.1250,482.44
225,0.790725,79.6875,478.17
226,0.555645,81.2500,518.76
227,0.750584,78.1250,480.40
228,0.994444,73.4375,522.31
229,0.896169,71.8750,494.84
230,0.789265,73.4375,505.06
231,0.459450,85.9375,555.37
232,0.435696,90.6250,502.29
233,0.750413,78.1250,493.39
234,0.769937,78.1250,537.63
235,0.514446,85.9375,485.14
236,1.011937,68.7500,502.41
237,0.609978,78.1250,492.83
238,0.476781,87.5000,506.60
239,0.889090,73.4375,538.20
240,0.651529,79.6875,508.70
241,0.655484,82.8125,474.69
242,0.739402,79.6875,547.47
243,0.769760,76.5625,503.70
244,0.848891,73.4375,501.62
245,0.892919,71.8750,490.56
246,0.811606,81.2500,479.38
247,0.849103,79.6875,527.70
248,0.644681,81.2500,484.27
249,0.739064,76.5625,487.62
250,0.706674,82.8125,555.41
251,0.810900,75.0000,495.98
252,0.818167,71.8750,512.87
253,0.585381,81.2500,497.38
254,0.619535,79.6875,480.53
255,0.707802,78.1250,535.14
256,0.736436,78.1250,503.52
257,0.585007,76.5625,495.18
258,0.748440,78.1250,532.02
259,0.619325,84.3750,479.68
260,0.538498,81.2500,527.05
261,0.708331,81.2500,496.89
262,0.584043,84.3750,475.34
263,0.692742,79.6875,537.07
264,0.763568,70.3125,478.49
265,0.715920,75.0000,489.31
266,0.984964,71.8750,558.11
267,0.823158,67.1875,477.68
268,0.621228,84.3750,497.94
269,0.560874,84.3750,604.99
270,0.761009,67.1875,493.64
271,0.945548,71.8750,659.25
272,0.720536,81.2500,496.36
273,0.831337,70.3125,567.78
274,0.623212,76.5625,486.25
275,0.523216,82.8125,481.49
276,0.744519,76.5625,527.25
277,0.753231,79.6875,499.08
278,0.687647,78.1250,482.22
279,0.947673,68.7500,533.80
280,0.624899,82.8125,489.51
281,0.663482,78.1250,528.68
282,0.568977,84.3750,509.25
283,0.629520,76.5625,494.49
284,0.772360,70.3125,520.06
285,1.041133,65.6250,481.47
286,0.643853,81.2500,472.62
287,0.582139,81.2500,534.36
288,0.704708,81.2500,466.33
289,0.626890,82.8125,479.63
290,0.806926,81.2500,518.50
291,0.688241,76.5625,473.93
292,1.014227,68.7500,533.95
293,0.728827,75.0000,508.58
294,0.516480,82.8125,512.85
295,0.834624,70.3125,610.88
296,0.433130,85.9375,494.32
297,0.835336,70.3125,520.47
298,0.849294,75.0000,508.68
299,0.576272,78.1250,500.21
300,0.791244,76.5625,544.85
301,0.615007,84.3750,500.15
302,0.573532,81.2500,486.62
303,0.415618,84.3750,546.11
304,0.518212,82.8125,540.49
305,0.891088,76.5625,522.05
306,0.548906,84.3750,513.79
307,0.585826,79.6875,480.64
308,0.789371,75.0000,538.99
309,0.704257,73.4375,510.00
310,0.816840,82.8125,512.13
311,0.862727,68.7500,514.56
312,0.797402,76.5625,490.61
313,0.922120,84.3750,509.77
314,0.592536,81.2500,497.02
315,1.052451,64.0625,487.00
316,0.576052,75.0000,543.20
317,0.844749,73.4375,492.26
318,0.936403,73.4375,494.83
319,0.885291,65.6250,550.85
320,0.617524,85.9375,588.90
321,0.650092,82.8125,539.29
322,0.765909,68.7500,576.35
323,0.598840,76.5625,513.34
324,0.757414,81.2500,561.13
325,0.524607,85.9375,522.52
326,0.749754,79.6875,526.64
327,0.584774,81.2500,493.59
328,0.721769,78.1250,496.43
329,0.797383,73.4375,526.22
330,0.749020,78.1250,515.62
331,0.828162,76.5625,498.22
332,0.742905,76.5625,506.04
333,0.893279,70.3125,470.74
334,0.781625,75.0000,497.98
335,0.718680,76.5625,498.64
336,0.627619,78.1250,497.32
337,0.510897,81.2500,512.42
338,0.594335,84.3750,516.05
339,0.751074,76.5625,475.64
340,0.711227,75.0000,522.49
341,0.859791,73.4375,470.15
342,0.769834,73.4375,499.45
343,0.857022,75.0000,498.49
344,0.539427,82.8125,557.23
345,0.682228,76.5625,528.65
346,0.546520,82.8125,491.91
347,0.752019,76.5625,489.50
348,0.654442,79.6875,546.71
349,0.516264,84.3750,534.75
350,0.855685,71.8750,520.81
351,0.573050,81.2500,583.49
352,0.570195,84.3750,550.73
353,0.830874,73.4375,540.18
354,0.626794,75.0000,482.00
355,0.436904,84.3750,517.39
356,0.889927,70.3125,515.37
357,0.708944,81.2500,490.40
358,0.631522,81.2500,580.94
359,0.550342,84.3750,484.36
360,0.635099,82.8125,482.07
361,0.651117,79.6875,555.67
362,0.540364,84.3750,484.64
363,0.448084,85.9375,514.18
364,0.794593,78.1250,498.11
365,0.785108,75.0000,475.12
366,0.695615,79.6875,529.38
367,0.816309,78.1250,479.63
368,0.680439,78.1250,468.66
369,0.681642,76.5625,526.74
370,0.702155,81.2500,535.07
371,0.968964,70.3125,490.20
372,0.754305,79.6875,530.18
373,0.757837,70.3125,500.83
374,0.923669,78.1250,533.02
375,0.756224,71.8750,488.61
376,0.666281,81.2500,554.95
377,0.720450,73.4375,564.52
378,0.690626,75.0000,519.67
379,0.428663,81.2500,537.99
380,0.851789,70.3125,494.39
381,0.674958,75.0000,484.15
382,0.596079,79.6875,520.67
383,0.447262,82.8125,502.77
384,0.377801,85.9375,499.71
385,0.619315,81.2500,566.58
386,0.652952,79.6875,500.15
387,0.949311,64.0625,526.30
388,0.829044,73.4375,513.25
389,0.916784,71.8750,529.27
390,0.582277,81.2500,539.53
391,1.053003,70.3125,494.26
392,0.779621,82.8125,490.75
393,0.438156,82.8125,500.64
394,0.539967,85.9375,488.27
395,0.628176,81.2500,597.27
396,0.473180,84.3750,488.68
397,0.423011,85.9375,478.31
398,0.650637,82.8125,522.54
399,0.788271,73.4375,535.56
400,0.793570,73.4375,515.45
401,0.588178,84.3750,524.61
402,0.719923,81.2500,541.93
403,0.438864,90.6250,523.66
404,0.707185,76.5625,494.80
405,0.533623,81.2500,479.18
406,0.732847,79.6875,546.79
407,0.734585,82.8125,478.65
408,0.828311,73.4375,486.15
409,0.674144,75.0000,495.62
410,0.723046,84.3750,482.23
411,0.539742,84.3750,523.93
412,0.773926,76.5625,497.34
413,0.711234,78.1250,490.18
414,0.707122,75.0000,536.14
415,0.913157,73.4375,563.24
416,0.600283,79.6875,489.68
417,0.701487,81.2500,544.36
418,0.669224,78.1250,488.63
419,0.616218,79.6875,515.27
420,0.969526,67.1875,489.16
421,0.729670,78.1250,475.19
422,0.634551,82.8125,513.89
423,0.769826,75.0000,481.98
424,0.691209,76.5625,488.81
425,0.638084,79.6875,536.04
426,0.539345,79.6875,491.73
427,0.875882,73.4375,523.45
428,0.702174,76.5625,489.82
429,0.566000,82.8125,554.62
430,0.598493,89.0625,538.96
431,0.617011,76.5625,479.92
432,0.719817,75.0000,675.93
433,0.554758,82.8125,490.74
434,0.818223,75.0000,486.10
435,0.806224,76.5625,528.29
436,0.639228,78.1250,500.33
437,0.644788,75.0000,479.85
438,0.524292,76.5625,533.23
439,0.590503,78.1250,466.84
440,0.632206,78.1250,469.74
441,0.594944,85.9375,499.69
442,0.795889,75.0000,472.31
443,0.568057,76.5625,538.10
444,1.031077,71.8750,482.44
445,0.483855,79.6875,471.63
446,0.914920,76.5625,546.39
447,0.689242,79.6875,471.09
448,0.741674,70.3125,485.47
449,0.483693,85.9375,541.29
450,0.529713,81.2500,463.58
451,0.644475,78.1250,488.49
452,0.695368,78.1250,513.12
453,0.648546,75.0000,473.97
454,0.382132,81.2500,527.36
455,0.659507,76.5625,487.25
456,0.903450,73.4375,500.23
457,0.824091,70.3125,563.95
458,0.721527,81.2500,477.59
459,0.559117,81.2500,479.54
460,0.574521,82.8125,543.04
461,0.443593,85.9375,485.90
462,0.624029,84.3750,558.68
463,0.650886,78.1250,559.30
464,0.632179,81.2500,488.71
465,0.788701,70.3125,633.51
466,0.503042,89.0625,495.23
467,0.463154,87.5000,542.31
468,0.609817,79.6875,513.75
469,0.924542,73.4375,521.35
470,0.589232,84.3750,571.36
471,0.629868,81.2500,471.32
472,0.532637,82.8125,487.77
473,0.568128,84.3750,501.82
474,0.659783,79.6875,485.32
475,0.670102,81.2500,523.62
476,0.692067,75.0000,488.75
477,0.944176,70.3125,491.08
478,0.568155,82.8125,512.50
479,0.626079,84.3750,517.79
480,0.395022,85.9375,481.25
481,0.650459,75.0000,533.54
482,0.647411,75.0000,494.77
483,0.884309,68.7500,578.30
484,0.920696,73.4375,502.97
485,0.565852,84.3750,482.23
486,0.819592,71.8750,523.86
487,0.889070,73.4375,472.77
488,0.693112,76.5625,480.50
489,0.663974,81.2500,526.72
490,0.507570,82.8125,499.33
491,0.621646,78.1250,537.32
492,0.829036,71.8750,491.29
493,0.659527,81.2500,471.44
494,0.815966,75.0000,531.81
495,0.532608,81.2500,512.67
496,0.691480,82.8125,529.53
497,0.641208,84.3750,566.47
498,0.724944,73.4375,502.07
499,0.678791,78.1250,510.08
500,0.631285,84.3750,512.34
501,0.744003,76.5625,484.14
502,1.166929,67.1875,584.37
503,0.498371,76.5625,485.05
504,0.428705,87.5000,538.50
505,1.008730,65.6250,519.78
506,0.745820,75.0000,494.82
507,0.615246,79.6875,555.89
508,0.669008,79.6875,489.25
509,0.392581,87.5000,495.34
510,0.556771,82.8125,568.90
511,0.801077,81.2500,509.75
512,0.753017,82.8125,555.29
513,0.617413,81.2500,622.18
514,0.855916,76.5625,490.15
515,0.904461,62.5000,562.49
516,0.659973,79.6875,506.10
517,0.456730,87.5000,516.71
518,0.702813,75.0000,580.90
519,0.512622,89.0625,497.40
520,0.781760,75.0000,543.67
521,0.660410,78.1250,483.31
522,0.681697,85.9375,522.39
523,0.651612,79.6875,522.03
524,0.795887,73.4375,488.32
525,0.625266,87.5000,511.25
526,0.576136,82.8125,485.24
527,0.579885,79.6875,482.22
528,0.786439,75.0000,548.76
529,0.716807,87.5000,491.27
530,0.682618,71.8750,501.40
531,0.773100,78.1250,496.45
532,0.653878,79.6875,490.07
533,0.713303,79.6875,510.13
534,0.632467,76.5625,499.19
535,0.628531,79.6875,486.12
536,0.612738,75.0000,537.27
537,0.675092,79.6875,515.97
538,0.635200,79.6875,473.66
539,0.802662,73.4375,494.82
540,0.760386,70.3125,487.90
541,0.748595,78.1250,496.56
542,0.623734,82.8125,484.56
543,0.597349,84.3750,486.60
544,0.591179,81.2500,534.30
545,0.576783,81.2500,483.55
546,0.508167,87.5000,475.03
547,0.618499,81.2500,573.75
548,0.863540,70.3125,492.33
549,0.515477,82.8125,515.72
550,0.619902,78.1250,498.28
551,0.493487,79.6875,484.57
552,0.666133,76.5625,529.02
553,0.456543,84.3750,491.47
554,0.664556,75.0000,478.08
555,0.849396,73.4375,542.06
556,0.710961,76.5625,500.70
557,0.463537,90.6250,491.78
558,0.500358,81.2500,521.11
559,0.629015,84.3750,541.97
560,0.503197,82.8125,528.05
561,0.660159,78.1250,509.92
562,0.839375,73.4375,494.88
563,0.511832,89.0625,578.75
564,0.457683,90.6250,541.78
565,0.506516,81.2500,513.88
566,0.744959,79.6875,497.58
567,0.597188,81.2500,486.92
568,0.682713,79.6875,550.84
569,0.847128,78.1250,519.66
570,0.685960,75.0000,491.68
571,0.473615,84.3750,556.72
572,0.792696,76.5625,502.17
573,0.600635,84.3750,529.27
574,0.573392,82.8125,503.13
575,0.526834,84.3750,501.89
576,0.800523,73.4375,541.80
577,0.455415,87.5000,487.01
578,0.608026,78.1250,535.44
579,0.711332,76.5625,503.77
580,0.588061,82.8125,486.35
581,0.459249,90.6250,531.97
582,0.641510,81.2500,513.70
583,0.691203,71.8750,472.33
584,0.476900,87.5000,540.73
585,0.488058,81.2500,476.03
586,0.803952,75.0000,466.30
587,0.626696,75.0000,508.47
588,0.531577,82.8125,475.82
589,0.727876,81.2500,503.90
590,0.420393,87.5000,495.45
591,0.575556,76.5625,520.28
592,0.674076,78.1250,524.86
593,0.818196,76.5625,583.18
594,0.654293,76.5625,529.99
595,0.588014,78.1250,529.11
596,0.566507,75.0000,485.76
597,0.717759,81.2500,548.84
598,0.469484,87.5000,477.10
599,0.508836,81.2500,488.58
600,0.405216,87.5000,536.01
601,0.586286,84.3750,486.63
602,0.518871,84.3750,495.66
603,0.409608,89.0625,489.42
604,0.460954,79.6875,479.95
605,0.746446,82.8125,513.47
606,0.464110,85.9375,485.81
607,0.679122,84.3750,483.79
608,0.838482,73.4375,524.48
609,0.756812,81.2500,501.76
610,0.754065,71.8750,501.95
611,0.471838,87.5000,548.11
612,0.493916,92.1875,485.48
613,0.630438,79.6875,493.83
614,0.405969,87.5000,493.02
615,0.741499,76.5625,477.21
616,0.641115,84.3750,550.13
617,0.605994,76.5625,507.59
618,0.802210,73.4375,573.14
619,0.711527,79.6875,553.81
620,0.617007,79.6875,512.02
621,0.724564,79.6875,536.53
622,0.433843,84.3750,502.59
623,0.559229,87.5000,510.03
624,0.745941,79.6875,573.38
625,0.725128,79.6875,521.24
626,0.579251,81.2500,513.22
627,0.616518,78.1250,517.01
628,0.486526,82.8125,497.47
629,0.675157,79.6875,565.08
630,0.436863,85.9375,497.91
631,0.560857,79.6875,508.59
632,0.406503,89.0625,599.02
633,0.577108,81.2500,488.48
634,0.888979,75.0000,517.68
635,0.397746,84.3750,489.43
636,0.619114,81.2500,483.18
637,0.477638,76.5625,547.28
638,0.583033,76.5625,525.72
639,0.548595,79.6875,493.00
640,0.771478,79.6875,529.26
641,0.467462,87.5000,478.07
642,0.674071,78.1250,507.81
643,0.494076,81.2500,481.45
644,0.547267,78.1250,541.80
645,0.471362,87.5000,514.21
646,0.681043,82.8125,486.73
647,0.661805,82.8125,495.41
648,0.560690,84.3750,554.03
649,0.433346,85.9375,480.60
650,0.496809,82.8125,528.66
651,0.541686,85.9375,507.40
652,0.598547,81.2500,496.60
653,0.501463,84.3750,540.37
654,0.574546,87.5000,498.40
655,0.505582,76.5625,481.76
656,0.514954,85.9375,570.11
657,0.497528,79.6875,480.75
658,0.739663,75.0000,568.07
659,0.280212,85.9375,500.48
660,0.583430,78.1250,497.15
661,0.650620,79.6875,519.46
662,0.572085,78.1250,486.93
663,0.619512,79.6875,485.68
664,0.691741,79.6875,553.00
665,0.769880,81.2500,545.17
666,0.656988,79.6875,527.57
667,0.518910,78.1250,481.03
668,0.506573,79.6875,480.46
669,0.535215,82.8125,535.35
670,0.593453,81.2500,485.96
671,0.802604,78.1250,548.27
672,0.786821,71.8750,523.68
673,0.507185,79.6875,473.68
674,0.385228,85.9375,729.02
675,0.479457,84.3750,483.99
676,0.282481,92.1875,499.25
677,0.619306,82.8125,553.54
678,0.662433,78.1250,476.23
679,0.529139,82.8125,540.12
680,0.304552,87.5000,498.50
681,0.505481,82.8125,492.46
682,0.562695,87.5000,537.55
683,0.609892,78.1250,501.70
684,0.513792,82.8125,502.53
685,0.487286,82.8125,518.26
686,0.692972,81.2500,481.65
687,0.637867,81.2500,513.61
688,0.669262,82.8125,498.52
689,0.595764,79.6875,494.58
690,0.604735,81.2500,627.26
691,0.435683,82.8125,480.82
692,0.669793,78.1250,493.03
693,0.748055,81.2500,533.72
694,0.411560,82.8125,479.94
695,0.617127,82.8125,575.39
696,0.854040,71.8750,520.79
697,0.688121,79.6875,497.35
698,0.513317,84.3750,634.80
699,0.307006,92.1875,483.46
700,0.773750,73.4375,552.66
701,0.488351,85.9375,495.78
702,0.880882,76.5625,477.45
703,0.517260,81.2500,528.85
704,0.588138,79.6875,500.08
705,0.770562,76.5625,479.71
706,0.538387,84.3750,549.73
707,0.754509,76.5625,476.83
708,0.555959,82.8125,489.30
709,0.627372,81.2500,509.90
710,0.673047,78.1250,474.37
711,0.567455,84.3750,542.64
712,0.493794,81.2500,480.55
713,0.709800,84.3750,471.38
714,0.367016,87.5000,509.53
715,0.574686,79.6875,485.47
716,0.462394,87.5000,481.05
717,0.722395,71.8750,518.85
718,0.415531,85.9375,499.14
719,0.567101,81.2500,496.31
720,0.550651,82.8125,505.54
721,0.659267,78.1250,472.71
722,0.634723,79.6875,528.04
723,0.362646,87.5000,521.62
724,0.738800,73.4375,477.36
725,0.576855,76.5625,644.50
726,0.501880,79.6875,492.03
727,0.532848,87.5000,507.25
728,0.430445,85.9375,483.38
729,0.467970,85.9375,466.20
730,0.628253,84.3750,513.30
731,0.478845,85.9375,507.85
732,0.418492,85.9375,482.60
733,0.561754,81.2500,536.34
734,0.549008,81.2500,612.16
735,0.621743,89.0625,522.39
736,0.839971,75.0000,504.45
737,0.592732,89.0625,520.29
738,0.553505,79.6875,527.67
739,0.556557,84.3750,499.28
740,0.698920,73.4375,483.70
741,0.558707,82.8125,508.94
742,0.396265,89.0625,479.82
743,0.711287,67.1875,516.10
744,0.375755,90.6250,485.34
745,0.671703,78.1250,476.74
746,0.610014,84.3750,507.37
747,0.350714,87.5000,483.85
748,0.529996,85.9375,467.34
749,0.364499,89.0625,548.61
750,0.775676,79.6875,496.03
751,0.364160,84.3750,479.29
752,0.604776,81.2500,592.89
753,0.667489,84.3750,493.09
754,0.554344,79.6875,570.89
755,0.573983,79.6875,623.98
756,0.739397,71.8750,515.08
757,0.376967,85.9375,504.91
758,0.562575,79.6875,505.59
759,0.433503,84.3750,523.65
760,0.610443,81.2500,516.11
761,0.633153,78.1250,495.53
762,0.595529,79.6875,539.81
763,0.619851,81.2500,492.29
764,0.717417,76.5625,502.19
765,0.209113,96.8750,502.25
766,0.482964,87.5000,484.26
767,0.423199,84.3750,538.38
768,0.421236,82.8125,487.65
769,0.450167,84.3750,486.23
770,0.505988,79.6875,535.51
771,0.405679,82.8125,494.56
772,0.535550,82.8125,483.17
773,0.552203,79.6875,531.10
774,0.661714,79.6875,475.67
775,0.574716,75.0000,512.36
776,0.636692,78.1250,511.56
777,0.649993,81.2500,489.44
778,0.455147,81.2500,530.81
779,0.920820,70.3125,572.56
780,0.572071,81.2500,501.37
781,0.534034,85.9375,521.60
782,0.538047,79.6875,487.64
783,0.401155,82.8125,530.50
784,0.599181,79.6875,513.54
785,0.528932,84.3750,490.68
786,0.721539,78.1250,532.04
787,0.432005,79.6875,481.17
788,0.837356,75.0000,489.48
789,0.516645,79.6875,600.83
790,0.420513,90.6250,494.17
791,0.470382,82.8125,538.60
792,0.419717,84.3750,489.00
793,0.524484,82.8125,481.63
794,0.423134,85.9375,503.13
795,0.509837,81.2500,491.11
796,0.439896,87.5000,499.35
797,0.514101,82.8125,537.04
798,0.602796,81.2500,492.89
799,0.705884,82.8125,497.75
800,0.356887,84.3750,487.18
801,1.007244,67.1875,474.48
802,0.615268,75.0000,515.49
803,0.565979,78.1250,523.14
804,0.604236,78.1250,488.46
805,0.567287,79.6875,567.45
806,0.447193,85.9375,526.67
807,0.391812,87.5000,520.25
808,0.304357,92.1875,503.60
809,0.377294,89.0625,481.78
810,0.724323,76.5625,523.26
811,0.409229,85.9375,506.03
812,0.664674,75.0000,491.90
813,0.630297,84.3750,554.43
814,0.540058,84.3750,515.69
815,0.727778,81.2500,543.97
816,0.479956,82.8125,519.89
817,0.284519,90.6250,491.17
818,0.478450,85.9375,587.91
819,0.456905,82.8125,506.80
820,0.544893,87.5000,496.69
821,0.672361,84.3750,494.11
822,0.475755,90.6250,476.32
823,0.553941,84.3750,600.86
824,0.404041,89.0625,493.70
825,0.480711,85.9375,479.57
826,0.431833,85.9375,529.70
827,0.603915,81.2500,506.03
828,0.716853,75.0000,487.37
829,0.476458,81.2500,527.01
830,0.563537,81.2500,501.22
831,0.495755,81.2500,511.04
832,0.575630,75.0000,483.29
833,0.661018,85.9375,513.32
834,0.538342,79.6875,509.29
835,0.616017,78.1250,524.98
836,0.482756,82.8125,619.83
837,0.582845,78.1250,543.88
838,0.398865,87.5000,474.73
839,0.450156,84.3750,543.56
840,0.672913,76.5625,483.51
841,0.712541,76.5625,478.45
842,0.730765,73.4375,552.28
843,0.494482,78.1250,479.92
844,0.587305,79.6875,518.47
845,0.574567,82.8125,494.02
846,0.729745,81.2500,483.33
847,0.419475,84.3750,534.72
848,0.419993,87.5000,480.05
849,0.514937,81.2500,476.10
850,0.749439,75.0000,527.98
851,0.556973,82.8125,539.93
852,0.617749,84.3750,468.95
853,0.645221,81.2500,509.52
854,0.512472,78.1250,480.50
855,0.536376,81.2500,499.34
856,0.455698,84.3750,497.25
857,0.416518,89.0625,489.84
858,0.489059,82.8125,533.23
859,0.599271,75.0000,481.54
860,0.497883,87.5000,507.24
861,0.665486,81.2500,529.78
862,0.460005,90.6250,491.95
863,0.638687,81.2500,520.40
864,0.353366,87.5000,649.19
865,0.437656,85.9375,473.25
866,0.387836,90.6250,568.46
867,0.418460,84.3750,469.36
868,0.421821,85.9375,505.07
869,0.409681,87.5000,585.61
870,0.493820,87.5000,526.36
871,0.560742,79.6875,527.43
872,0.750176,78.1250,493.47
873,0.570387,79.6875,501.53
874,0.512588,85.9375,551.03
875,0.527885,84.3750,479.42
876,0.599559,79.6875,515.87
877,0.639904,84.3750,510.25
878,0.543828,75.0000,496.17
879,0.606361,81.2500,529.19
880,0.483873,87.5000,498.76
881,0.354725,92.1875,501.47
882,0.545061,81.2500,553.91
883,0.755819,82.8125,599.21
884,0.445745,84.3750,528.56
885,0.294418,90.6250,512.77
886,0.984078,78.1250,547.46
887,0.585446,81.2500,541.63
888,0.564224,81.2500,509.90
889,0.556720,84.3750,500.45
890,0.536527,78.1250,500.08
891,0.576945,82.8125,488.75
892,0.698070,73.4375,537.57
893,0.532531,81.2500,480.69
894,0.500890,79.6875,478.33
895,0.722272,78.1250,542.45
896,0.537537,84.3750,485.77
897,0.286260,89.0625,563.49
898,0.862272,70.3125,477.61
899,0.738007,84.3750,470.03
900,0.493111,84.3750,530.64
901,0.535346,85.9375,479.37
902,0.600641,85.9375,502.67
903,0.615592,76.5625,574.76
904,0.858991,78.1250,486.71
905,0.676444,76.5625,562.61
906,0.333826,87.5000,493.34
907,0.609108,79.6875,482.77
908,0.567931,84.3750,529.20
909,0.371492,87.5000,499.61
910,0.520359,84.3750,489.93
911,0.703823,71.8750,547.77
912,0.286707,89.0625,497.98
913,0.453211,82.8125,565.12
914,0.576016,85.9375,503.35
915,0.763602,82.8125,486.62
916,0.615351,81.2500,706.32
917,0.791539,76.5625,491.86
918,0.630700,82.8125,490.00
919,0.545063,79.6875,495.72
920,0.499171,81.2500,481.53
921,0.399465,89.0625,531.62
922,0.505953,87.5000,489.05
923,0.718245,76.5625,505.91
924,0.809595,78.1250,506.54
925,0.408180,84.3750,567.99
926,0.715634,82.8125,529.35
927,0.524079,81.2500,513.26
928,0.606281,85.9375,515.83
929,0.562112,79.6875,540.12
930,0.515690,87.5000,480.81
931,0.384373,84.3750,474.02
932,0.659977,81.2500,551.79
933,0.472774,85.9375,488.45
934,0.471199,85.9375,481.14
935,0.471042,79.6875,510.14
936,0.400841,85.9375,508.15
937,0.487155,84.3750,517.37
938,0.617288,79.6875,488.56
939,0.627087,78.1250,486.23
940,0.674121,79.6875,628.38
941,0.636349,84.3750,491.75
942,0.571375,81.2500,513.18
943,0.296308,84.3750,532.30
944,0.526814,84.3750,488.59
945,0.515581,81.2500,534.89
946,0.647453,79.6875,495.35
947,0.601049,89.0625,481.29
948,0.558686,84.3750,556.97
949,0.590444,81.2500,496.85
950,0.441414,85.9375,509.86
951,0.441119,81.2500,492.48
952,0.573249,79.6875,479.16
953,0.507282,82.8125,546.43
954,0.248980,92.1875,480.63
955,0.604135,84.3750,496.37
956,0.450861,87.5000,520.17
957,0.521796,81.2500,487.48
958,0.625251,76.5625,497.96
959,0.499962,85.9375,529.99
960,0.431022,87.5000,503.00
961,0.684439,79.6875,549.85
962,0.627767,82.8125,505.77
963,0.369063,82.8125,503.99
964,0.404237,82.8125,553.11
965,0.390713,92.1875,496.36
966,0.342592,87.5000,550.99
967,0.411538,85.9375,497.18
968,0.845856,79.6875,466.79
969,0.505860,81.2500,509.52
970,0.635332,87.5000,489.82
971,0.432258,89.0625,484.87
972,0.254397,90.6250,509.71
973,0.434136,84.3750,500.13
974,0.474415,87.5000,500.84
975,0.542313,79.6875,520.31
976,0.428712,82.8125,485.47
977,0.600439,84.3750,562.68
978,0.852117,82.8125,491.81
979,0.763006,76.5625,525.59
980,0.590932,81.2500,635.44
981,0.454771,81.2500,677.53
982,0.486038,85.9375,859.93
983,0.487767,85.9375,576.10
984,0.506536,81.2500,596.51
985,0.329569,95.3125,550.81
986,0.554587,84.3750,628.41
987,0.623540,76.5625,552.82
988,0.629337,85.9375,593.32
989,0.588764,82.8125,576.12
990,0.533104,84.3750,507.46
991,0.716293,78.1250,696.34
992,0.473221,85.9375,566.28
993,0.412745,87.5000,526.28
994,0.585510,79.6875,616.92
995,0.494879,82.8125,570.36
996,0.437855,85.9375,511.88
997,0.400740,84.3750,481.21
998,0.603547,81.2500,490.24
999,0.548352,85.9375,514.00
1000,0.447842,82.8125,491.04
1001,0.521317,76.5625,567.44
1002,0.381001,92.1875,499.53
1003,0.525310,82.8125,511.45
1004,0.260663,90.6250,537.66
1005,0.670953,75.0000,514.78
1006,0.287863,92.1875,487.61
1007,0.846545,81.2500,534.71
1008,0.528609,85.9375,529.00
1009,0.920470,71.8750,560.02
1010,0.372870,90.6250,510.56
1011,0.639173,82.8125,480.84
1012,0.439626,85.9375,618.13
1013,0.472869,81.2500,542.55
1014,0.486669,85.9375,564.71
1015,0.463340,85.9375,496.04
1016,0.499516,81.2500,481.05
1017,0.521950,89.0625,553.14
1018,0.630722,76.5625,516.50
1019,0.484779,82.8125,490.28
1020,0.416336,84.3750,501.08
1021,0.478914,84.3750,490.28
1022,0.413656,81.2500,509.53
1023,0.544767,79.6875,527.53
1024,0.602145,81.2500,491.38
1025,0.619730,79.6875,515.34
1026,0.624333,78.1250,524.43
1027,0.476532,89.0625,491.18
1028,0.516933,82.8125,503.07
1029,0.435685,81.2500,495.70
1030,0.384075,85.9375,521.84
1031,0.584026,82.8125,487.71
1032,0.760378,81.2500,469.81
1033,0.716704,75.0000,528.23
1034,0.411201,87.5000,484.74
1035,0.469361,82.8125,482.50
1036,0.463316,92.1875,557.75
1037,0.556990,82.8125,480.89
1038,0.562740,82.8125,482.11
1039,0.399171,84.3750,534.40
1040,0.696461,79.6875,474.13
1041,0.373213,92.1875,530.46
1042,0.444747,84.3750,496.26
1043,0.776482,75.0000,499.40
1044,0.577612,79.6875,596.98
1045,0.504914,79.6875,572.82
1046,0.491376,84.3750,542.50
1047,0.608843,76.5625,511.07
1048,0.595123,76.5625,493.58
1049,0.486985,79.6875,536.54
1050,0.425114,84.3750,595.86
1051,0.509663,84.3750,551.10
1052,0.379327,85.9375,499.61
1053,0.628491,82.8125,477.26
1054,0.575942,78.1250,537.44
1055,0.539768,84.3750,507.13
1056,0.487154,82.8125,495.95
1057,0.336762,89.0625,551.77
1058,0.677353,84.3750,482.62
1059,0.659915,78.1250,494.56
1060,0.348375,87.5000,503.11
1061,0.501505,84.3750,480.27
1062,0.297357,93.7500,516.22
1063,0.620841,82.8125,487.23
1064,0.495587,82.8125,489.33
1065,0.438263,87.5000,511.55
1066,0.633379,78.1250,494.22
1067,0.590545,84.3750,494.03
1068,0.421195,85.9375,510.98
1069,0.615256,84.3750,496.26
1070,0.344251,90.6250,485.74
1071,0.445463,84.3750,476.67
1072,0.296321,87.5000,557.70
1073,0.909817,73.4375,532.63
1074,0.629003,79.6875,493.28
1075,0.755345,75.0000,699.87
1076,0.704042,75.0000,475.13
1077,0.615667,79.6875,481.61
1078,0.585127,82.8125,527.32
1079,0.373266,90.6250,497.62
1080,0.379883,85.9375,506.13
1081,0.657073,78.1250,523.53
1082,0.447529,87.5000,498.30
1083,0.453359,85.9375,499.87
1084,0.772208,73.4375,487.87
1085,0.653140,76.5625,509.86
1086,0.425854,90.6250,517.83
1087,0.432908,85.9375,503.93
1088,0.450549,84.3750,514.58
1089,0.522799,87.5000,535.66
1090,0.461177,89.0625,490.55
1091,0.640981,85.9375,491.57
1092,0.622777,79.6875,516.91
1093,0.476909,84.3750,502.81
1094,0.458210,89.0625,534.65
1095,0.205111,93.7500,488.78
1096,0.655459,84.3750,503.01
1097,0.753097,79.6875,514.91
1098,0.396462,89.0625,585.49
1099,0.650618,81.2500,550.10
1100,0.480786,84.3750,498.57
1101,0.581925,79.6875,482.57
1102,0.581411,81.2500,530.14
1103,0.524274,82.8125,495.10
1104,0.398718,90.6250,488.80
1105,0.627854,78.1250,562.14
1106,0.523031,82.8125,498.14
1107,0.477454,84.3750,537.38
1108,0.528431,81.2500,493.54
1109,0.483226,82.8125,525.78
1110,0.547012,79.6875,525.84
1111,0.643547,84.3750,496.78
1112,0.556659,81.2500,514.57
1113,0.250390,90.6250,560.59
1114,0.190060,96.8750,495.01
1115,0.447055,87.5000,518.90
1116,0.517083,81.2500,488.51
1117,0.390669,87.5000,489.90
1118,0.402162,82.8125,532.74
1119,0.757034,81.2500,479.22
1120,0.446795,87.5000,496.20
1121,0.402092,87.5000,531.63
1122,0.350469,84.3750,469.39
1123,0.481335,81.2500,523.46
1124,0.445499,87.5000,486.76
1125,0.431711,84.3750,523.74
1126,0.274857,90.6250,527.14
1127,0.552071,79.6875,476.79
1128,0.354704,85.9375,498.91
1129,0.453551,87.5000,529.78
1130,0.413356,87.5000,490.70
1131,0.741472,81.2500,505.59
1132,0.410852,85.9375,550.25
1133,0.360687,93.7500,485.45
1134,0.559998,76.5625,549.37
1135,0.637894,79.6875,497.13
1136,0.205100,90.6250,510.58
1137,0.591851,82.8125,538.66
1138,0.413979,84.3750,526.01
1139,0.517580,87.5000,574.07
1140,0.265458,89.0625,476.78
1141,0.430808,89.0625,476.75
1142,0.533011,82.8125,528.56
1143,0.521106,76.5625,487.70
1144,0.282533,90.6250,477.23
1145,0.346575,87.5000,585.54
1146,0.297491,92.1875,494.63
1147,0.547909,84.3750,524.13
1148,0.279434,89.0625,522.47
1149,0.447816,89.0625,495.05
1150,0.182571,96.8750,542.17
1151,0.377946,90.6250,487.76
1152,0.610331,82.8125,535.45
1153,0.525462,82.8125,577.93
1154,0.387257,82.8125,510.89
1155,0.415196,90.6250,625.64
1156,0.441375,90.6250,597.58
1157,1.038789,65.6250,481.48
1158,0.382046,84.3750,485.75
1159,0.534150,85.9375,477.79
1160,0.687294,81.2500,511.80
1161,0.348335,89.0625,479.77
1162,0.500850,84.3750,471.60
1163,0.424885,92.1875,540.72
1164,0.247148,92.1875,477.78
1165,0.724005,81.2500,482.46
1166,0.403532,81.2500,548.11
1167,0.440884,82.8125,483.19
1168,0.530689,81.2500,570.36
1169,0.369329,89.0625,500.09
1170,0.592420,82.8125,487.60
1171,0.433291,87.5000,537.41
1172,0.773954,84.3750,477.52
1173,0.356303,85.9375,511.81
1174,0.280112,92.1875,556.15
1175,0.511727,79.6875,481.75
1176,0.818258,75.0000,473.85
1177,0.301708,90.6250,495.82
1178,0.490109,81.2500,479.57
1179,0.692061,79.6875,574.94
1180,0.579154,79.6875,483.17
1181,0.576942,87.5000,464.07
1182,0.366116,92.1875,528.86
1183,0.548451,84.3750,479.49
1184,0.513212,82.8125,493.17
1185,0.572335,85.9375,515.33
1186,0.289294,92.1875,497.42
1187,0.751246,76.5625,550.69
1188,0.499291,81.2500,510.83
1189,0.794356,73.4375,527.12
1190,0.658641,81.2500,540.97
1191,0.570417,81.2500,494.27
1192,0.446710,85.9375,505.90
1193,0.330870,89.0625,506.02
1194,0.687531,76.5625,493.92
1195,0.620597,84.3750,510.68
1196,0.530767,81.2500,482.95
1197,0.614443,82.8125,498.71
1198,0.291760,93.7500,538.20
1199,0.552986,84.3750,475.66
1200,0.619393,78.1250,485.36
1201,0.540479,87.5000,539.95
1202,0.443221,84.3750,481.90
1203,0.339875,90.6250,481.05
1204,0.671236,75.0000,509.53
1205,0.371496,89.0625,476.56
1206,0.689969,75.0000,532.18
1207,0.399798,87.5000,491.92
1208,0.606028,78.1250,471.13
1209,0.418941,85.9375,530.52
1210,0.297597,92.1875,484.92
1211,0.588308,78.1250,475.78
1212,0.389859,85.9375,540.70
1213,0.608422,82.8125,482.68
1214,0.431067,85.9375,530.83
1215,0.339772,82.8125,496.41
1216,0.403812,87.5000,486.52
1217,0.456818,87.5000,527.94
1218,0.418645,82.8125,518.18
1219,0.560263,79.6875,494.63
1220,0.446581,81.2500,590.59
1221,0.488113,82.8125,492.02
1222,0.413443,87.5000,537.20
1223,0.746474,76.5625,499.11
1224,0.659206,84.3750,487.25
1225,0.451388,85.9375,539.33
1226,0.477433,84.3750,493.34
1227,0.358568,90.6250,485.84
1228,0.425819,84.3750,521.62
1229,0.674073,85.9375,503.07
1230,0.311644,87.5000,500.52
1231,0.313491,95.3125,493.64
1232,0.398304,89.0625,490.03
1233,0.670301,84.3750,558.91
1234,0.524611,90.6250,508.44
1235,0.730018,78.1250,477.85
1236,0.419164,87.5000,542.25
1237,0.615013,79.6875,658.20
1238,0.552773,85.9375,521.13
1239,0.530846,87.5000,494.65
1240,0.404849,84.3750,487.62
1241,0.350009,84.3750,534.45
1242,0.509503,85.9375,485.01
1243,0.396397,85.9375,472.09
1244,0.407839,87.5000,511.55
1245,0.301427,89.0625,530.05
1246,0.587747,81.2500,530.98
1247,0.242694,92.1875,508.19
1248,0.493491,87.5000,493.84
1249,0.462540,82.8125,543.54
1250,0.484214,87.5000,494.16
1251,0.502776,85.9375,499.07
1252,0.527384,81.2500,513.11
1253,0.628681,82.8125,487.20
1254,0.302885,90.6250,512.13
1255,0.569910,87.5000,491.71
1256,0.661243,81.2500,482.30
1257,0.581966,82.8125,540.97
1258,0.296780,89.0625,488.58
1259,0.512628,82.8125,487.78
1260,0.557652,79.6875,620.30
1261,0.316845,90.6250,494.29
1262,0.424864,85.9375,504.15
1263,0.520137,80.0000,329.26
