batch_idx,loss,accuracy,time_ms
1,3.833733,0.0000,556.72
2,3.494152,3.1250,594.46
3,3.419641,3.1250,488.47
4,3.278478,7.8125,511.58
5,3.350322,7.8125,524.93
6,3.299961,3.1250,500.50
7,3.297351,3.1250,524.37
8,3.284018,3.1250,486.23
9,3.312000,1.5625,482.99
10,3.283199,3.1250,565.81
11,3.283092,3.1250,481.67
12,3.323056,4.6875,608.74
13,3.331960,3.1250,526.56
14,3.320755,4.6875,483.02
15,3.236265,9.3750,574.83
16,3.277731,1.5625,508.45
17,3.282874,3.1250,539.66
18,3.267159,7.8125,549.49
19,3.317268,3.1250,588.37
20,3.282245,9.3750,567.22
21,3.218241,10.9375,489.40
22,3.313708,3.1250,534.79
23,3.216119,9.3750,497.82
24,3.293757,3.1250,546.96
25,3.240511,9.3750,577.10
26,3.206420,10.9375,489.45
27,3.129897,14.0625,514.45
28,3.208208,9.3750,492.62
29,3.242385,6.2500,484.68
30,3.280121,10.9375,542.27
31,3.321189,9.3750,495.18
32,3.283989,3.1250,501.91
33,3.210783,9.3750,535.04
34,3.304274,7.8125,505.56
35,3.217264,9.3750,565.23
36,3.342020,4.6875,492.20
37,3.237092,6.2500,490.81
38,3.238028,4.6875,537.46
39,3.254653,4.6875,492.98
40,3.277995,4.6875,524.43
41,3.205197,7.8125,482.12
42,3.259958,4.6875,499.16
43,3.222063,7.8125,563.16
44,3.291300,6.2500,539.29
45,3.164592,14.0625,493.66
46,3.162004,6.2500,526.11
47,3.237569,7.8125,490.91
48,3.114158,12.5000,530.12
49,3.163496,7.8125,483.21
50,3.253154,4.6875,502.68
51,3.179862,7.8125,540.58
52,3.183033,12.5000,485.41
53,3.153052,9.3750,499.69
54,3.249736,4.6875,520.57
55,3.140010,7.8125,486.15
56,3.169480,6.2500,617.59
57,3.258107,7.8125,491.36
58,3.220148,9.3750,500.47
59,3.181429,9.3750,577.06
60,3.144624,7.8125,490.33
61,3.080091,9.3750,549.16
62,2.963715,17.1875,491.06
63,3.163456,10.9375,517.71
64,3.092188,12.5000,550.35
65,3.071516,10.9375,504.91
66,3.317274,4.6875,514.98
67,3.100702,9.3750,519.95
68,3.273228,3.1250,505.21
69,3.135802,14.0625,545.27
70,3.039885,9.3750,567.34
71,3.155170,6.2500,596.90
72,3.198669,7.8125,513.97
73,3.091708,15.6250,482.68
74,3.235257,9.3750,649.52
75,3.253223,4.6875,499.03
76,3.106505,9.3750,552.62
77,3.131196,7.8125,499.21
78,3.102623,7.8125,516.21
79,3.235759,6.2500,525.43
80,3.228158,6.2500,501.64
81,3.227949,3.1250,498.36
82,3.133508,9.3750,554.77
83,3.164955,6.2500,498.24
84,3.160310,10.9375,556.91
85,3.152279,9.3750,500.31
86,3.113048,9.3750,500.90
87,3.142026,7.8125,600.66
88,3.096475,4.6875,493.87
89,2.980222,12.5000,519.75
90,3.239053,7.8125,494.95
91,3.204260,6.2500,494.32
92,3.138721,7.8125,550.71
93,3.241028,7.8125,495.26
94,3.051446,10.9375,510.23
95,3.311206,4.6875,539.13
96,3.014418,12.5000,518.01
97,3.165287,3.1250,651.56
98,3.133077,7.8125,505.57
99,3.172080,4.6875,511.00
100,3.148739,10.9375,524.93
101,3.072638,10.9375,487.29
102,3.229284,9.3750,526.39
103,3.075504,14.0625,478.37
104,3.131573,7.8125,487.69
105,3.167547,4.6875,562.05
106,3.176794,7.8125,476.41
107,3.090627,12.5000,474.12
108,3.244520,4.6875,535.73
109,3.085909,9.3750,538.07
110,2.993366,10.9375,538.43
111,3.123488,10.9375,496.81
112,3.072518,14.0625,494.76
113,3.190454,4.6875,573.47
114,3.310239,4.6875,489.89
115,3.164805,6.2500,525.82
116,3.049938,15.6250,492.42
117,3.207532,6.2500,510.59
118,3.291828,4.6875,641.28
119,3.022728,12.5000,487.80
120,3.202806,4.6875,557.55
121,3.051623,7.8125,513.56
122,3.133903,9.3750,587.20
123,3.277317,3.1250,606.31
124,3.082067,10.9375,546.15
125,3.094780,7.8125,555.04
126,3.019421,10.9375,486.00
127,3.101371,10.9375,501.09
128,3.037600,10.9375,558.06
129,3.136770,9.3750,493.03
130,3.062745,10.9375,550.85
131,3.116960,7.8125,497.86
132,3.084247,9.3750,496.32
133,3.087722,12.5000,545.79
134,3.089437,10.9375,504.41
135,3.151249,6.2500,485.08
136,3.177255,4.6875,570.44
137,3.128027,6.2500,489.78
138,3.143858,7.8125,531.23
139,3.164782,12.5000,500.45
140,3.296156,4.6875,498.44
141,3.281973,4.6875,552.10
142,3.183177,4.6875,520.11
143,3.178427,6.2500,518.37
144,3.030953,17.1875,517.63
145,3.004580,10.9375,486.13
146,3.165617,9.3750,536.68
147,2.966461,12.5000,490.80
148,3.174186,4.6875,512.51
149,3.136503,10.9375,622.71
150,3.092931,9.3750,480.61
151,3.122303,7.8125,516.62
152,3.084575,9.3750,509.15
153,3.206429,7.8125,497.60
154,3.225168,6.2500,559.18
155,3.097965,9.3750,485.60
156,3.122808,6.2500,478.93
157,3.179067,4.6875,549.72
158,3.068452,7.8125,521.16
159,3.117792,14.0625,552.89
160,2.993706,14.0625,508.48
161,3.161784,6.2500,494.27
162,3.120966,9.3750,563.75
163,3.133431,7.8125,492.79
164,3.119702,6.2500,537.43
165,3.042529,15.6250,496.05
166,3.125777,9.3750,476.25
167,3.159855,9.3750,538.53
168,3.225527,10.9375,492.51
169,3.044546,9.3750,482.04
170,3.214752,6.2500,558.54
171,3.123200,9.3750,478.41
172,3.208057,1.5625,521.48
173,3.116771,6.2500,512.99
174,3.173048,7.8125,485.49
175,3.202653,4.6875,577.78
176,2.958275,14.0625,665.88
177,3.196075,1.5625,558.62
178,3.283371,1.5625,499.62
179,3.121092,12.5000,539.96
180,3.138219,10.9375,531.71
181,3.070850,9.3750,493.86
182,3.062609,10.9375,551.83
183,3.025911,10.9375,520.70
184,3.079274,10.9375,516.04
185,3.101973,7.8125,556.48
186,3.155763,7.8125,501.48
187,3.010656,10.9375,562.44
188,3.064374,7.8125,512.78
189,3.031124,10.9375,537.06
190,3.106995,7.8125,520.59
191,3.178201,7.8125,507.26
192,3.096140,6.2500,533.52
193,2.970974,15.6250,507.61
194,3.111251,9.3750,510.70
195,3.023391,15.6250,550.62
196,3.194997,7.8125,506.89
197,3.223861,4.6875,519.23
198,2.953594,26.5625,505.03
199,2.900334,10.9375,512.05
200,3.010933,14.0625,678.46
201,3.079205,7.8125,507.69
202,3.097165,9.3750,544.98
203,3.164417,6.2500,503.42
204,2.957046,15.6250,489.10
205,3.079464,14.0625,545.95
206,2.863381,18.7500,501.79
207,2.873829,18.7500,546.35
208,3.067883,12.5000,550.94
209,2.975059,20.3125,499.36
210,3.073354,10.9375,590.16
211,3.076979,10.9375,500.45
212,3.187899,14.0625,578.37
213,2.997129,14.0625,507.33
214,2.972337,17.1875,498.85
215,2.952795,18.7500,547.39
216,3.094728,9.3750,503.68
217,3.043530,9.3750,521.85
218,3.160344,7.8125,485.17
219,2.982491,15.6250,499.18
220,3.016121,14.0625,515.39
221,3.182166,9.3750,477.42
222,3.002088,17.1875,482.99
223,3.070352,10.9375,519.20
224,3.062351,7.8125,522.27
225,2.967368,6.2500,550.23
226,2.962555,18.7500,608.79
227,2.860445,17.1875,503.35
228,3.038537,14.0625,505.34
229,3.112012,12.5000,503.05
230,3.016068,14.0625,537.51
231,3.056077,7.8125,503.00
232,2.977793,10.9375,519.66
233,2.972268,10.9375,562.92
234,3.024580,14.0625,528.33
235,2.959514,7.8125,545.84
236,3.115083,9.3750,536.33
237,2.917141,21.8750,528.97
238,3.034205,12.5000,553.57
239,3.058869,7.8125,512.50
240,3.072266,10.9375,582.31
241,3.032926,7.8125,537.49
242,2.955557,10.9375,517.31
243,3.025320,12.5000,510.45
244,2.953661,12.5000,498.21
245,2.889073,14.0625,526.65
246,3.000861,17.1875,492.05
247,3.292917,9.3750,492.70
248,2.859251,12.5000,591.85
249,2.998629,10.9375,505.79
250,3.010542,14.0625,568.03
251,3.094749,6.2500,569.71
252,3.102258,14.0625,622.45
253,2.873605,14.0625,529.91
254,2.824914,15.6250,506.39
255,2.958094,18.7500,533.07
256,3.036885,9.3750,497.09
257,2.954047,12.5000,574.38
258,3.145940,14.0625,542.91
259,2.941801,17.1875,489.98
260,2.945516,10.9375,528.51
261,3.053086,10.9375,500.50
262,2.955064,12.5000,491.07
263,3.015800,12.5000,573.44
264,2.758259,26.5625,504.88
265,2.895268,17.1875,532.33
266,2.912690,15.6250,497.73
267,3.076892,10.9375,507.98
268,2.975681,12.5000,594.93
269,2.940689,17.1875,488.45
270,3.009688,15.6250,521.90
271,2.954843,14.0625,501.83
272,3.013189,14.0625,508.68
273,3.062657,20.3125,538.44
274,2.996417,12.5000,490.86
275,2.992953,14.0625,497.17
276,2.975037,14.0625,538.14
277,2.937707,12.5000,579.45
278,3.005746,12.5000,602.28
279,2.931574,17.1875,483.42
280,2.892545,17.1875,553.76
281,3.081053,10.9375,519.56
282,2.985143,17.1875,520.49
283,2.828539,21.8750,560.56
284,2.830347,15.6250,500.28
285,3.003016,15.6250,588.12
286,2.864436,17.1875,512.73
287,2.957790,14.0625,511.47
288,2.919985,10.9375,554.90
289,3.063624,12.5000,518.30
290,2.867708,15.6250,557.24
291,2.832404,12.5000,500.20
292,3.107323,10.9375,517.04
293,2.743448,20.3125,534.17
294,2.741332,15.6250,489.05
295,2.947056,12.5000,523.14
296,2.887619,18.7500,519.24
297,2.798136,18.7500,507.81
298,2.791590,9.3750,573.78
299,2.701715,23.4375,503.57
300,2.779260,18.7500,593.26
301,2.793689,20.3125,550.10
302,2.854013,15.6250,555.88
303,2.912890,15.6250,629.00
304,2.778170,14.0625,491.31
305,2.932893,14.0625,561.78
306,2.552454,25.0000,508.15
307,2.730780,23.4375,498.67
308,2.822060,20.3125,589.14
309,2.913001,15.6250,498.87
310,3.033889,10.9375,537.18
311,2.637026,25.0000,524.83
312,2.886184,17.1875,504.65
313,2.820610,14.0625,587.48
314,2.689093,21.8750,520.53
315,2.727103,18.7500,556.08
316,2.817699,12.5000,506.56
317,2.642662,23.4375,503.64
318,2.909655,14.0625,592.54
319,2.744680,17.1875,501.05
320,2.722033,18.7500,546.93
321,2.799281,20.3125,497.64
322,2.777116,18.7500,491.78
323,2.766386,23.4375,564.20
324,2.817905,12.5000,533.01
325,2.730558,23.4375,522.63
326,2.746011,17.1875,508.67
327,2.633518,20.3125,532.80
328,2.637568,17.1875,682.63
329,2.945453,15.6250,510.23
330,2.785983,23.4375,638.48
331,2.782886,21.8750,504.93
332,2.669413,23.4375,515.67
333,2.743243,17.1875,522.39
334,2.689991,23.4375,493.41
335,2.907717,12.5000,552.38
336,2.451247,29.6875,493.08
337,2.491350,32.8125,485.54
338,2.516247,28.1250,581.44
339,2.620578,26.5625,520.15
340,2.533255,21.8750,542.63
341,2.775593,20.3125,534.91
342,2.708888,17.1875,491.70
343,2.783047,18.7500,581.20
344,2.603853,21.8750,494.24
345,2.632037,26.5625,543.26
346,2.782660,17.1875,500.47
347,2.710550,21.8750,494.84
348,2.581234,23.4375,534.34
349,2.439741,31.2500,486.50
350,2.519691,25.0000,517.29
351,2.560175,28.1250,503.68
352,2.463119,28.1250,486.88
353,2.615829,21.8750,544.77
354,2.493996,31.2500,479.29
355,2.372350,28.1250,484.53
356,2.486166,28.1250,541.91
357,2.189798,37.5000,510.23
358,2.537136,26.5625,514.83
359,2.581136,28.1250,490.11
360,2.599764,23.4375,518.83
361,2.571922,28.1250,564.15
362,2.689699,25.0000,511.61
363,2.562172,25.0000,540.49
364,2.530266,25.0000,521.07
365,2.558172,32.8125,510.39
366,2.565668,23.4375,569.07
367,2.648478,20.3125,491.77
368,2.606303,20.3125,513.95
369,2.596948,25.0000,530.29
370,2.425796,18.7500,533.99
371,2.550922,21.8750,537.96
372,2.553930,23.4375,505.40
373,2.709726,15.6250,555.20
374,2.261696,31.2500,525.54
375,2.446274,28.1250,542.94
376,2.503477,17.1875,558.17
377,2.277884,32.8125,501.23
378,2.581030,20.3125,636.44
379,2.559873,20.3125,494.87
380,2.441267,28.1250,532.62
381,2.416458,20.3125,604.82
382,2.581510,25.0000,495.65
383,2.130701,37.5000,567.08
384,2.120058,34.3750,496.29
385,2.093833,34.3750,525.99
386,2.528174,25.0000,557.74
387,2.469530,21.8750,555.86
388,2.246883,28.1250,568.68
389,2.571478,25.0000,500.15
390,2.366500,26.5625,511.03
391,2.400043,25.0000,574.77
392,2.480938,26.5625,495.47
393,2.148089,40.6250,521.34
394,2.230148,28.1250,499.61
395,2.601703,20.3125,537.67
396,2.372895,26.5625,573.26
397,2.402474,20.3125,489.21
398,2.160699,31.2500,539.75
399,2.426969,32.8125,505.86
400,2.360549,31.2500,515.05
401,2.190695,35.9375,557.78
402,2.102177,35.9375,475.67
403,2.238394,39.0625,534.41
404,2.367796,32.8125,577.65
405,2.532990,25.0000,618.72
406,2.167446,28.1250,581.94
407,2.293639,32.8125,542.73
408,1.974822,42.1875,552.65
409,2.260659,34.3750,509.26
410,2.154913,35.9375,510.63
411,2.332649,31.2500,544.19
412,2.377027,25.0000,507.16
413,2.313841,29.6875,603.67
414,2.014072,37.5000,502.02
415,2.350821,28.1250,511.06
416,2.255002,32.8125,554.71
417,2.273875,32.8125,527.25
418,2.021616,35.9375,562.59
419,2.445345,29.6875,499.57
420,2.575588,25.0000,575.39
421,2.241271,31.2500,514.09
422,2.371985,26.5625,478.62
423,2.177548,34.3750,549.46
424,2.387699,31.2500,489.64
425,2.267976,32.8125,479.62
426,2.046231,45.3125,605.65
427,2.426274,28.1250,503.99
428,2.369662,34.3750,557.05
429,2.304532,29.6875,605.17
430,2.263256,34.3750,509.46
431,2.075278,40.6250,524.02
432,2.255918,31.2500,490.26
433,2.232908,31.2500,542.88
434,2.383885,28.1250,495.28
435,2.364230,34.3750,490.91
436,2.220992,42.1875,637.48
437,2.517126,15.6250,489.35
438,2.164415,40.6250,551.34
439,2.338701,26.5625,500.89
440,2.099217,35.9375,499.81
441,2.144054,42.1875,578.48
442,2.173779,29.6875,524.11
443,2.038421,40.6250,522.47
444,2.277181,31.2500,501.94
445,2.108495,37.5000,510.09
446,2.157840,40.6250,549.07
447,2.037426,37.5000,497.64
448,2.173921,28.1250,508.55
449,2.052350,39.0625,506.57
450,1.819177,42.1875,486.72
451,1.883166,46.8750,533.61
452,2.306879,39.0625,504.47
453,2.093667,45.3125,502.04
454,1.911960,43.7500,573.90
455,2.160566,34.3750,490.52
456,2.413878,31.2500,524.49
457,1.838362,46.8750,505.11
458,2.144913,31.2500,495.71
459,2.213377,42.1875,564.82
460,2.067643,32.8125,500.33
461,1.971430,35.9375,509.46
462,1.987810,43.7500,493.95
463,2.046026,35.9375,500.53
464,2.039582,37.5000,531.12
465,2.324004,32.8125,499.92
466,2.161178,39.0625,492.15
467,2.218078,34.3750,528.87
468,1.763041,43.7500,498.99
469,2.403027,26.5625,549.40
470,1.802540,45.3125,496.67
471,2.125224,34.3750,473.99
472,1.894051,45.3125,550.87
473,1.826529,43.7500,503.73
474,2.182652,37.5000,540.26
475,1.884491,42.1875,508.87
476,2.003340,37.5000,502.95
477,2.141267,34.3750,572.66
478,1.893411,46.8750,488.76
479,2.153490,39.0625,504.50
480,1.970330,32.8125,540.49
481,2.058694,35.9375,523.35
482,1.699667,48.4375,655.28
483,2.248791,23.4375,489.28
484,2.111767,29.6875,530.78
485,2.088288,37.5000,496.23
486,2.047676,34.3750,503.70
487,2.064972,37.5000,544.04
488,1.915799,40.6250,489.23
489,1.996969,32.8125,506.80
490,1.885094,37.5000,507.40
491,1.639076,51.5625,496.08
492,1.946216,39.0625,528.42
493,1.877931,39.0625,489.69
494,2.059584,32.8125,489.39
495,1.863464,42.1875,538.84
496,1.991075,37.5000,519.48
497,1.792611,48.4375,536.21
498,1.868913,48.4375,487.14
499,2.211838,42.1875,515.64
500,2.004227,46.8750,514.19
501,1.949802,45.3125,488.09
502,1.923407,46.8750,493.83
503,1.908235,46.8750,527.48
504,1.825088,45.3125,529.80
505,1.896236,42.1875,546.35
506,1.962862,43.7500,555.95
507,1.719434,43.7500,527.40
508,2.145616,34.3750,525.74
509,1.887141,48.4375,533.76
510,1.683676,54.6875,552.90
511,2.310034,32.8125,520.62
512,2.021155,35.9375,531.71
513,1.771256,45.3125,580.95
514,1.828767,39.0625,543.68
515,1.731501,53.1250,571.76
516,2.035914,37.5000,497.08
517,1.929059,40.6250,507.35
518,2.024749,45.3125,485.60
519,1.706707,48.4375,492.45
520,1.928124,37.5000,537.70
521,1.804195,45.3125,498.01
522,1.784279,48.4375,505.78
523,1.807510,39.0625,530.71
524,1.972382,37.5000,515.41
525,1.941988,40.6250,554.70
526,1.900318,39.0625,480.26
527,1.743237,45.3125,506.86
528,2.175696,42.1875,558.33
529,1.827163,43.7500,511.79
530,1.877680,40.6250,563.63
531,1.886279,43.7500,505.45
532,2.006393,32.8125,563.58
533,1.672496,53.1250,532.64
534,1.842726,46.8750,500.29
535,1.984022,37.5000,505.13
536,1.977845,45.3125,492.56
537,1.593921,50.0000,515.42
538,1.911643,37.5000,556.58
539,1.976545,42.1875,499.64
540,1.831734,46.8750,521.47
541,2.054595,39.0625,504.51
542,1.990638,45.3125,508.67
543,1.791371,40.6250,626.22
544,1.943047,35.9375,478.74
545,1.891931,48.4375,515.63
546,1.715242,50.0000,523.65
547,2.175811,32.8125,515.97
548,1.980724,39.0625,528.40
549,1.937810,37.5000,513.24
550,1.794217,40.6250,490.89
551,1.574227,57.8125,515.91
552,1.676156,48.4375,483.21
553,1.661632,50.0000,530.61
554,1.838548,46.8750,486.58
555,2.136987,37.5000,483.63
556,2.027091,35.9375,560.45
557,1.753957,48.4375,481.55
558,1.734650,54.6875,563.87
559,1.676480,53.1250,707.42
560,1.765291,45.3125,507.40
561,1.645615,53.1250,519.70
562,1.768060,39.0625,487.01
563,1.507847,59.3750,528.88
564,1.403765,53.1250,501.08
565,1.566833,51.5625,519.34
566,1.724029,45.3125,587.89
567,1.598190,45.3125,507.50
568,1.728885,50.0000,522.68
569,1.885914,42.1875,498.39
570,1.701872,48.4375,495.78
571,1.638675,50.0000,531.38
572,2.092007,48.4375,490.37
573,1.567875,50.0000,506.02
574,1.561442,54.6875,519.05
575,1.592792,53.1250,475.40
576,1.732867,48.4375,544.60
577,1.740889,48.4375,491.42
578,1.525700,59.3750,489.92
579,1.874706,42.1875,570.13
580,1.907179,40.6250,492.78
581,1.744814,39.0625,530.36
582,1.789273,39.0625,478.34
583,2.007580,42.1875,592.28
584,2.002331,46.8750,549.85
585,1.520303,53.1250,497.96
586,1.784492,45.3125,529.57
587,1.830532,48.4375,482.97
588,1.960791,50.0000,490.65
589,1.800660,46.8750,535.86
590,1.715460,43.7500,493.81
591,1.691295,48.4375,499.09
592,2.010723,42.1875,504.15
593,1.979633,39.0625,486.72
594,1.956588,40.6250,514.30
595,1.919382,50.0000,526.37
596,1.534759,57.8125,492.63
597,1.563030,56.2500,580.63
598,1.911901,42.1875,487.30
599,1.601776,50.0000,536.34
600,1.668976,42.1875,501.10
601,1.555226,48.4375,511.98
602,1.732468,45.3125,570.04
603,1.700545,46.8750,484.45
604,1.526808,54.6875,483.54
605,1.714261,42.1875,527.56
606,1.590092,50.0000,503.42
607,1.879343,46.8750,555.48
608,2.020711,50.0000,488.94
609,1.682170,54.6875,530.12
610,1.869353,34.3750,519.08
611,1.421725,51.5625,486.22
612,1.593134,56.2500,612.77
613,1.628204,64.0625,661.76
614,1.504146,57.8125,868.90
615,1.565280,53.1250,759.79
616,1.514378,51.5625,832.89
617,1.645606,51.5625,767.59
618,1.603622,51.5625,762.74
619,1.653882,40.6250,731.98
620,1.991524,39.0625,703.86
621,1.428856,56.2500,677.91
622,1.467486,48.4375,575.17
623,1.372095,60.9375,525.24
624,1.682305,53.1250,642.16
625,1.720716,48.4375,682.53
626,1.563132,56.2500,746.29
627,1.484002,56.2500,648.41
628,1.717217,45.3125,752.81
629,1.536234,50.0000,668.16
630,1.538828,60.9375,772.81
631,1.454888,53.1250,883.32
632,1.492226,48.4375,738.13
633,1.710371,45.3125,703.15
634,1.843998,45.3125,490.39
635,1.258178,59.3750,536.20
636,1.431777,56.2500,604.74
637,1.470761,50.0000,508.39
638,1.297602,64.0625,547.40
639,1.635002,57.8125,497.71
640,1.596020,45.3125,502.64
641,1.652432,50.0000,527.06
642,1.555124,56.2500,481.23
643,1.553795,54.6875,533.02
644,1.525103,51.5625,501.78
645,1.366816,59.3750,523.55
646,1.452619,54.6875,688.33
647,1.470810,59.3750,642.28
648,1.627140,59.3750,712.12
649,1.507739,59.3750,647.16
650,1.406672,57.8125,714.07
651,1.272730,64.0625,696.05
652,1.353888,57.8125,712.98
653,1.752143,50.0000,639.82
654,1.386431,60.9375,703.06
655,1.404215,60.9375,692.47
656,1.596551,51.5625,859.39
657,1.407347,57.8125,767.99
658,2.103920,50.0000,829.64
659,1.615011,54.6875,835.32
660,1.536034,57.8125,908.40
661,1.660674,51.5625,786.03
662,1.701795,43.7500,775.79
663,1.351963,56.2500,754.83
664,1.582179,50.0000,698.27
665,1.877855,46.8750,789.57
666,1.154740,62.5000,827.51
667,1.421681,51.5625,786.44
668,1.626819,51.5625,817.40
669,1.394738,57.8125,774.55
670,1.644857,50.0000,819.97
671,1.732683,43.7500,815.29
672,1.578624,51.5625,980.00
673,1.652427,45.3125,1029.42
674,1.343719,54.6875,1102.68
675,1.448363,53.1250,855.58
676,1.290486,59.3750,808.22
677,1.521108,54.6875,773.85
678,1.458358,56.2500,985.62
679,1.378320,64.0625,870.48
680,1.078874,62.5000,788.89
681,1.406590,57.8125,820.46
682,1.911198,45.3125,752.28
683,1.549338,54.6875,782.68
684,1.261037,57.8125,853.42
685,1.873333,51.5625,1009.15
686,1.667952,42.1875,1078.14
687,1.507885,54.6875,1108.94
688,1.578731,62.5000,861.99
689,1.956739,45.3125,721.73
690,1.543310,48.4375,789.96
691,1.447445,59.3750,806.24
692,1.204962,67.1875,836.48
693,1.358655,54.6875,686.12
694,1.412577,53.1250,736.03
695,1.321445,64.0625,684.73
696,1.764588,50.0000,701.57
697,1.192906,62.5000,698.53
698,1.344083,59.3750,687.45
699,1.522087,56.2500,697.88
700,1.564716,56.2500,687.98
701,1.456305,62.5000,622.63
702,1.737628,51.5625,732.89
703,1.243052,59.3750,954.28
704,1.358657,59.3750,871.36
705,1.295741,54.6875,876.81
706,1.348450,48.4375,859.78
707,1.643235,50.0000,761.05
708,1.274589,54.6875,810.51
709,1.459215,54.6875,863.43
710,1.278269,59.3750,748.45
711,1.612661,50.0000,894.84
712,1.037312,73.4375,861.39
713,1.599658,56.2500,947.23
714,1.377894,46.8750,753.82
715,1.613441,45.3125,834.75
716,1.652277,51.5625,791.29
717,1.467348,56.2500,822.96
718,1.384412,60.9375,714.46
719,1.224840,56.2500,775.13
720,1.459126,60.9375,685.08
721,1.694062,43.7500,520.77
722,1.476638,62.5000,579.75
723,1.524131,53.1250,570.75
724,1.476493,54.6875,532.83
725,1.410564,57.8125,573.74
726,1.512368,50.0000,499.71
727,1.376187,62.5000,491.89
728,1.334831,70.3125,548.88
729,1.121501,70.3125,494.13
730,1.305278,54.6875,527.13
731,1.194753,60.9375,505.71
732,1.113426,62.5000,500.68
733,1.699856,48.4375,531.53
734,1.226524,67.1875,497.09
735,1.391581,56.2500,525.78
736,1.420463,59.3750,545.21
737,1.784334,53.1250,481.70
738,1.444384,54.6875,583.13
739,1.558492,51.5625,504.49
740,1.597577,54.6875,502.20
741,1.420102,48.4375,563.05
742,1.062357,64.0625,490.70
743,1.572199,45.3125,544.60
744,1.563521,53.1250,491.65
745,1.346582,57.8125,497.01
746,1.314724,62.5000,603.07
747,0.953704,62.5000,483.60
748,1.320696,56.2500,661.81
749,1.220965,67.1875,683.04
750,1.529793,59.3750,509.36
751,1.439922,57.8125,492.35
752,1.445335,54.6875,474.96
753,1.517966,51.5625,538.58
754,1.390334,60.9375,501.68
755,1.589232,53.1250,503.29
756,1.549063,50.0000,554.07
757,1.270500,57.8125,496.11
758,1.338135,60.9375,553.19
759,1.015703,70.3125,520.33
760,1.336419,54.6875,501.66
761,1.334718,62.5000,561.32
762,1.267710,65.6250,480.93
763,1.553228,53.1250,527.55
764,1.402541,59.3750,503.34
765,1.331868,53.1250,501.80
766,1.506696,57.8125,540.27
767,1.155947,59.3750,494.49
768,1.533846,54.6875,496.87
769,1.137528,57.8125,525.57
770,1.282304,54.6875,505.24
771,1.417301,53.1250,536.78
772,1.427426,64.0625,509.96
773,1.357760,50.0000,596.76
774,1.226301,65.6250,508.34
775,1.215354,60.9375,479.07
776,1.072298,71.8750,530.70
777,1.292390,54.6875,585.46
778,1.261527,62.5000,495.76
779,1.447165,50.0000,562.19
780,1.424247,57.8125,479.84
781,1.521255,59.3750,554.86
782,1.472051,56.2500,497.91
783,1.081577,57.8125,494.80
784,1.199113,65.6250,608.68
785,1.370593,57.8125,484.00
786,1.344062,57.8125,526.77
787,1.219073,62.5000,504.37
788,1.534914,50.0000,480.65
789,1.189533,68.7500,531.11
790,1.131935,65.6250,557.86
791,0.906876,75.0000,516.33
792,1.333264,56.2500,536.37
793,0.906359,73.4375,498.05
794,1.033256,68.7500,528.04
795,1.210047,64.0625,506.19
796,0.978573,75.0000,552.77
797,1.248435,64.0625,511.95
798,1.200007,68.7500,494.86
799,1.403674,53.1250,595.20
800,1.178032,64.0625,501.91
801,1.684180,51.5625,490.83
802,1.815847,53.1250,530.05
803,1.314013,59.3750,512.16
804,1.224837,62.5000,545.92
805,1.258994,62.5000,495.03
806,1.053527,64.0625,495.25
807,1.164674,65.6250,557.39
808,1.204453,64.0625,499.41
809,1.280500,53.1250,526.80
810,1.199470,59.3750,484.17
811,1.204387,62.5000,497.88
812,1.504445,54.6875,542.20
813,1.340954,64.0625,503.92
814,1.164750,60.9375,521.48
815,1.244005,62.5000,514.27
816,0.946256,70.3125,503.10
817,1.196093,59.3750,556.93
818,1.357688,57.8125,533.51
819,1.292660,59.3750,490.39
820,1.588105,54.6875,522.15
821,1.379873,59.3750,484.16
822,1.319526,62.5000,519.27
823,1.253227,62.5000,544.62
824,1.189725,62.5000,501.17
825,1.052407,65.6250,624.83
826,1.040519,71.8750,596.38
827,1.124705,64.0625,635.02
828,1.591851,56.2500,523.91
829,1.192613,59.3750,557.96
830,1.509418,56.2500,524.45
831,1.124442,54.6875,483.68
832,1.500844,56.2500,530.25
833,1.459878,59.3750,490.82
834,1.189970,68.7500,506.51
835,1.102531,68.7500,532.21
836,1.389365,56.2500,503.57
837,1.254053,64.0625,555.27
838,1.237598,57.8125,507.42
839,1.229810,68.7500,534.16
840,1.263876,62.5000,530.22
841,1.396724,51.5625,507.76
842,1.451126,59.3750,551.01
843,1.195671,62.5000,511.34
844,1.253714,62.5000,519.88
845,1.312154,57.8125,557.11
846,1.123451,70.3125,504.08
847,1.125002,65.6250,536.77
848,1.125415,70.3125,496.84
849,1.320810,59.3750,591.48
850,1.395769,50.0000,605.30
851,1.419363,57.8125,534.58
852,1.143066,65.6250,551.12
853,1.375643,54.6875,495.59
854,0.985464,62.5000,524.18
855,1.342409,60.9375,537.12
856,1.253650,64.0625,521.31
857,1.072509,68.7500,572.13
858,1.244306,57.8125,491.76
859,1.340887,57.8125,506.28
860,1.027125,65.6250,551.41
861,1.373960,59.3750,488.74
862,0.949710,75.0000,524.46
863,1.192493,54.6875,512.72
864,0.907318,70.3125,515.41
865,1.018113,71.8750,557.78
866,1.117358,59.3750,478.13
867,0.942902,67.1875,504.71
868,0.869314,68.7500,531.96
869,0.957557,75.0000,522.33
870,1.090407,67.1875,600.12
871,1.334919,59.3750,502.43
872,1.413431,59.3750,522.93
873,1.177108,57.8125,532.33
874,1.239793,62.5000,489.31
875,1.063663,68.7500,552.72
876,1.452212,57.8125,548.87
877,1.113126,68.7500,493.36
878,1.220220,57.8125,538.92
879,1.411961,56.2500,507.63
880,0.953301,78.1250,581.77
881,0.950839,70.3125,504.73
882,1.487883,64.0625,482.92
883,1.094037,67.1875,562.55
884,1.106581,65.6250,501.70
885,0.841452,75.0000,539.32
886,1.362651,67.1875,527.20
887,1.051039,65.6250,499.56
888,1.337582,59.3750,574.95
889,1.200390,70.3125,489.03
890,0.857763,75.0000,511.68
891,1.392105,60.9375,511.98
892,1.223849,64.0625,490.10
893,0.975096,64.0625,531.42
894,1.154192,59.3750,531.97
895,1.180486,62.5000,522.16
896,1.131341,59.3750,534.16
897,1.367623,57.8125,504.15
898,1.289732,60.9375,573.11
899,1.516321,62.5000,520.37
900,1.074861,60.9375,502.20
901,1.029834,68.7500,522.51
902,1.540049,56.2500,548.42
903,1.199355,60.9375,596.59
904,1.245229,65.6250,521.21
905,1.003176,75.0000,501.03
906,0.773277,79.6875,544.69
907,1.375983,68.7500,530.22
908,1.236599,60.9375,553.10
909,1.119900,64.0625,496.54
910,1.104633,65.6250,484.80
911,1.762054,48.4375,555.68
912,0.859577,68.7500,512.53
913,1.034520,68.7500,565.24
914,1.285101,56.2500,511.74
915,1.072312,64.0625,495.06
916,1.154545,70.3125,542.26
917,1.452047,59.3750,483.59
918,1.435566,56.2500,529.09
919,1.247302,62.5000,496.63
920,0.951742,68.7500,491.82
921,1.108603,62.5000,551.57
922,0.999983,73.4375,524.65
923,0.950386,76.5625,539.13
924,1.074053,71.8750,521.50
925,1.058174,64.0625,491.57
926,0.974418,70.3125,521.18
927,1.188893,60.9375,506.39
928,1.188295,67.1875,542.81
929,1.261496,51.5625,573.25
930,1.099591,67.1875,501.52
931,0.996475,68.7500,544.42
932,1.168369,57.8125,499.17
933,1.060370,68.7500,496.61
934,1.155537,67.1875,555.10
935,0.963769,73.4375,507.91
936,1.006244,76.5625,517.55
937,1.573818,48.4375,501.72
938,1.215166,62.5000,498.14
939,1.179220,57.8125,532.79
940,1.352525,56.2500,517.37
941,1.111834,65.6250,504.56
942,1.020561,62.5000,526.97
943,0.971489,68.7500,483.44
944,1.102491,70.3125,514.85
945,1.057271,75.0000,499.94
946,1.342683,65.6250,527.46
947,1.058582,73.4375,566.06
948,1.370759,56.2500,485.08
949,1.067694,68.7500,520.22
950,1.054638,62.5000,505.91
951,1.255561,60.9375,482.34
952,1.108522,62.5000,540.60
953,0.967249,65.6250,492.95
954,0.714654,78.1250,651.98
955,1.581710,46.8750,493.51
956,1.252108,56.2500,487.19
957,1.507529,56.2500,524.11
958,1.016988,67.1875,487.57
959,0.904811,71.8750,495.58
960,1.059324,64.0625,525.04
961,1.024952,67.1875,492.07
962,0.875031,71.8750,534.55
963,0.862356,75.0000,487.02
964,0.820134,73.4375,484.25
965,1.069137,60.9375,619.34
966,0.728501,79.6875,500.88
967,1.191839,67.1875,538.73
968,0.773556,70.3125,493.95
969,1.093260,65.6250,492.64
970,1.063559,68.7500,525.79
971,0.805167,71.8750,495.14
972,0.749922,73.4375,499.55
973,1.122666,60.9375,522.52
974,0.892385,70.3125,528.15
975,1.003256,65.6250,527.76
976,0.980730,67.1875,555.05
977,1.352565,67.1875,524.59
978,1.240969,65.6250,519.72
979,1.409383,62.5000,489.67
980,1.559142,51.5625,613.17
981,1.074636,62.5000,608.76
982,0.977217,71.8750,522.60
983,1.099155,60.9375,503.24
984,1.110489,60.9375,498.28
985,0.914673,67.1875,516.02
986,1.223006,67.1875,492.48
987,1.198791,60.9375,502.63
988,1.016009,73.4375,540.20
989,1.367484,57.8125,485.80
990,0.898769,70.3125,525.79
991,1.063503,65.6250,497.25
992,1.015905,62.5000,503.76
993,1.038577,64.0625,535.78
994,1.169297,62.5000,506.95
995,0.968323,76.5625,527.20
996,0.844049,79.6875,558.23
997,0.964095,70.3125,493.44
998,1.191832,64.0625,551.99
999,1.294441,53.1250,504.57
1000,0.945023,67.1875,519.92
1001,1.276572,62.5000,541.37
1002,0.939460,71.8750,501.76
1003,0.749912,79.6875,600.95
1004,0.584317,81.2500,500.78
1005,0.982810,64.0625,585.13
1006,1.056784,60.9375,547.53
1007,1.326065,70.3125,499.23
1008,1.323311,67.1875,535.62
1009,1.410087,53.1250,480.68
1010,0.927117,70.3125,495.63
1011,1.432484,60.9375,548.01
1012,0.971132,64.0625,489.57
1013,1.043295,64.0625,528.81
1014,1.034261,70.3125,503.88
1015,1.242772,59.3750,515.52
1016,0.923884,70.3125,532.61
1017,1.031426,71.8750,482.27
1018,1.127964,65.6250,510.84
1019,0.893302,75.0000,510.53
1020,1.172542,62.5000,479.49
1021,0.837656,76.5625,536.26
1022,0.939609,68.7500,507.12
1023,1.059998,70.3125,505.44
1024,1.024660,68.7500,563.89
1025,1.391903,64.0625,482.75
1026,0.914946,67.1875,518.46
1027,1.098987,71.8750,512.16
1028,0.963919,67.1875,511.36
1029,0.981414,70.3125,539.08
1030,0.949731,70.3125,500.28
1031,0.793359,73.4375,497.97
1032,1.190979,60.9375,560.19
1033,1.241554,57.8125,474.46
1034,1.029009,67.1875,541.18
1035,1.083332,64.0625,504.67
1036,1.183665,65.6250,501.85
1037,0.914759,68.7500,543.16
1038,1.035521,64.0625,486.78
1039,0.989342,62.5000,519.86
1040,1.042402,68.7500,498.13
1041,0.754713,75.0000,488.40
1042,0.998871,65.6250,527.75
1043,1.425436,59.3750,494.26
1044,1.027640,67.1875,488.03
1045,0.990129,68.7500,539.02
1046,0.975826,75.0000,490.33
1047,1.052802,65.6250,519.99
1048,0.982872,73.4375,490.57
1049,1.237931,68.7500,477.03
1050,0.715293,78.1250,522.17
1051,1.169697,68.7500,558.95
1052,0.906570,76.5625,502.55
1053,0.953359,68.7500,584.48
1054,1.075500,62.5000,484.81
1055,1.023115,75.0000,532.05
1056,1.004098,68.7500,486.90
1057,0.987639,73.4375,504.96
1058,1.314558,53.1250,575.81
1059,0.999857,62.5000,553.01
1060,0.890155,75.0000,685.53
1061,0.857473,76.5625,482.34
1062,0.939776,76.5625,533.46
1063,1.161771,65.6250,518.99
1064,0.801509,73.4375,493.92
1065,0.754948,76.5625,550.67
1066,0.968686,70.3125,493.75
1067,0.965894,65.6250,503.21
1068,1.064801,65.6250,521.01
1069,0.706817,76.5625,494.92
1070,0.957042,64.0625,533.12
1071,0.932000,71.8750,513.59
1072,0.893536,73.4375,483.91
1073,1.128309,71.8750,553.94
1074,0.785541,78.1250,483.30
1075,1.204940,54.6875,536.00
1076,1.095754,62.5000,491.03
1077,1.194670,65.6250,485.36
1078,0.898354,75.0000,537.63
1079,0.945451,67.1875,485.11
1080,0.865183,75.0000,475.41
1081,1.166645,65.6250,566.67
1082,1.011128,68.7500,498.36
1083,0.894943,67.1875,536.79
1084,1.007456,68.7500,516.25
1085,0.960251,67.1875,475.20
1086,0.822678,75.0000,540.69
1087,0.902768,75.0000,489.98
1088,0.996451,64.0625,533.53
1089,1.148401,70.3125,522.38
1090,0.926530,70.3125,484.40
1091,0.983840,65.6250,512.87
1092,0.967444,71.8750,513.88
1093,0.863267,75.0000,507.12
1094,1.154803,70.3125,583.98
1095,0.606465,87.5000,501.51
1096,1.119666,76.5625,527.51
1097,1.013218,75.0000,502.91
1098,0.958805,70.3125,485.43
1099,1.064805,64.0625,557.89
1100,1.112205,57.8125,480.97
1101,0.855349,78.1250,484.16
1102,1.015449,75.0000,516.19
1103,1.008818,71.8750,480.93
1104,0.726692,73.4375,530.29
1105,0.883049,73.4375,498.24
1106,0.905454,70.3125,490.93
1107,0.643549,81.2500,536.43
1108,0.803337,75.0000,511.38
1109,0.785324,76.5625,559.21
1110,0.991706,68.7500,599.28
1111,0.927868,68.7500,501.00
1112,1.081057,64.0625,579.95
1113,0.798375,75.0000,519.07
1114,0.631858,78.1250,554.54
1115,0.674346,81.2500,521.76
1116,1.052480,62.5000,507.05
1117,0.965955,76.5625,620.00
1118,0.813713,76.5625,515.26
1119,1.168863,70.3125,561.58
1120,0.592535,79.6875,503.18
1121,0.913387,67.1875,506.64
1122,1.001703,73.4375,535.75
1123,0.952219,75.0000,508.95
1124,0.771921,79.6875,522.83
1125,0.747925,71.8750,506.95
1126,0.693499,79.6875,510.86
1127,1.174476,59.3750,550.52
1128,0.758032,76.5625,517.22
1129,0.993584,65.6250,509.25
1130,0.831655,68.7500,506.64
1131,1.304484,59.3750,537.93
1132,0.923552,73.4375,546.89
1133,0.790675,76.5625,495.81
1134,0.834490,70.3125,470.51
1135,0.947758,70.3125,512.30
1136,0.668432,79.6875,563.07
1137,1.067968,71.8750,599.57
1138,0.892187,67.1875,596.74
1139,1.023623,71.8750,494.70
1140,0.669518,78.1250,506.00
1141,0.706150,75.0000,482.30
1142,0.838414,75.0000,508.72
1143,1.077660,70.3125,512.82
1144,0.744097,78.1250,501.06
1145,0.528601,73.4375,557.78
1146,0.968830,70.3125,492.04
1147,0.960111,64.0625,508.59
1148,0.677655,76.5625,532.95
1149,1.046795,64.0625,534.92
1150,0.556485,84.3750,580.10
1151,0.748774,78.1250,509.43
1152,0.601728,81.2500,532.32
1153,1.167545,70.3125,503.94
1154,0.576245,76.5625,498.17
1155,0.996595,64.0625,568.58
1156,1.046707,67.1875,485.38
1157,1.617616,56.2500,478.11
1158,0.924163,76.5625,552.24
1159,0.685928,75.0000,522.60
1160,0.875097,78.1250,561.78
1161,0.715207,79.6875,479.42
1162,0.903843,71.8750,584.06
1163,0.538494,82.8125,518.95
1164,0.800358,71.8750,502.62
1165,1.054486,68.7500,534.18
1166,0.770973,79.6875,518.70
1167,0.829928,73.4375,511.19
1168,0.777339,76.5625,535.05
1169,0.768617,71.8750,481.63
1170,1.174668,64.0625,537.30
1171,1.049143,75.0000,523.43
1172,1.100277,65.6250,509.43
1173,0.884795,75.0000,536.95
1174,0.688931,78.1250,530.77
1175,0.716947,73.4375,534.06
1176,1.227936,60.9375,518.42
1177,0.450006,87.5000,500.23
1178,0.913032,68.7500,520.87
1179,0.909199,67.1875,484.39
1180,0.964347,73.4375,493.47
1181,0.843276,78.1250,561.39
1182,0.834071,70.3125,497.44
1183,1.129940,64.0625,526.23
1184,1.017885,68.7500,499.79
1185,0.906705,75.0000,494.78
1186,0.791089,68.7500,533.99
1187,1.022756,64.0625,491.39
1188,0.771134,76.5625,586.62
1189,1.214833,59.3750,505.64
1190,1.039495,70.3125,485.09
1191,0.852303,73.4375,532.45
1192,0.867319,67.1875,490.76
1193,0.812273,79.6875,483.13
1194,0.975972,71.8750,561.97
1195,1.113983,65.6250,482.68
1196,0.677737,79.6875,507.55
1197,0.974360,68.7500,529.21
1198,0.790146,78.1250,488.72
1199,0.896331,68.7500,539.06
1200,1.001838,60.9375,493.78
1201,0.689830,78.1250,499.47
1202,0.749164,79.6875,517.21
1203,0.785247,79.6875,484.17
1204,0.997232,73.4375,523.30
1205,1.019410,76.5625,505.47
1206,0.969838,65.6250,490.15
1207,0.907366,71.8750,528.93
1208,0.855372,78.1250,519.10
1209,0.871928,75.0000,488.40
1210,0.696328,78.1250,507.67
1211,0.853928,73.4375,531.47
1212,0.796074,68.7500,543.82
1213,1.215686,64.0625,482.11
1214,0.770191,71.8750,522.84
1215,0.803647,75.0000,567.29
1216,0.601762,85.9375,653.94
1217,0.642076,79.6875,534.45
1218,0.766149,71.8750,561.52
1219,0.814368,73.4375,500.26
1220,0.972050,65.6250,527.50
1221,1.049219,70.3125,497.39
1222,0.775769,71.8750,539.14
1223,1.061327,73.4375,491.33
1224,1.036911,65.6250,494.43
1225,0.875976,73.4375,540.71
1226,1.164528,62.5000,500.50
1227,0.792493,70.3125,520.25
1228,0.909189,71.8750,517.49
1229,0.984029,71.8750,499.28
1230,0.813329,71.8750,545.78
1231,0.646409,85.9375,513.33
1232,0.800065,71.8750,526.65
1233,0.966300,71.8750,525.41
1234,0.861602,76.5625,492.46
1235,1.001109,71.8750,542.46
1236,0.768822,70.3125,495.95
1237,0.840932,70.3125,488.79
1238,0.821392,79.6875,598.83
1239,0.876744,76.5625,493.79
1240,0.703871,79.6875,593.96
1241,0.795660,73.4375,499.17
1242,0.824708,70.3125,491.79
1243,1.054562,70.3125,580.76
1244,0.707336,76.5625,490.01
1245,0.734489,78.1250,519.67
1246,0.986946,68.7500,487.12
1247,0.472244,84.3750,495.34
1248,1.020952,73.4375,535.08
1249,0.663388,78.1250,496.23
1250,0.969771,62.5000,477.15
1251,0.826292,73.4375,531.11
1252,0.936361,68.7500,520.65
1253,0.909862,78.1250,583.16
1254,0.640136,81.2500,482.43
1255,0.651259,73.4375,482.33
1256,0.759199,81.2500,549.32
1257,0.813559,78.1250,498.45
1258,0.684266,73.4375,532.00
1259,0.738008,76.5625,514.11
1260,0.904638,78.1250,506.23
1261,0.898191,79.6875,524.57
1262,0.730562,73.4375,488.93
1263,0.906768,67.5000,327.81
