batch_idx,loss,accuracy,time_ms
1,0.321846,92.1875,578.47
2,0.112683,96.8750,512.63
3,0.360642,92.1875,577.34
4,0.214485,92.1875,506.46
5,0.406201,90.6250,510.16
6,0.310084,90.6250,566.21
7,0.238623,89.0625,711.99
8,0.096423,98.4375,577.37
9,0.281229,85.9375,493.27
10,0.282311,90.6250,511.52
11,0.273317,90.6250,509.23
12,0.302475,92.1875,474.38
13,0.234023,90.6250,537.57
14,0.251829,93.7500,501.09
15,0.388330,89.0625,600.15
16,0.273567,89.0625,567.25
17,0.358851,89.0625,488.25
18,0.241879,89.0625,523.40
19,0.173909,93.7500,510.37
20,0.204985,92.1875,481.23
21,0.297776,89.0625,517.37
22,0.220561,92.1875,491.50
23,0.408856,85.9375,485.88
24,0.211683,92.1875,543.52
25,0.120601,92.1875,497.16
26,0.439028,84.3750,528.92
27,0.522394,84.3750,494.32
28,0.146312,92.1875,476.05
29,0.401454,85.9375,521.13
30,0.164614,90.6250,483.49
31,0.384373,92.1875,487.66
32,0.152002,95.3125,568.74
33,0.077805,98.4375,475.12
34,0.204879,92.1875,540.81
35,0.043084,100.0000,502.57
36,0.438606,87.5000,490.83
37,0.207220,92.1875,550.32
38,0.246051,95.3125,502.22
39,0.224592,93.7500,501.07
40,0.219284,93.7500,550.01
41,0.147391,93.7500,487.86
42,0.278503,89.0625,523.31
43,0.403688,89.0625,490.87
44,0.301769,85.9375,486.74
45,0.179819,95.3125,531.50
46,0.284956,93.7500,472.85
47,0.215957,90.6250,504.11
48,0.094943,96.8750,519.47
49,0.166245,95.3125,485.07
50,0.355380,87.5000,481.79
51,0.227825,95.3125,565.22
52,0.095374,96.8750,517.07
53,0.215916,92.1875,512.75
54,0.374891,85.9375,483.85
55,0.248322,92.1875,494.61
56,0.277600,87.5000,563.25
57,0.289282,93.7500,478.84
58,0.329999,89.0625,543.05
59,0.354437,89.0625,627.57
60,0.130359,93.7500,723.89
61,0.276344,93.7500,752.00
62,0.147167,93.7500,520.84
63,0.190414,96.8750,531.93
64,0.442851,81.2500,570.39
65,0.209428,93.7500,484.85
66,0.334137,93.7500,531.27
67,0.082723,96.8750,495.58
68,0.284824,92.1875,531.45
69,0.293705,89.0625,484.47
70,0.259446,90.6250,521.91
71,0.378813,87.5000,539.11
72,0.133601,95.3125,481.94
73,0.320734,87.5000,484.15
74,0.187505,93.7500,562.90
75,0.390742,87.5000,507.84
76,0.445913,92.1875,511.19
77,0.110442,98.4375,493.63
78,0.392139,90.6250,513.16
79,0.320937,93.7500,520.14
80,0.325462,87.5000,482.71
81,0.249416,92.1875,487.92
82,0.233262,92.1875,550.51
83,0.183747,93.7500,494.10
84,0.249720,93.7500,497.43
85,0.204603,95.3125,493.57
86,0.173901,92.1875,495.87
87,0.185622,93.7500,570.33
88,0.267097,90.6250,492.25
89,0.253125,90.6250,486.79
90,0.344859,84.3750,532.54
91,0.284402,87.5000,486.08
92,0.215837,92.1875,493.43
93,0.241725,87.5000,515.42
94,0.512478,84.3750,470.51
95,0.190047,93.7500,517.69
96,0.242863,93.7500,694.02
97,0.228605,90.6250,482.90
98,0.095120,98.4375,564.23
99,0.317604,89.0625,489.97
100,0.178615,95.3125,527.31
101,0.313716,89.0625,489.35
102,0.296885,89.0625,482.33
103,0.110584,95.3125,547.15
104,0.315466,87.5000,533.26
105,0.315966,90.6250,489.57
106,0.272463,89.0625,574.67
107,0.269615,87.5000,493.94
108,0.260313,89.0625,522.18
109,0.231160,89.0625,494.92
110,0.173796,92.1875,581.14
111,0.326781,90.6250,536.36
112,0.173316,92.1875,487.51
113,0.335745,92.1875,493.60
114,0.376933,84.3750,615.92
115,0.138128,95.3125,501.18
116,0.295061,89.0625,544.19
117,0.358285,89.0625,488.37
118,0.179988,93.7500,492.27
119,0.411342,82.8125,524.79
120,0.230466,93.7500,474.95
121,0.387392,87.5000,478.63
122,0.184115,95.3125,530.09
123,0.078340,96.8750,480.94
124,0.131692,96.8750,531.99
125,0.233149,90.6250,485.03
126,0.140978,92.1875,473.10
127,0.272826,90.6250,580.02
128,0.306289,95.3125,477.25
129,0.311527,89.0625,483.27
130,0.371426,85.9375,546.72
131,0.267240,89.0625,473.97
132,0.096965,96.8750,475.68
133,0.309505,89.0625,500.17
134,0.184041,90.6250,467.22
135,0.249609,90.6250,522.95
136,0.466568,87.5000,475.31
137,0.232168,92.1875,480.30
138,0.193853,96.8750,534.23
139,0.242661,92.1875,469.83
140,0.160581,93.7500,489.21
141,0.498885,87.5000,512.02
142,0.166964,92.1875,556.70
143,0.191447,92.1875,479.03
144,0.274051,92.1875,524.19
145,0.183271,95.3125,473.99
146,0.109657,96.8750,494.69
147,0.291017,90.6250,518.02
148,0.238893,93.7500,501.18
149,0.202814,95.3125,524.36
150,0.305071,90.6250,480.05
151,0.261343,90.6250,485.04
152,0.135757,95.3125,562.28
153,0.255542,90.6250,479.91
154,0.094571,96.8750,492.28
155,0.190445,95.3125,539.82
156,0.325260,90.6250,499.37
157,0.409634,87.5000,556.55
158,0.146195,93.7500,505.68
159,0.261487,90.6250,491.75
160,0.180442,93.7500,542.65
161,0.342571,87.5000,477.35
162,0.258151,90.6250,515.06
163,0.210924,95.3125,507.30
164,0.244062,92.1875,549.16
165,0.372049,90.6250,508.03
166,0.205501,89.0625,488.32
167,0.342213,85.9375,473.78
168,0.405260,85.9375,527.62
169,0.251745,92.1875,526.67
170,0.285958,89.0625,482.64
171,0.337517,90.6250,529.48
172,0.229517,95.3125,479.59
173,0.257504,90.6250,507.29
174,0.229425,93.7500,503.45
175,0.253274,90.6250,476.64
176,0.252396,87.5000,543.04
177,0.482244,85.9375,538.19
178,0.400393,90.6250,601.41
179,0.273106,90.6250,517.72
180,0.300139,90.6250,494.67
181,0.153977,93.7500,520.46
182,0.159289,95.3125,540.44
183,0.513544,82.8125,512.58
184,0.271543,92.1875,524.95
185,0.185391,90.6250,502.97
186,0.243721,92.1875,475.82
187,0.425244,92.1875,509.39
188,0.211113,92.1875,482.98
189,0.448804,89.0625,493.57
190,0.429686,85.9375,477.17
191,0.376793,87.5000,489.50
192,0.455197,87.5000,518.53
193,0.248361,93.7500,507.98
194,0.083272,98.4375,467.07
195,0.408624,85.9375,529.60
196,0.179235,93.7500,506.88
197,0.229831,93.7500,464.21
198,0.206707,92.1875,513.82
199,0.313216,87.5000,478.36
200,0.195870,93.7500,498.63
201,0.267283,89.0625,498.65
202,0.250745,96.8750,470.42
203,0.248557,92.1875,535.58
204,0.078129,98.4375,505.17
205,0.291469,89.0625,500.05
206,0.223537,90.6250,546.56
207,0.147005,93.7500,476.66
208,0.276148,90.6250,493.57
209,0.214242,89.0625,513.46
210,0.163711,93.7500,499.80
211,0.279803,87.5000,518.48
212,0.382013,87.5000,496.53
213,0.198690,95.3125,487.06
214,0.218454,93.7500,511.22
215,0.193840,92.1875,481.12
216,0.381948,85.9375,472.99
217,0.278649,90.6250,567.74
218,0.396464,89.0625,483.20
219,0.299357,92.1875,481.30
220,0.102589,96.8750,537.49
221,0.232435,90.6250,477.00
222,0.327430,89.0625,507.46
223,0.290910,90.6250,472.55
224,0.260865,95.3125,536.46
225,0.498345,89.0625,522.37
226,0.234859,92.1875,475.57
227,0.478181,85.9375,529.82
228,0.272448,92.1875,510.37
229,0.232339,90.6250,487.43
230,0.227234,95.3125,481.20
231,0.078667,93.7500,501.34
232,0.130841,96.8750,468.36
233,0.400078,90.6250,504.33
234,0.202224,89.0625,491.89
235,0.233147,93.7500,471.17
236,0.443079,85.9375,509.59
237,0.314995,90.6250,469.77
238,0.350733,90.6250,482.46
239,0.290339,90.6250,534.80
240,0.288937,89.0625,481.68
241,0.211770,95.3125,469.26
242,0.342286,89.0625,504.25
243,0.378356,85.9375,464.03
244,0.176946,95.3125,476.93
245,0.312327,87.5000,500.10
246,0.423415,87.5000,467.91
247,0.406135,89.0625,500.82
248,0.197678,93.7500,476.93
249,0.274927,90.6250,469.48
250,0.184328,96.8750,538.40
251,0.273888,90.6250,477.30
252,0.273919,89.0625,525.64
253,0.131464,96.8750,562.13
254,0.232406,92.1875,471.56
255,0.393428,89.0625,534.12
256,0.313469,89.0625,498.84
257,0.249272,90.6250,479.57
258,0.299115,87.5000,554.35
259,0.338634,93.7500,479.35
260,0.257167,93.7500,487.39
261,0.320752,92.1875,675.68
262,0.282304,92.1875,489.77
263,0.139060,96.8750,489.02
264,0.399226,87.5000,491.99
265,0.349369,89.0625,466.49
266,0.266095,90.6250,528.46
267,0.385046,87.5000,515.95
268,0.214803,92.1875,483.23
269,0.302564,92.1875,534.70
270,0.227893,93.7500,468.14
271,0.537751,82.8125,493.60
272,0.306166,84.3750,515.53
273,0.295421,90.6250,473.81
274,0.125687,96.8750,528.03
275,0.149969,95.3125,494.12
276,0.204852,92.1875,501.62
277,0.158803,95.3125,534.77
278,0.196311,92.1875,496.62
279,0.290341,85.9375,530.17
280,0.392610,87.5000,549.79
281,0.203298,96.8750,501.95
282,0.306063,87.5000,544.54
283,0.207547,90.6250,503.26
284,0.536392,82.8125,504.24
285,0.527834,84.3750,553.68
286,0.249218,89.0625,501.28
287,0.353156,92.1875,494.92
288,0.229608,93.7500,535.60
289,0.502032,84.3750,481.22
290,0.392992,90.6250,556.62
291,0.140663,95.3125,507.80
292,0.333961,93.7500,474.20
293,0.365432,90.6250,540.10
294,0.201398,92.1875,501.93
295,0.167441,95.3125,479.11
296,0.145446,92.1875,538.83
297,0.198734,93.7500,467.15
298,0.496882,84.3750,536.59
299,0.317289,87.5000,511.70
300,0.348424,87.5000,470.09
301,0.177747,92.1875,531.02
302,0.167882,93.7500,486.15
303,0.140501,93.7500,482.94
304,0.122472,96.8750,549.39
305,0.320786,87.5000,474.86
306,0.182007,93.7500,554.70
307,0.206168,96.8750,515.57
308,0.281105,87.5000,473.66
309,0.274738,93.7500,509.53
310,0.171249,92.1875,483.09
311,0.310016,90.6250,467.06
312,0.267398,90.6250,524.23
313,0.209369,95.3125,465.70
314,0.266422,92.1875,470.67
315,0.339760,87.5000,530.18
316,0.049210,98.4375,481.33
317,0.302103,90.6250,469.62
318,0.298112,90.6250,518.82
319,0.300936,89.0625,475.20
320,0.136782,93.7500,494.06
321,0.202913,95.3125,494.20
322,0.141635,92.1875,485.23
323,0.366982,90.6250,516.27
324,0.117810,95.3125,478.10
325,0.164937,92.1875,471.14
326,0.505384,85.9375,518.16
327,0.213655,92.1875,477.39
328,0.148403,93.7500,525.91
329,0.290192,90.6250,528.97
330,0.224265,92.1875,478.62
331,0.399922,85.9375,495.77
332,0.302978,90.6250,526.19
333,0.300446,89.0625,481.26
334,0.384953,85.9375,569.87
335,0.316796,87.5000,482.23
336,0.172745,93.7500,474.43
337,0.232847,93.7500,540.25
338,0.181701,92.1875,474.61
339,0.236118,93.7500,482.81
340,0.270418,92.1875,510.87
341,0.314513,90.6250,487.03
342,0.132989,95.3125,524.01
343,0.258844,87.5000,591.37
344,0.255904,89.0625,498.03
345,0.171702,96.8750,559.47
346,0.259773,90.6250,474.56
347,0.250996,90.6250,472.98
348,0.414510,90.6250,504.94
349,0.331703,93.7500,505.58
350,0.363350,90.6250,516.93
351,0.251283,85.9375,503.26
352,0.084368,100.0000,497.55
353,0.228996,92.1875,524.25
354,0.160248,95.3125,481.07
355,0.155894,92.1875,492.68
356,0.172059,92.1875,569.24
357,0.254816,93.7500,492.05
358,0.190526,95.3125,482.76
359,0.166750,93.7500,512.41
360,0.155978,93.7500,492.08
361,0.131635,95.3125,527.11
362,0.156439,93.7500,528.10
363,0.154723,93.7500,480.85
364,0.241995,93.7500,537.96
365,0.291217,93.7500,488.09
366,0.134490,93.7500,487.38
367,0.297690,90.6250,503.26
368,0.268571,90.6250,479.93
369,0.254240,89.0625,505.13
370,0.292293,93.7500,482.34
371,0.332833,90.6250,471.91
372,0.245055,93.7500,515.75
373,0.328800,90.6250,480.81
374,0.490631,89.0625,485.46
375,0.184997,95.3125,538.91
376,0.090674,98.4375,475.21
377,0.204076,90.6250,485.03
378,0.251262,90.6250,528.59
379,0.088788,95.3125,472.58
380,0.309945,87.5000,553.97
381,0.162794,93.7500,483.16
382,0.243035,90.6250,485.61
383,0.248128,93.7500,529.94
384,0.247975,93.7500,495.89
385,0.102042,98.4375,482.31
386,0.386975,85.9375,569.27
387,0.187562,95.3125,492.92
388,0.281930,92.1875,484.03
389,0.297166,89.0625,533.00
390,0.258944,90.6250,485.79
391,0.433607,89.0625,524.19
392,0.320806,89.0625,482.25
393,0.366253,92.1875,477.05
394,0.142173,96.8750,510.98
395,0.288942,92.1875,475.44
396,0.263714,89.0625,476.24
397,0.255716,93.7500,546.66
398,0.366326,85.9375,474.25
399,0.158766,93.7500,519.84
400,0.340268,89.0625,493.61
401,0.287802,93.7500,486.70
402,0.141855,95.3125,522.14
403,0.191776,95.3125,489.58
404,0.383145,87.5000,503.73
405,0.173038,93.7500,513.20
406,0.125641,96.8750,483.57
407,0.212434,93.7500,484.04
408,0.536052,89.0625,541.95
409,0.268914,90.6250,659.17
410,0.266409,89.0625,640.13
411,0.377267,87.5000,496.51
412,0.373346,87.5000,496.88
413,0.294595,92.1875,529.70
414,0.182976,95.3125,474.72
415,0.315094,90.6250,486.31
416,0.247551,95.3125,505.39
417,0.260223,89.0625,506.30
418,0.152264,92.1875,577.08
419,0.449732,87.5000,483.24
420,0.400968,87.5000,492.17
421,0.345518,85.9375,573.36
422,0.221351,92.1875,514.49
423,0.315588,90.6250,501.90
424,0.222746,95.3125,495.48
425,0.270250,87.5000,564.76
426,0.290783,90.6250,572.35
427,0.223741,87.5000,473.39
428,0.131758,93.7500,477.96
429,0.167514,90.6250,556.41
430,0.197821,92.1875,478.89
431,0.328848,90.6250,571.28
432,0.297919,85.9375,506.00
433,0.222607,95.3125,514.47
434,0.228815,90.6250,527.18
435,0.405766,90.6250,468.82
436,0.214971,92.1875,484.14
437,0.178112,92.1875,565.64
438,0.202650,95.3125,505.19
439,0.178284,92.1875,539.25
440,0.139197,93.7500,509.93
441,0.309723,92.1875,504.96
442,0.515269,89.0625,524.94
443,0.300282,89.0625,539.18
444,0.373313,89.0625,483.56
445,0.273494,92.1875,524.00
446,0.378342,85.9375,492.70
447,0.161384,96.8750,541.92
448,0.260872,92.1875,481.14
449,0.296832,89.0625,470.20
450,0.197693,93.7500,507.28
451,0.208461,92.1875,482.71
452,0.364798,92.1875,477.19
453,0.188547,92.1875,531.98
454,0.110917,95.3125,471.61
455,0.234679,90.6250,485.73
456,0.475260,81.2500,553.92
457,0.314067,84.3750,480.20
458,0.264263,90.6250,492.17
459,0.277421,92.1875,509.96
460,0.280589,90.6250,473.65
461,0.167961,93.7500,535.80
462,0.285686,92.1875,485.53
463,0.189137,92.1875,480.04
464,0.263823,90.6250,543.66
465,0.137125,96.8750,501.96
466,0.125586,95.3125,494.92
467,0.132308,96.8750,552.19
468,0.246882,92.1875,498.63
469,0.303250,87.5000,542.04
470,0.256455,93.7500,498.49
471,0.346136,90.6250,573.70
472,0.279860,92.1875,581.60
473,0.242793,92.1875,474.48
474,0.190734,92.1875,518.81
475,0.177755,92.1875,520.03
476,0.306053,85.9375,469.35
477,0.381658,93.7500,517.78
478,0.199232,95.3125,477.10
479,0.116255,96.8750,483.47
480,0.076187,98.4375,525.07
481,0.271988,90.6250,473.64
482,0.266183,93.7500,485.08
483,0.349902,87.5000,528.70
484,0.214493,93.7500,481.10
485,0.254182,89.0625,532.03
486,0.305635,90.6250,501.13
487,0.363100,90.6250,471.28
488,0.260108,90.6250,520.32
489,0.228355,89.0625,476.53
490,0.206528,95.3125,468.08
491,0.237991,92.1875,569.00
492,0.216969,90.6250,506.13
493,0.243915,89.0625,487.08
494,0.257471,85.9375,529.36
495,0.121559,95.3125,477.50
496,0.187800,95.3125,503.30
497,0.200296,92.1875,520.41
498,0.280017,92.1875,517.53
499,0.283441,89.0625,539.94
500,0.180895,92.1875,482.76
501,0.348534,92.1875,483.23
502,0.549003,85.9375,565.63
503,0.230572,89.0625,474.18
504,0.268849,89.0625,475.10
505,0.348655,87.5000,516.81
506,0.266414,93.7500,505.78
507,0.257408,85.9375,592.36
508,0.427026,87.5000,584.12
509,0.218055,95.3125,473.70
510,0.346165,89.0625,521.55
511,0.264605,93.7500,478.16
512,0.354554,87.5000,496.93
513,0.241836,90.6250,527.85
514,0.327380,89.0625,474.28
515,0.365972,89.0625,507.84
516,0.266771,89.0625,475.09
517,0.198594,93.7500,491.45
518,0.483955,89.0625,562.07
519,0.447408,95.3125,536.88
520,0.374463,90.6250,508.39
521,0.241495,90.6250,501.62
522,0.314425,90.6250,475.41
523,0.331979,92.1875,507.95
524,0.229496,90.6250,510.50
525,0.363816,89.0625,467.39
526,0.218735,90.6250,543.12
527,0.172706,93.7500,469.55
528,0.252287,89.0625,472.31
529,0.196849,92.1875,554.99
530,0.396337,84.3750,474.51
531,0.190219,93.7500,504.20
532,0.278307,89.0625,488.04
533,0.264641,89.0625,479.26
534,0.417706,82.8125,523.71
535,0.121653,98.4375,488.62
536,0.228929,95.3125,465.81
537,0.309518,92.1875,523.71
538,0.265162,93.7500,477.18
539,0.345071,89.0625,472.79
540,0.428597,84.3750,537.97
541,0.290894,90.6250,475.65
542,0.194746,90.6250,469.96
543,0.158174,95.3125,585.70
544,0.335298,89.0625,469.97
545,0.218919,90.6250,508.63
546,0.369136,90.6250,488.15
547,0.150379,93.7500,473.24
548,0.187402,93.7500,548.42
549,0.053514,100.0000,483.13
550,0.076403,98.4375,471.77
551,0.301757,87.5000,531.61
552,0.339891,87.5000,483.01
553,0.102953,98.4375,536.23
554,0.357088,89.0625,513.78
555,0.403984,84.3750,475.23
556,0.374810,85.9375,531.57
557,0.152905,93.7500,503.58
558,0.167932,93.7500,463.93
559,0.227386,90.6250,502.47
560,0.179147,93.7500,470.83
561,0.314806,89.0625,468.98
562,0.339758,90.6250,527.29
563,0.166593,93.7500,477.47
564,0.178632,95.3125,476.24
565,0.318605,89.0625,531.37
566,0.296384,89.0625,482.84
567,0.323358,90.6250,512.86
568,0.385796,84.3750,487.77
569,0.342284,87.5000,470.34
570,0.200811,95.3125,510.15
571,0.213881,95.3125,477.21
572,0.214179,92.1875,472.01
573,0.383118,87.5000,513.48
574,0.114829,96.8750,502.68
575,0.304903,90.6250,477.99
576,0.277736,92.1875,536.80
577,0.155350,93.7500,497.16
578,0.205688,95.3125,489.25
579,0.278658,89.0625,548.68
580,0.207992,90.6250,506.33
581,0.297735,89.0625,613.68
582,0.205936,93.7500,493.48
583,0.368412,89.0625,486.08
584,0.167538,92.1875,525.55
585,0.238473,92.1875,488.85
586,0.441429,84.3750,528.88
587,0.259692,92.1875,486.22
588,0.217991,93.7500,475.94
589,0.292661,93.7500,511.80
590,0.149672,96.8750,562.26
591,0.183312,92.1875,520.31
592,0.327399,87.5000,567.44
593,0.335451,89.0625,517.01
594,0.193772,92.1875,566.76
595,0.238822,93.7500,503.35
596,0.152144,95.3125,505.63
597,0.219088,93.7500,520.98
598,0.324157,92.1875,476.06
599,0.280161,92.1875,487.32
600,0.140622,95.3125,555.43
601,0.175054,95.3125,489.11
602,0.181074,95.3125,521.73
603,0.168585,93.7500,486.01
604,0.084399,96.8750,476.38
605,0.249039,92.1875,522.78
606,0.153315,93.7500,506.44
607,0.296033,89.0625,505.04
608,0.238612,90.6250,602.88
609,0.472161,89.0625,498.92
610,0.259044,87.5000,524.46
611,0.329861,85.9375,505.07
612,0.118307,96.8750,485.59
613,0.503204,89.0625,532.66
614,0.170822,95.3125,470.22
615,0.379165,89.0625,478.37
616,0.174995,93.7500,548.36
617,0.156530,93.7500,474.31
618,0.161026,93.7500,483.62
619,0.171649,95.3125,533.17
620,0.276713,89.0625,477.36
621,0.185362,92.1875,512.11
622,0.317845,87.5000,512.84
623,0.149418,95.3125,496.23
624,0.474617,89.0625,571.14
625,0.509885,90.6250,526.19
626,0.315456,90.6250,473.17
627,0.286112,92.1875,511.47
628,0.207605,90.6250,482.45
629,0.278338,89.0625,474.26
630,0.291319,89.0625,507.89
631,0.147605,96.8750,474.77
632,0.172977,95.3125,502.74
633,0.140342,95.3125,546.25
634,0.354651,87.5000,534.13
635,0.169941,92.1875,521.02
636,0.278738,87.5000,536.66
637,0.120882,93.7500,493.31
638,0.219651,92.1875,501.99
639,0.200440,92.1875,498.81
640,0.223145,92.1875,513.11
641,0.338363,87.5000,510.05
642,0.202834,93.7500,488.37
643,0.166427,92.1875,545.43
644,0.434240,84.3750,503.21
645,0.128419,93.7500,505.94
646,0.294525,84.3750,552.94
647,0.208849,90.6250,500.96
648,0.205979,95.3125,537.20
649,0.198134,90.6250,504.99
650,0.250359,92.1875,485.24
651,0.063615,98.4375,550.33
652,0.303967,87.5000,507.83
653,0.126353,95.3125,477.90
654,0.206570,92.1875,523.66
655,0.185603,92.1875,591.13
656,0.175544,93.7500,509.77
657,0.193750,93.7500,496.77
658,0.211515,93.7500,480.78
659,0.182044,92.1875,519.19
660,0.503786,92.1875,481.37
661,0.113754,95.3125,474.88
662,0.335615,87.5000,580.96
663,0.116521,95.3125,533.14
664,0.358640,87.5000,524.62
665,0.576950,87.5000,485.74
666,0.342298,89.0625,471.12
667,0.289983,93.7500,524.30
668,0.328532,89.0625,483.52
669,0.226962,95.3125,472.35
670,0.307143,89.0625,511.99
671,0.466802,79.6875,468.85
672,0.205710,95.3125,653.42
673,0.101600,96.8750,493.08
674,0.146232,93.7500,479.70
675,0.299431,87.5000,531.35
676,0.142080,95.3125,487.03
677,0.261808,89.0625,489.68
678,0.120594,95.3125,513.89
679,0.179091,92.1875,480.51
680,0.147504,93.7500,492.10
681,0.160473,95.3125,552.60
682,0.213732,93.7500,553.18
683,0.312237,90.6250,499.06
684,0.147780,95.3125,493.43
685,0.047853,100.0000,490.44
686,0.311111,90.6250,526.14
687,0.260823,92.1875,487.89
688,0.256120,92.1875,479.58
689,0.164792,96.8750,550.29
690,0.210403,92.1875,519.68
691,0.256157,90.6250,514.96
692,0.182912,95.3125,502.56
693,0.158424,93.7500,491.66
694,0.280922,89.0625,523.18
695,0.107363,93.7500,488.18
696,0.290556,85.9375,489.11
697,0.334077,92.1875,525.58
698,0.202637,95.3125,482.26
699,0.076171,96.8750,497.07
700,0.226427,87.5000,516.15
701,0.209462,93.7500,479.00
702,0.332376,89.0625,485.62
703,0.250742,90.6250,484.40
704,0.281837,92.1875,478.72
705,0.185441,89.0625,509.81
706,0.310735,90.6250,551.08
707,0.251466,93.7500,472.08
708,0.165390,98.4375,583.91
709,0.549580,85.9375,475.63
710,0.232261,90.6250,489.11
711,0.357566,90.6250,673.24
712,0.321607,90.6250,646.49
713,0.193871,96.8750,606.73
714,0.190438,92.1875,533.57
715,0.260580,89.0625,512.02
716,0.103952,98.4375,605.07
717,0.227509,90.6250,560.19
718,0.107288,93.7500,519.52
719,0.223728,89.0625,642.00
720,0.137486,93.7500,539.48
721,0.269129,92.1875,484.58
722,0.339150,90.6250,487.94
723,0.151750,92.1875,549.74
724,0.262840,85.9375,492.49
725,0.199898,92.1875,529.53
726,0.278465,93.7500,518.86
727,0.210399,90.6250,499.49
728,0.133440,95.3125,569.01
729,0.236091,90.6250,529.85
730,0.260053,92.1875,522.92
731,0.090663,96.8750,628.59
732,0.136968,95.3125,652.05
733,0.115751,96.8750,694.96
734,0.185015,93.7500,607.22
735,0.115755,95.3125,551.82
736,0.430020,87.5000,503.83
737,0.329262,93.7500,490.83
738,0.293766,92.1875,567.29
739,0.193415,92.1875,486.54
740,0.179936,93.7500,521.77
741,0.350203,92.1875,510.45
742,0.159970,95.3125,617.76
743,0.227866,92.1875,734.67
744,0.281627,92.1875,536.32
745,0.393772,93.7500,516.73
746,0.156350,95.3125,484.26
747,0.175784,95.3125,482.88
748,0.193836,92.1875,548.85
749,0.312059,89.0625,488.76
750,0.350356,92.1875,493.46
751,0.122964,96.8750,669.73
752,0.322162,92.1875,508.69
753,0.318789,90.6250,510.31
754,0.345789,85.9375,470.75
755,0.167926,93.7500,476.02
756,0.416531,90.6250,549.88
757,0.170710,95.3125,468.68
758,0.256922,90.6250,487.68
759,0.333151,90.6250,511.05
760,0.281021,90.6250,471.54
761,0.241680,90.6250,508.45
762,0.281987,92.1875,496.66
763,0.228000,92.1875,488.37
764,0.290811,92.1875,530.14
765,0.080346,98.4375,491.23
766,0.187850,93.7500,482.14
767,0.223860,93.7500,527.15
768,0.237988,96.8750,486.74
769,0.232792,92.1875,545.67
770,0.250339,89.0625,508.58
771,0.162045,93.7500,485.58
772,0.312178,87.5000,512.23
773,0.308477,90.6250,484.11
774,0.454116,87.5000,479.63
775,0.250484,92.1875,566.77
776,0.115267,96.8750,498.90
777,0.395661,87.5000,512.81
778,0.330970,90.6250,516.12
779,0.327729,89.0625,493.59
780,0.300975,92.1875,518.11
781,0.212133,90.6250,483.77
782,0.190237,95.3125,489.01
783,0.305526,87.5000,524.10
784,0.329255,90.6250,488.12
785,0.215881,95.3125,508.98
786,0.187706,96.8750,555.42
787,0.258572,90.6250,497.37
788,0.221157,93.7500,501.56
789,0.222981,92.1875,499.87
790,0.334620,92.1875,465.56
791,0.187586,95.3125,520.18
792,0.100001,98.4375,499.05
793,0.296426,90.6250,472.38
794,0.268703,90.6250,521.26
795,0.232542,90.6250,469.48
796,0.105008,96.8750,488.97
797,0.268458,90.6250,578.83
798,0.228110,95.3125,468.99
799,0.257815,92.1875,492.42
800,0.148068,92.1875,511.10
801,0.279140,95.3125,467.97
802,0.333847,92.1875,517.41
803,0.263229,87.5000,489.62
804,0.270834,92.1875,487.53
805,0.251660,90.6250,504.16
806,0.240003,89.0625,482.49
807,0.169739,95.3125,472.93
808,0.163030,93.7500,520.19
809,0.359106,89.0625,468.58
810,0.124813,96.8750,478.96
811,0.167219,96.8750,528.86
812,0.195104,90.6250,489.96
813,0.226101,93.7500,508.29
814,0.235514,92.1875,488.09
815,0.331008,89.0625,473.60
816,0.196528,93.7500,592.82
817,0.111609,93.7500,484.91
818,0.193739,96.8750,482.80
819,0.181128,92.1875,548.08
820,0.194070,93.7500,475.99
821,0.216168,95.3125,522.32
822,0.123273,93.7500,496.02
823,0.185507,92.1875,485.33
824,0.298455,93.7500,555.40
825,0.290163,87.5000,490.47
826,0.228539,92.1875,481.95
827,0.157623,93.7500,545.99
828,0.247055,87.5000,484.38
829,0.202593,95.3125,476.88
830,0.249190,92.1875,517.73
831,0.246808,92.1875,584.43
832,0.315866,92.1875,525.33
833,0.323726,89.0625,528.73
834,0.188608,93.7500,609.60
835,0.164491,95.3125,530.66
836,0.112271,96.8750,490.52
837,0.347333,89.0625,508.14
838,0.124971,93.7500,498.88
839,0.279046,87.5000,480.83
840,0.347503,93.7500,537.38
841,0.297226,90.6250,475.52
842,0.176494,95.3125,481.94
843,0.212851,87.5000,508.66
844,0.240113,92.1875,467.88
845,0.239760,89.0625,483.82
846,0.491917,90.6250,515.91
847,0.135608,96.8750,481.86
848,0.337935,90.6250,544.77
849,0.371062,87.5000,500.62
850,0.314197,89.0625,500.48
851,0.327675,87.5000,596.10
852,0.223292,93.7500,491.00
853,0.186851,93.7500,486.88
854,0.327773,92.1875,519.01
855,0.138986,95.3125,473.13
856,0.199831,92.1875,513.01
857,0.139490,93.7500,508.51
858,0.249237,89.0625,482.14
859,0.352558,89.0625,523.68
860,0.256161,95.3125,480.54
861,0.362520,89.0625,490.00
862,0.241052,93.7500,508.86
863,0.320943,89.0625,488.20
864,0.200806,90.6250,495.98
865,0.222864,87.5000,612.01
866,0.197346,93.7500,477.16
867,0.259543,87.5000,516.76
868,0.181702,92.1875,527.79
869,0.211037,93.7500,466.50
870,0.128686,93.7500,531.03
871,0.231332,96.8750,484.04
872,0.327342,87.5000,482.48
873,0.324498,85.9375,554.42
874,0.294278,89.0625,474.26
875,0.144688,95.3125,490.24
876,0.201445,90.6250,494.68
877,0.228877,92.1875,471.34
878,0.196709,90.6250,497.04
879,0.324271,89.0625,536.47
880,0.344879,92.1875,502.73
881,0.150228,93.7500,508.29
882,0.171950,93.7500,495.83
883,0.243136,92.1875,483.18
884,0.165310,92.1875,542.99
885,0.055356,98.4375,488.00
886,0.300510,89.0625,530.21
887,0.229203,90.6250,496.99
888,0.250383,92.1875,496.42
889,0.394776,92.1875,547.26
890,0.393155,90.6250,507.15
891,0.173045,93.7500,505.35
892,0.435783,87.5000,547.94
893,0.254241,85.9375,488.41
894,0.244020,89.0625,554.11
895,0.235517,95.3125,501.63
896,0.220801,92.1875,513.86
897,0.234013,92.1875,538.17
898,0.185329,93.7500,528.06
899,0.289700,87.5000,501.19
900,0.169728,93.7500,503.58
901,0.177886,95.3125,478.66
902,0.405553,87.5000,513.90
903,0.206833,87.5000,489.11
904,0.358973,92.1875,481.69
905,0.252408,90.6250,529.70
906,0.147068,93.7500,549.47
907,0.300437,90.6250,479.60
908,0.189961,93.7500,544.13
909,0.178125,90.6250,490.62
910,0.259079,92.1875,524.41
911,0.313035,90.6250,500.09
912,0.171137,95.3125,481.72
913,0.334492,84.3750,551.32
914,0.389319,89.0625,500.69
915,0.273614,90.6250,575.42
916,0.442810,89.0625,608.75
917,0.374123,89.0625,489.96
918,0.158639,95.3125,510.49
919,0.236206,85.9375,515.74
920,0.307089,90.6250,576.04
921,0.109084,96.8750,554.24
922,0.156851,93.7500,497.91
923,0.123531,96.8750,505.23
924,0.277050,90.6250,484.99
925,0.131969,96.8750,512.49
926,0.186632,92.1875,510.92
927,0.368279,87.5000,566.42
928,0.121373,93.7500,478.79
929,0.145361,92.1875,544.63
930,0.155526,93.7500,478.99
931,0.114083,93.7500,482.98
932,0.229806,93.7500,504.30
933,0.435078,87.5000,564.40
934,0.157501,93.7500,511.97
935,0.266621,90.6250,484.62
936,0.263504,90.6250,488.96
937,0.211734,93.7500,547.66
938,0.296562,90.6250,490.07
939,0.323607,89.0625,543.58
940,0.223718,92.1875,494.44
941,0.141857,96.8750,487.92
942,0.312486,92.1875,523.72
943,0.135010,93.7500,500.14
944,0.263403,90.6250,468.66
945,0.226405,92.1875,503.53
946,0.340080,90.6250,484.53
947,0.398625,85.9375,489.55
948,0.342929,92.1875,538.91
949,0.218084,90.6250,475.08
950,0.162494,95.3125,488.14
951,0.160999,95.3125,485.49
952,0.281482,93.7500,476.49
953,0.201671,92.1875,505.68
954,0.167724,93.7500,473.17
955,0.444406,84.3750,479.75
956,0.211728,92.1875,516.20
957,0.179992,93.7500,505.10
958,0.209094,90.6250,492.44
959,0.113980,95.3125,538.20
960,0.244010,90.6250,529.23
961,0.187595,93.7500,531.80
962,0.316410,90.6250,511.26
963,0.174110,93.7500,481.36
964,0.111885,95.3125,531.24
965,0.182053,93.7500,475.62
966,0.325450,90.6250,493.16
967,0.227099,89.0625,519.67
968,0.167535,92.1875,477.98
969,0.220825,89.0625,492.13
970,0.115309,95.3125,528.19
971,0.135500,96.8750,486.60
972,0.106519,95.3125,525.16
973,0.165463,96.8750,492.34
974,0.297103,92.1875,488.05
975,0.314081,85.9375,530.79
976,0.127956,96.8750,483.96
977,0.160024,93.7500,493.70
978,0.412531,89.0625,559.65
979,0.456192,82.8125,515.96
980,0.230577,92.1875,509.25
981,0.319607,92.1875,492.75
982,0.218856,90.6250,487.25
983,0.124334,93.7500,525.91
984,0.143518,95.3125,487.20
985,0.244689,90.6250,501.31
986,0.144324,95.3125,515.26
987,0.196930,92.1875,475.28
988,0.104314,96.8750,539.98
989,0.146874,95.3125,513.82
990,0.250521,89.0625,483.85
991,0.358840,89.0625,505.70
992,0.379765,87.5000,487.44
993,0.137370,95.3125,477.20
994,0.187623,92.1875,521.70
995,0.452690,89.0625,482.58
996,0.135476,93.7500,476.31
997,0.231984,90.6250,591.95
998,0.263577,92.1875,586.97
999,0.127685,95.3125,515.97
1000,0.129834,92.1875,483.50
1001,0.292504,89.0625,480.01
1002,0.071123,96.8750,526.43
1003,0.247397,90.6250,495.71
1004,0.250516,87.5000,534.33
1005,0.360305,87.5000,558.86
1006,0.135502,95.3125,478.47
1007,0.222109,92.1875,489.41
1008,0.226101,89.0625,498.68
1009,0.267750,87.5000,466.64
1010,0.168926,96.8750,518.23
1011,0.282222,89.0625,479.40
1012,0.188053,95.3125,468.53
1013,0.224629,93.7500,519.51
1014,0.197579,90.6250,482.22
1015,0.165742,95.3125,511.63
1016,0.132305,95.3125,581.76
1017,0.377092,89.0625,468.35
1018,0.272357,89.0625,517.88
1019,0.189621,93.7500,490.42
1020,0.324885,92.1875,479.03
1021,0.178202,92.1875,510.35
1022,0.179283,90.6250,483.24
1023,0.191963,92.1875,469.57
1024,0.567564,87.5000,512.99
1025,0.402906,85.9375,486.44
1026,0.394360,85.9375,471.99
1027,0.350900,90.6250,617.08
1028,0.250732,92.1875,478.08
1029,0.267202,87.5000,524.10
1030,0.263647,93.7500,489.92
1031,0.249942,90.6250,485.14
1032,0.198332,95.3125,533.21
1033,0.440669,82.8125,490.65
1034,0.251224,92.1875,495.00
1035,0.300060,87.5000,545.84
1036,0.125610,96.8750,479.08
1037,0.139778,95.3125,472.09
1038,0.103773,96.8750,506.34
1039,0.302843,85.9375,474.94
1040,0.237254,90.6250,518.61
1041,0.242379,95.3125,486.80
1042,0.204512,93.7500,491.03
1043,0.323516,87.5000,575.20
1044,0.404454,85.9375,482.33
1045,0.258197,89.0625,495.85
1046,0.179669,92.1875,570.17
1047,0.495615,85.9375,500.03
1048,0.232546,90.6250,533.39
1049,0.277203,90.6250,486.88
1050,0.120320,93.7500,494.94
1051,0.295684,90.6250,526.97
1052,0.204324,98.4375,495.62
1053,0.186505,93.7500,484.81
1054,0.237005,90.6250,577.22
1055,0.290593,89.0625,501.00
1056,0.342011,90.6250,513.36
1057,0.253863,89.0625,501.41
1058,0.315937,90.6250,483.14
1059,0.293445,87.5000,530.24
1060,0.118250,96.8750,482.72
1061,0.146884,96.8750,492.27
1062,0.177404,96.8750,510.76
1063,0.300991,89.0625,490.27
1064,0.214735,92.1875,481.97
1065,0.247855,92.1875,534.22
1066,0.286868,92.1875,470.85
1067,0.438355,87.5000,513.83
1068,0.136980,96.8750,493.75
1069,0.227060,95.3125,481.40
1070,0.259592,90.6250,628.10
1071,0.246154,92.1875,481.15
1072,0.141052,93.7500,479.15
1073,0.446205,85.9375,569.26
1074,0.335535,89.0625,483.19
1075,0.549373,84.3750,570.24
1076,0.215811,93.7500,473.97
1077,0.255323,89.0625,484.77
1078,0.183825,90.6250,554.62
1079,0.246943,95.3125,509.37
1080,0.165542,92.1875,638.01
1081,0.335802,89.0625,486.38
1082,0.110737,96.8750,478.21
1083,0.171176,95.3125,514.69
1084,0.553759,82.8125,484.29
1085,0.244063,87.5000,481.45
1086,0.316317,98.4375,529.00
1087,0.192872,93.7500,489.48
1088,0.255397,90.6250,475.45
1089,0.104191,98.4375,501.56
1090,0.221795,95.3125,504.15
1091,0.265821,90.6250,494.53
1092,0.299510,92.1875,508.79
1093,0.232511,87.5000,468.70
1094,0.242594,93.7500,515.55
1095,0.171406,92.1875,491.35
1096,0.334034,92.1875,476.09
1097,0.391508,85.9375,515.73
1098,0.346830,89.0625,592.51
1099,0.286125,92.1875,476.12
1100,0.281067,92.1875,571.52
1101,0.258479,93.7500,475.62
1102,0.354610,85.9375,496.26
1103,0.285695,89.0625,493.14
1104,0.156664,92.1875,485.14
1105,0.322746,92.1875,501.69
1106,0.136936,95.3125,478.18
1107,0.157500,95.3125,472.35
1108,0.156643,95.3125,512.36
1109,0.263512,93.7500,471.70
1110,0.287760,92.1875,490.72
1111,0.290363,89.0625,547.95
1112,0.137757,95.3125,489.48
1113,0.140231,92.1875,494.93
1114,0.080253,98.4375,543.37
1115,0.178657,92.1875,501.71
1116,0.124172,96.8750,529.29
1117,0.221292,96.8750,489.60
1118,0.205109,95.3125,512.25
1119,0.313418,89.0625,549.17
1120,0.263098,87.5000,476.10
1121,0.222480,90.6250,486.64
1122,0.213486,93.7500,513.20
1123,0.253705,93.7500,493.19
1124,0.377559,85.9375,529.84
1125,0.219133,93.7500,542.37
1126,0.133818,95.3125,485.96
1127,0.131642,95.3125,528.12
1128,0.169161,93.7500,501.65
1129,0.349062,85.9375,505.29
1130,0.117453,96.8750,502.82
1131,0.332111,90.6250,479.98
1132,0.269194,92.1875,484.21
1133,0.109235,93.7500,497.97
1134,0.191687,92.1875,479.73
1135,0.348805,89.0625,658.14
1136,0.114464,95.3125,497.33
1137,0.151536,95.3125,486.68
1138,0.173648,92.1875,547.92
1139,0.449604,87.5000,477.04
1140,0.097030,93.7500,506.60
1141,0.356743,90.6250,500.25
1142,0.482927,87.5000,563.30
1143,0.280410,89.0625,525.86
1144,0.072253,96.8750,488.96
1145,0.089507,96.8750,478.86
1146,0.062068,98.4375,561.26
1147,0.208075,89.0625,476.17
1148,0.154570,92.1875,500.25
1149,0.233646,93.7500,506.55
1150,0.113262,96.8750,472.96
1151,0.267221,90.6250,530.52
1152,0.139217,95.3125,536.50
1153,0.416956,87.5000,477.79
1154,0.196693,92.1875,524.82
1155,0.183912,92.1875,564.18
1156,0.152594,93.7500,501.44
1157,0.458398,85.9375,481.20
1158,0.181446,93.7500,474.10
1159,0.226055,90.6250,519.96
1160,0.243194,92.1875,488.69
1161,0.189303,92.1875,469.31
1162,0.235796,92.1875,602.59
1163,0.287541,92.1875,506.87
1164,0.199634,95.3125,484.76
1165,0.274561,93.7500,518.08
1166,0.144542,96.8750,509.96
1167,0.148464,92.1875,522.05
1168,0.188136,95.3125,491.62
1169,0.098642,96.8750,462.33
1170,0.315889,90.6250,524.39
1171,0.145773,95.3125,487.71
1172,0.319049,93.7500,473.51
1173,0.312745,92.1875,562.36
1174,0.205458,93.7500,478.62
1175,0.211327,92.1875,482.27
1176,0.390242,85.9375,508.16
1177,0.061445,95.3125,483.32
1178,0.208670,90.6250,523.21
1179,0.209390,92.1875,484.47
1180,0.335942,95.3125,586.74
1181,0.221230,95.3125,515.99
1182,0.172427,92.1875,495.84
1183,0.408969,90.6250,485.40
1184,0.250060,95.3125,537.59
1185,0.330684,90.6250,492.44
1186,0.183077,92.1875,522.25
1187,0.288192,89.0625,496.67
1188,0.147557,95.3125,482.32
1189,0.597634,84.3750,591.50
1190,0.180102,96.8750,478.87
1191,0.487497,87.5000,487.59
1192,0.207989,93.7500,557.85
1193,0.136583,93.7500,501.99
1194,0.398100,85.9375,525.33
1195,0.196025,93.7500,496.59
1196,0.183137,92.1875,507.78
1197,0.462309,89.0625,527.68
1198,0.054501,98.4375,497.34
1199,0.150825,95.3125,488.08
1200,0.330807,89.0625,573.53
1201,0.260319,90.6250,506.86
1202,0.144197,92.1875,529.49
1203,0.273056,89.0625,479.44
1204,0.394544,85.9375,481.85
1205,0.310556,87.5000,536.65
1206,0.307322,90.6250,497.40
1207,0.117567,95.3125,533.81
1208,0.199355,93.7500,550.53
1209,0.133173,93.7500,475.90
1210,0.067911,98.4375,486.65
1211,0.208780,93.7500,521.57
1212,0.163549,92.1875,486.58
1213,0.387551,87.5000,518.77
1214,0.272283,90.6250,502.90
1215,0.143575,95.3125,481.46
1216,0.232026,92.1875,531.44
1217,0.137140,95.3125,489.94
1218,0.166538,92.1875,484.88
1219,0.262432,90.6250,558.89
1220,0.221320,90.6250,498.76
1221,0.157869,96.8750,517.57
1222,0.342604,89.0625,512.39
1223,0.473805,87.5000,479.12
1224,0.359418,89.0625,521.02
1225,0.137831,93.7500,491.10
1226,0.315876,87.5000,482.68
1227,0.221010,87.5000,552.80
1228,0.251020,92.1875,481.38
1229,0.221698,95.3125,520.55
1230,0.212267,92.1875,499.09
1231,0.144284,93.7500,480.66
1232,0.127328,96.8750,510.32
1233,0.307001,92.1875,500.41
1234,0.186358,95.3125,545.93
1235,0.231939,92.1875,509.02
1236,0.215199,90.6250,516.40
1237,0.341101,90.6250,604.16
1238,0.211176,92.1875,534.27
1239,0.149944,95.3125,494.83
1240,0.207042,95.3125,545.47
1241,0.117301,95.3125,491.67
1242,0.329675,92.1875,464.13
1243,0.208495,92.1875,576.52
1244,0.150015,93.7500,656.99
1245,0.224808,92.1875,524.80
1246,0.316634,87.5000,538.72
1247,0.175836,92.1875,479.13
1248,0.260048,89.0625,539.77
1249,0.207031,92.1875,479.36
1250,0.151943,95.3125,470.82
1251,0.188679,92.1875,528.58
1252,0.413487,85.9375,480.01
1253,0.281773,93.7500,513.50
1254,0.105472,96.8750,501.82
1255,0.190379,93.7500,486.22
1256,0.351186,89.0625,542.54
1257,0.331364,93.7500,495.67
1258,0.153191,95.3125,480.33
1259,0.333260,85.9375,537.93
1260,0.270828,90.6250,503.29
1261,0.225225,90.6250,588.21
1262,0.162602,95.3125,514.74
1263,0.352073,90.0000,333.24
