batch_idx,loss,accuracy,time_ms
1,3.486377,1.5625,707.80
2,3.434825,3.1250,504.11
3,3.262186,6.2500,578.62
4,3.366778,6.2500,513.85
5,3.358635,10.9375,514.97
6,3.440789,1.5625,623.54
7,3.381492,4.6875,518.57
8,3.338761,3.1250,645.48
9,3.371737,3.1250,514.26
10,3.316074,6.2500,577.09
11,3.253075,7.8125,516.69
12,3.244148,7.8125,530.43
13,3.268951,1.5625,599.33
14,3.301780,0.0000,513.63
15,3.222505,6.2500,582.52
16,3.302043,7.8125,512.44
17,3.347432,6.2500,655.51
18,3.235847,4.6875,512.16
19,3.170146,9.3750,583.11
20,3.372040,3.1250,512.81
21,3.317487,6.2500,550.72
22,3.257550,9.3750,540.04
23,3.273493,3.1250,533.53
24,3.294190,6.2500,599.39
25,3.228949,1.5625,558.02
26,3.188275,6.2500,546.79
27,3.165149,4.6875,505.21
28,3.265110,3.1250,579.25
29,3.206768,7.8125,505.34
30,3.258932,3.1250,605.51
31,3.190521,6.2500,508.32
32,3.173201,7.8125,563.23
33,3.269623,4.6875,509.57
34,3.092916,10.9375,552.13
35,3.077164,10.9375,552.86
36,3.172470,3.1250,528.32
37,3.152649,7.8125,598.61
38,3.147978,10.9375,508.24
39,3.120325,6.2500,592.96
40,3.023316,9.3750,512.97
41,3.163617,3.1250,568.92
42,3.065058,3.1250,512.39
43,3.147000,4.6875,511.49
44,3.149316,4.6875,609.06
45,3.273046,6.2500,515.93
46,3.199476,7.8125,576.38
47,3.244565,4.6875,516.44
48,3.164255,9.3750,578.53
49,3.124444,10.9375,525.88
50,3.212264,3.1250,580.60
51,3.096883,7.8125,520.83
52,3.194607,6.2500,570.80
53,3.053304,4.6875,538.74
54,3.188996,4.6875,519.98
55,3.149023,12.5000,642.36
56,3.059531,14.0625,538.32
57,3.172147,4.6875,584.59
58,3.117290,4.6875,517.67
59,3.076881,12.5000,606.33
60,3.182222,7.8125,525.13
61,3.068546,12.5000,581.98
62,3.033123,7.8125,499.32
63,3.123278,10.9375,574.68
64,3.031735,15.6250,514.07
65,3.138242,4.6875,539.46
66,3.066301,12.5000,584.21
67,3.062899,15.6250,547.95
68,3.133702,9.3750,575.46
69,3.006630,12.5000,566.74
70,2.981523,15.6250,517.07
71,2.934352,18.7500,517.69
72,3.060436,6.2500,643.84
73,3.109863,9.3750,513.55
74,3.065066,6.2500,570.64
75,3.057725,17.1875,514.94
76,3.037735,15.6250,512.28
77,3.013222,10.9375,657.94
78,2.838797,17.1875,516.20
79,2.997173,12.5000,574.70
80,2.978024,15.6250,511.20
81,2.873133,18.7500,579.12
82,2.888696,10.9375,529.61
83,2.963223,12.5000,515.08
84,2.858546,20.3125,653.28
85,2.953796,14.0625,515.48
86,2.840032,14.0625,571.34
87,2.913440,18.7500,514.60
88,3.013156,12.5000,517.71
89,2.932127,18.7500,646.36
90,3.008752,9.3750,519.04
91,2.839971,15.6250,599.01
92,2.823349,17.1875,520.18
93,2.936736,12.5000,567.64
94,2.907425,12.5000,549.48
95,2.998785,7.8125,512.55
96,2.942916,12.5000,651.94
97,2.880944,15.6250,517.35
98,2.985480,20.3125,584.27
99,2.785910,17.1875,516.79
100,2.861050,14.0625,564.87
101,2.927799,10.9375,539.63
102,2.793329,12.5000,514.53
103,2.832507,21.8750,651.36
104,2.803679,17.1875,546.99
105,2.850853,7.8125,569.20
106,2.933299,10.9375,573.80
107,2.886727,17.1875,513.42
108,2.828244,20.3125,569.11
109,2.788185,17.1875,512.42
110,2.799252,17.1875,512.45
111,2.829369,12.5000,639.78
112,2.955046,9.3750,513.28
113,2.943667,15.6250,653.66
114,2.682855,18.7500,519.03
115,2.769094,14.0625,584.96
116,2.591591,14.0625,507.56
117,2.665955,10.9375,564.58
118,3.076857,15.6250,546.62
119,2.736096,15.6250,514.90
120,2.567831,23.4375,622.91
121,2.775434,18.7500,512.69
122,2.697009,15.6250,571.53
123,2.752594,18.7500,500.79
124,2.665300,21.8750,518.77
125,2.787160,10.9375,628.84
126,2.617925,20.3125,512.88
127,2.705297,18.7500,646.14
128,2.680017,15.6250,510.73
129,2.749333,14.0625,591.05
130,2.600672,18.7500,510.69
131,2.582490,29.6875,570.10
132,2.712230,15.6250,567.54
133,2.594744,18.7500,582.57
134,2.604577,17.1875,512.08
135,2.542082,25.0000,514.67
136,2.617465,21.8750,654.55
137,2.534188,20.3125,531.54
138,2.596427,26.5625,583.06
139,2.737219,26.5625,567.42
140,2.620391,25.0000,514.50
141,2.688147,15.6250,511.99
142,2.793893,17.1875,646.51
143,2.562657,20.3125,517.85
144,2.433527,20.3125,625.06
145,2.601814,21.8750,515.51
146,2.617200,20.3125,589.26
147,2.480726,21.8750,515.84
148,2.706534,17.1875,637.87
149,2.730589,14.0625,515.39
150,2.452712,25.0000,628.23
151,2.535549,15.6250,517.32
152,2.465194,23.4375,654.35
153,2.668024,17.1875,511.47
154,2.583853,17.1875,587.28
155,2.525350,20.3125,513.78
156,2.482578,23.4375,580.49
157,2.587780,21.8750,512.86
158,2.543634,21.8750,572.30
159,2.535729,26.5625,540.49
160,2.332162,39.0625,561.11
161,2.595606,21.8750,566.97
162,2.575709,26.5625,568.75
163,2.440228,20.3125,546.07
164,2.488728,32.8125,509.02
165,2.543877,20.3125,655.26
166,2.475526,25.0000,516.84
167,2.531772,20.3125,668.45
168,2.352461,26.5625,516.39
169,2.414710,26.5625,627.77
170,2.479405,23.4375,515.23
171,2.451120,26.5625,592.96
172,2.427354,21.8750,516.73
173,2.315428,26.5625,534.63
174,2.457514,23.4375,591.94
175,2.272363,32.8125,511.17
176,2.394375,35.9375,601.59
177,2.569349,18.7500,516.65
178,2.313693,26.5625,606.13
179,2.317108,39.0625,516.25
180,2.556616,15.6250,563.05
181,2.133671,37.5000,547.69
182,2.408950,28.1250,510.03
183,2.644601,23.4375,624.96
184,2.189407,29.6875,501.07
185,2.248187,31.2500,573.44
186,2.209379,35.9375,529.35
187,2.334753,26.5625,511.48
188,2.316437,31.2500,608.32
189,2.358320,32.8125,555.77
190,2.382005,28.1250,564.82
191,2.179973,35.9375,565.40
192,2.164901,31.2500,534.32
193,2.224641,28.1250,567.23
194,2.212822,34.3750,528.95
195,2.183908,32.8125,518.98
196,2.483606,26.5625,625.71
197,2.260629,32.8125,562.60
198,2.004290,48.4375,558.20
199,2.223243,26.5625,568.26
200,2.258425,25.0000,512.06
201,2.023175,39.0625,563.83
202,1.970011,42.1875,537.98
203,2.084761,40.6250,584.59
204,2.162530,32.8125,523.40
205,2.107714,25.0000,571.31
206,2.237016,26.5625,516.27
207,2.023006,37.5000,512.34
208,2.167635,31.2500,607.11
209,2.189203,39.0625,512.68
210,2.094942,39.0625,619.10
211,2.125885,34.3750,516.01
212,1.983105,37.5000,669.74
213,2.038588,31.2500,524.77
214,2.122134,42.1875,650.84
215,2.240981,29.6875,501.44
216,1.895884,45.3125,622.39
217,2.012692,28.1250,502.42
218,2.094686,25.0000,560.61
219,1.989163,43.7500,501.71
220,2.114781,32.8125,498.67
221,1.991082,34.3750,635.62
222,2.100000,32.8125,497.81
223,2.056766,35.9375,628.04
224,2.066801,42.1875,500.49
225,1.907874,37.5000,564.69
226,1.866977,46.8750,521.14
227,1.974867,32.8125,501.43
228,1.978609,45.3125,595.91
229,1.892485,42.1875,546.21
230,1.781764,45.3125,535.50
231,2.018684,39.0625,496.42
232,2.062924,40.6250,599.44
233,2.069330,39.0625,499.15
234,1.983714,32.8125,591.36
235,1.916079,35.9375,499.67
236,1.824946,34.3750,581.56
237,1.863197,39.0625,497.65
238,1.859517,40.6250,530.50
239,2.029759,35.9375,570.26
240,1.763193,42.1875,500.71
241,1.936301,35.9375,579.14
242,2.125482,39.0625,497.19
243,2.013898,34.3750,503.65
244,1.735396,50.0000,628.58
245,1.864868,34.3750,497.89
246,1.904909,28.1250,656.25
247,2.245553,31.2500,523.41
248,1.986878,37.5000,582.81
249,1.789747,43.7500,502.60
250,2.048518,31.2500,558.50
251,1.912301,39.0625,518.49
252,1.745584,43.7500,504.87
253,1.851900,45.3125,650.14
254,1.746794,37.5000,495.65
255,1.860846,45.3125,578.61
256,1.795989,51.5625,492.69
257,1.735715,40.6250,493.42
258,1.960646,35.9375,609.44
259,1.835348,39.0625,496.16
260,1.730233,42.1875,583.15
261,1.877348,39.0625,496.34
262,1.732245,42.1875,492.36
263,1.787376,53.1250,608.77
264,2.126625,25.0000,496.94
265,1.758983,43.7500,562.75
266,1.851460,35.9375,519.74
267,1.911978,39.0625,499.69
268,1.728863,46.8750,621.14
269,1.597772,50.0000,498.66
270,1.630890,46.8750,624.17
271,1.694018,37.5000,507.22
272,1.781785,40.6250,635.18
273,1.851055,40.6250,501.01
274,1.615242,46.8750,565.29
275,1.797097,31.2500,502.89
276,1.745164,37.5000,528.09
277,1.675661,46.8750,574.31
278,1.717961,48.4375,499.84
279,1.717096,50.0000,603.28
280,1.674512,48.4375,487.45
281,1.678200,48.4375,611.72
282,1.665199,48.4375,501.78
283,1.632033,48.4375,565.61
284,1.698355,46.8750,498.07
285,1.830245,40.6250,537.20
286,1.555635,57.8125,556.45
287,1.754122,46.8750,500.40
288,1.479647,56.2500,562.24
289,1.596845,54.6875,497.29
290,1.574714,40.6250,500.22
291,1.881940,40.6250,631.46
292,1.810453,50.0000,502.92
293,1.457311,43.7500,519.51
294,1.691802,51.5625,564.88
295,1.942883,35.9375,519.81
296,1.710707,40.6250,581.66
297,1.448247,56.2500,497.92
298,1.729503,43.7500,600.57
299,1.687167,50.0000,507.27
300,1.626347,45.3125,646.96
301,1.914679,34.3750,500.49
302,1.690585,46.8750,550.55
303,1.492425,48.4375,547.77
304,1.493872,54.6875,556.09
305,1.601341,48.4375,504.47
306,1.458389,51.5625,498.53
307,1.577679,51.5625,588.27
308,1.726548,40.6250,500.23
309,1.642295,50.0000,524.86
310,1.526442,51.5625,567.96
311,1.735683,40.6250,498.44
312,1.603419,48.4375,595.72
313,1.671535,48.4375,507.81
314,1.533729,54.6875,639.28
315,1.563649,45.3125,494.78
316,1.446950,54.6875,552.66
317,1.614625,48.4375,520.20
318,1.473294,48.4375,501.35
319,1.852730,45.3125,639.55
320,1.606549,53.1250,500.09
321,1.299461,60.9375,586.06
322,1.650003,48.4375,500.61
323,1.550472,50.0000,569.23
324,1.326449,64.0625,498.53
325,1.483263,53.1250,498.51
326,1.424625,68.7500,580.14
327,1.670464,45.3125,504.03
328,1.353628,56.2500,557.88
329,1.220094,59.3750,503.22
330,1.391549,46.8750,564.65
331,1.645605,48.4375,499.30
332,1.571250,50.0000,494.14
333,1.332325,60.9375,623.24
334,1.749093,40.6250,492.66
335,1.610611,48.4375,566.27
336,1.458095,57.8125,497.94
337,1.434400,62.5000,583.40
338,1.546153,51.5625,496.29
339,1.645490,34.3750,559.82
340,1.627884,45.3125,522.85
341,1.375017,54.6875,499.56
342,1.712366,40.6250,636.09
343,1.537278,53.1250,498.68
344,1.502421,54.6875,605.82
345,1.489009,54.6875,495.92
346,1.507985,50.0000,584.36
347,1.522510,43.7500,496.47
348,1.344309,56.2500,551.48
349,1.359800,57.8125,526.57
350,1.109664,62.5000,550.29
351,1.746182,40.6250,523.60
352,1.303671,57.8125,523.22
353,1.280262,60.9375,569.11
354,1.521389,51.5625,525.73
355,1.208738,60.9375,564.39
356,1.552128,48.4375,493.13
357,1.213945,64.0625,563.80
358,1.374457,57.8125,499.48
359,1.084882,71.8750,568.71
360,1.380685,48.4375,498.04
361,1.121025,70.3125,520.40
362,1.281912,65.6250,597.22
363,1.523919,50.0000,563.44
364,1.333005,53.1250,496.37
365,1.496321,50.0000,495.10
366,1.515057,54.6875,590.47
367,1.652965,51.5625,498.97
368,1.232607,59.3750,598.50
369,1.594508,54.6875,499.79
370,1.360769,56.2500,562.04
371,1.167516,62.5000,496.01
372,1.430920,53.1250,502.97
373,1.477922,54.6875,615.52
374,1.611479,43.7500,500.46
375,1.397152,48.4375,561.99
376,1.316726,59.3750,499.89
377,1.389104,53.1250,586.73
378,1.608001,35.9375,498.92
379,1.443951,54.6875,619.75
380,1.445726,51.5625,498.91
381,1.264586,57.8125,582.44
382,1.439366,54.6875,500.85
383,1.289979,59.3750,522.62
384,1.372281,56.2500,564.93
385,1.250625,60.9375,500.93
386,1.394540,56.2500,589.12
387,1.215553,62.5000,508.02
388,1.624094,42.1875,526.23
389,1.187480,64.0625,562.02
390,1.364572,57.8125,499.68
391,1.110354,59.3750,608.46
392,1.536540,46.8750,503.32
393,1.287802,65.6250,566.22
394,1.170344,65.6250,502.30
395,1.540067,46.8750,501.53
396,1.181969,62.5000,650.49
397,1.155597,64.0625,497.21
398,1.136140,65.6250,556.64
399,1.331137,56.2500,499.66
400,1.268572,57.8125,558.99
401,1.161394,64.0625,497.49
402,1.046333,62.5000,552.45
403,1.264909,60.9375,541.70
404,1.167589,64.0625,551.15
405,1.187207,59.3750,513.12
406,1.285583,60.9375,551.70
407,1.138686,59.3750,542.74
408,1.183207,62.5000,553.16
409,1.264946,57.8125,500.47
410,1.432973,50.0000,581.71
411,1.036123,65.6250,499.58
412,1.255058,57.8125,526.85
413,1.206817,59.3750,567.08
414,1.364887,51.5625,502.90
415,1.483810,53.1250,602.12
416,1.304534,59.3750,500.13
417,1.209611,62.5000,574.46
418,0.913563,73.4375,501.84
419,1.099864,64.0625,500.86
420,1.173106,62.5000,630.27
421,1.238788,64.0625,545.61
422,1.168526,57.8125,556.00
423,0.982945,70.3125,496.86
424,1.026536,68.7500,624.94
425,0.994954,71.8750,509.01
426,1.132131,62.5000,619.95
427,1.296655,56.2500,505.25
428,1.184404,62.5000,585.87
429,1.209509,68.7500,504.85
430,1.074255,67.1875,579.38
431,1.211518,59.3750,498.26
432,1.280000,53.1250,550.23
433,1.177779,59.3750,503.73
434,1.122161,57.8125,498.76
435,1.202826,59.3750,603.17
436,1.102407,70.3125,499.81
437,1.322160,51.5625,605.95
438,1.222098,54.6875,502.08
439,1.185254,62.5000,615.44
440,1.161550,68.7500,499.55
441,1.187042,62.5000,624.15
442,1.335930,65.6250,498.08
443,1.263654,64.0625,577.35
444,1.181615,62.5000,501.84
445,1.062332,65.6250,574.81
446,0.902786,73.4375,500.52
447,1.012417,67.1875,530.97
448,1.051673,62.5000,539.81
449,1.475544,57.8125,505.03
450,1.162300,57.8125,589.56
451,1.246996,57.8125,538.27
452,0.931200,68.7500,549.48
453,0.948399,71.8750,552.59
454,1.270937,62.5000,498.81
455,1.148712,54.6875,565.60
456,1.089604,67.1875,498.23
457,0.976043,68.7500,532.94
458,1.205845,62.5000,558.73
459,1.127431,64.0625,500.16
460,1.355535,54.6875,582.21
461,1.087517,62.5000,507.30
462,1.283570,57.8125,588.16
463,1.054492,68.7500,501.35
464,0.928274,71.8750,559.35
465,0.916584,67.1875,519.78
466,1.248842,56.2500,570.91
467,1.121590,64.0625,499.85
468,1.113706,64.0625,502.54
469,1.088149,62.5000,607.06
470,1.177483,59.3750,500.07
471,0.930955,76.5625,650.48
472,0.895180,71.8750,501.32
473,1.124587,62.5000,643.31
474,0.957682,67.1875,498.74
475,1.145567,65.6250,640.21
476,1.186071,60.9375,500.80
477,1.079023,65.6250,573.89
478,0.970525,71.8750,499.48
479,1.081810,60.9375,502.64
480,1.147980,59.3750,600.98
481,1.480475,48.4375,524.47
482,1.055939,65.6250,601.56
483,0.904447,71.8750,503.10
484,1.005324,67.1875,568.50
485,1.190333,60.9375,501.75
486,1.095054,65.6250,595.27
487,0.859053,73.4375,496.65
488,0.992568,68.7500,592.82
489,1.166225,67.1875,501.40
490,1.184068,62.5000,603.89
491,1.107557,70.3125,498.46
492,1.113703,70.3125,525.69
493,1.334343,54.6875,589.47
494,1.221202,54.6875,495.35
495,1.004366,62.5000,614.08
496,0.997526,70.3125,559.75
497,1.106570,64.0625,536.88
498,0.951636,64.0625,583.14
499,1.330945,59.3750,501.95
500,1.416509,57.8125,542.47
501,0.913498,71.8750,545.69
502,1.115421,56.2500,497.59
503,0.982837,64.0625,622.74
504,0.960538,67.1875,496.47
505,1.097236,67.1875,596.21
506,1.128619,57.8125,516.03
507,0.970460,68.7500,569.03
508,1.181151,60.9375,496.37
509,1.244514,51.5625,589.07
510,0.940635,64.0625,499.68
511,0.969079,67.1875,497.88
512,1.079787,65.6250,615.64
513,1.163150,62.5000,496.65
514,1.289883,60.9375,615.21
515,1.043086,65.6250,500.65
516,1.316996,60.9375,570.19
517,1.179398,59.3750,497.44
518,1.151578,62.5000,499.49
519,1.209784,59.3750,629.12
520,1.051861,62.5000,496.21
521,1.225276,70.3125,571.85
522,1.240939,62.5000,499.43
523,0.990505,67.1875,506.16
524,0.944481,70.3125,635.28
525,1.083081,65.6250,515.18
526,0.848269,71.8750,582.97
527,1.278055,64.0625,515.28
528,1.262734,59.3750,577.42
529,1.007409,68.7500,548.56
530,0.968897,71.8750,516.89
531,1.144151,68.7500,500.38
532,0.944370,75.0000,592.98
533,1.081888,64.0625,499.37
534,0.997504,60.9375,628.12
535,0.939947,60.9375,500.08
536,0.965614,67.1875,538.58
537,1.180074,59.3750,566.02
538,0.864327,73.4375,497.76
539,0.818855,73.4375,616.60
540,0.947391,64.0625,502.11
541,1.167866,64.0625,645.39
542,1.183855,59.3750,497.52
543,1.017871,71.8750,559.88
544,0.825504,68.7500,496.20
545,0.843986,73.4375,502.55
546,0.980226,76.5625,597.34
547,0.853650,67.1875,530.59
548,1.075990,67.1875,541.04
549,1.346356,60.9375,497.18
550,1.021443,76.5625,616.53
551,1.279184,60.9375,494.49
552,0.972428,75.0000,555.87
553,1.049508,65.6250,499.26
554,1.131605,64.0625,500.10
555,0.837658,70.3125,587.56
556,1.173692,70.3125,496.19
557,1.013616,76.5625,565.09
558,0.789290,75.0000,499.44
559,1.023366,64.0625,496.47
560,0.843391,73.4375,613.55
561,1.210217,67.1875,521.11
562,1.028905,71.8750,566.16
563,0.870082,73.4375,494.38
564,1.114591,62.5000,571.99
565,1.016929,64.0625,506.39
566,0.990256,64.0625,515.66
567,0.938634,75.0000,589.99
568,0.809648,67.1875,499.21
569,1.049847,71.8750,598.91
570,0.781578,78.1250,498.62
571,0.761651,75.0000,631.98
572,1.099121,65.6250,505.94
573,1.193917,59.3750,596.60
574,1.148602,54.6875,500.66
575,0.966488,70.3125,595.26
576,0.784173,70.3125,500.76
577,1.037918,68.7500,553.74
578,0.983855,67.1875,502.64
579,1.098095,64.0625,520.57
580,0.883203,68.7500,573.45
581,0.820644,65.6250,498.66
582,1.050167,65.6250,582.95
583,0.878764,79.6875,500.81
584,0.938320,67.1875,504.41
585,0.986738,67.1875,641.33
586,0.791176,82.8125,495.79
587,0.881303,70.3125,515.92
588,0.728149,75.0000,564.14
589,1.078445,64.0625,496.09
590,0.937307,70.3125,640.66
591,1.234625,51.5625,502.77
592,0.698066,78.1250,592.20
593,1.182530,59.3750,500.02
594,0.923126,71.8750,585.47
595,0.943092,79.6875,498.87
596,1.000116,68.7500,497.31
597,1.115617,64.0625,643.20
598,0.764621,75.0000,500.39
599,0.974008,70.3125,607.22
600,1.146289,65.6250,530.88
601,0.971891,71.8750,548.68
602,1.193344,62.5000,564.81
603,0.954599,64.0625,514.18
604,1.039976,59.3750,505.23
605,0.900348,71.8750,590.81
606,1.144303,67.1875,497.29
607,0.835512,73.4375,590.55
608,0.944163,67.1875,503.50
609,0.778502,71.8750,575.86
610,0.722580,81.2500,492.09
611,0.973262,65.6250,537.71
612,0.855160,70.3125,552.22
613,0.948841,75.0000,493.63
614,0.768039,78.1250,560.89
615,0.947739,70.3125,492.08
616,0.994414,70.3125,488.83
617,0.910898,70.3125,589.13
618,1.048604,65.6250,532.64
619,0.981662,71.8750,573.65
620,0.867574,71.8750,546.19
621,1.086903,65.6250,562.95
622,0.877747,68.7500,497.29
623,1.153504,68.7500,645.01
624,0.940975,70.3125,499.87
625,0.781576,76.5625,544.43
626,0.854082,70.3125,518.88
627,0.694208,73.4375,498.65
628,0.810390,76.5625,588.84
629,0.796523,78.1250,485.25
630,0.945444,68.7500,605.84
631,0.965609,64.0625,492.21
632,0.898735,76.5625,634.32
633,0.779734,79.6875,501.49
634,0.766491,75.0000,586.52
635,0.776582,75.0000,504.17
636,0.764491,70.3125,550.87
637,0.665837,70.3125,543.09
638,0.738816,75.0000,550.73
639,1.067870,67.1875,539.73
640,1.088510,62.5000,496.59
641,0.692435,79.6875,595.62
642,1.168183,62.5000,497.64
643,0.806275,76.5625,612.51
644,0.817877,71.8750,498.88
645,0.703685,76.5625,618.86
646,0.840633,73.4375,508.20
647,1.132993,65.6250,591.91
648,0.962299,71.8750,500.84
649,0.777248,78.1250,610.52
650,0.846627,71.8750,502.60
651,0.953427,67.1875,552.98
652,0.928765,73.4375,502.10
653,1.143653,62.5000,504.40
654,0.892934,79.6875,628.56
655,0.903997,64.0625,498.27
656,0.998880,70.3125,628.92
657,0.823741,76.5625,503.10
658,0.958980,71.8750,554.27
659,0.737846,73.4375,499.13
660,0.970503,70.3125,526.63
661,0.757039,78.1250,547.22
662,1.080152,65.6250,494.82
663,0.765312,70.3125,599.21
664,0.829738,71.8750,497.62
665,0.851003,71.8750,583.58
666,1.080976,60.9375,499.32
667,1.008166,65.6250,498.34
668,0.872986,73.4375,655.56
669,1.027073,65.6250,494.40
670,0.874209,68.7500,577.75
671,0.809170,79.6875,495.98
672,1.012830,62.5000,561.97
673,1.060529,67.1875,532.42
674,0.635144,78.1250,533.17
675,0.916639,70.3125,567.61
676,0.893263,68.7500,546.64
677,0.807188,78.1250,518.14
678,0.902123,71.8750,575.43
679,0.885863,68.7500,498.42
680,0.870290,71.8750,535.79
681,0.827001,76.5625,555.05
682,1.010675,67.1875,567.92
683,0.745851,79.6875,500.38
684,1.046404,67.1875,569.64
685,0.632876,79.6875,499.74
686,0.907869,64.0625,565.27
687,0.873994,75.0000,499.34
688,0.962287,71.8750,495.37
689,0.846540,73.4375,602.65
690,0.747544,82.8125,521.26
691,0.794421,75.0000,577.61
692,0.722181,76.5625,524.21
693,0.806157,71.8750,579.00
694,0.847999,73.4375,558.83
695,0.932462,64.0625,535.52
696,0.986615,65.6250,543.31
697,0.973733,68.7500,550.05
698,0.737813,73.4375,517.78
699,1.129067,59.3750,586.81
700,0.742777,78.1250,496.89
701,0.853311,70.3125,564.47
702,0.792049,73.4375,499.00
703,0.755139,70.3125,581.84
704,0.734974,67.1875,502.64
705,0.628005,85.9375,500.08
706,0.870756,71.8750,627.22
707,0.719212,78.1250,502.45
708,0.730604,81.2500,642.65
709,0.675121,84.3750,503.78
710,0.835099,70.3125,577.99
711,0.754954,81.2500,502.22
712,0.940620,76.5625,596.40
713,0.867913,68.7500,511.94
714,0.770290,84.3750,641.01
715,0.961561,65.6250,496.42
716,0.652797,76.5625,570.46
717,0.752651,79.6875,497.34
718,0.701710,78.1250,567.38
719,0.886614,70.3125,509.56
720,0.788597,71.8750,573.75
721,0.711688,76.5625,496.15
722,0.960615,70.3125,544.48
723,0.969439,70.3125,548.19
724,0.706033,79.6875,504.11
725,0.746581,71.8750,579.80
726,0.692044,76.5625,503.24
727,0.734798,78.1250,537.24
728,0.716204,81.2500,562.04
729,0.828565,71.8750,497.58
730,1.022249,64.0625,649.82
731,0.627578,81.2500,502.15
732,0.767684,78.1250,630.70
733,0.752082,73.4375,498.56
734,0.900359,71.8750,627.70
735,1.061736,67.1875,496.01
736,0.799616,70.3125,598.41
737,0.752295,75.0000,497.95
738,0.711064,81.2500,580.93
739,1.050693,67.1875,495.77
740,0.991328,67.1875,502.29
741,0.819179,71.8750,593.72
742,0.984767,73.4375,502.83
743,0.866552,71.8750,559.38
744,0.606612,81.2500,501.20
745,0.820287,75.0000,552.43
746,1.077706,67.1875,512.57
747,0.825830,73.4375,498.47
748,0.849479,73.4375,570.54
749,0.460228,87.5000,502.29
750,0.573812,79.6875,562.72
751,0.835444,71.8750,518.95
752,0.904515,71.8750,579.46
753,0.690200,73.4375,498.94
754,0.831427,73.4375,580.82
755,0.707790,78.1250,504.63
756,0.780507,78.1250,585.84
757,0.770866,75.0000,501.61
758,0.590774,79.6875,549.43
759,0.935385,71.8750,502.93
760,0.776279,76.5625,550.71
761,0.746494,78.1250,537.22
762,0.678825,78.1250,502.39
763,0.918898,68.7500,587.11
764,0.729837,75.0000,501.40
765,0.675538,75.0000,633.03
766,0.619022,78.1250,498.72
767,0.798267,75.0000,498.68
768,0.734141,79.6875,604.38
769,0.651224,78.1250,496.85
770,0.662457,79.6875,629.00
771,0.765318,73.4375,498.55
772,0.613035,76.5625,610.83
773,1.027682,64.0625,498.41
774,0.564717,81.2500,564.35
775,0.740008,71.8750,500.81
776,0.671409,76.5625,495.13
777,0.956688,62.5000,622.35
778,0.587435,85.9375,492.92
779,0.796735,75.0000,615.15
780,0.678779,84.3750,503.62
781,0.791148,67.1875,595.62
782,0.893961,68.7500,497.38
783,0.708051,75.0000,561.93
784,0.940633,73.4375,518.81
785,0.779329,75.0000,498.35
786,1.207283,62.5000,599.57
787,0.869810,68.7500,498.62
788,0.625842,84.3750,607.88
789,0.774060,78.1250,506.27
790,0.841610,73.4375,586.14
791,0.951217,71.8750,549.69
792,0.738528,68.7500,519.48
793,0.573190,81.2500,506.52
794,0.594292,85.9375,619.60
795,0.889202,65.6250,491.99
796,0.714850,76.5625,623.16
797,0.985969,64.0625,491.22
798,0.505488,84.3750,489.00
799,0.871554,70.3125,586.36
800,0.452975,84.3750,484.42
801,0.585582,82.8125,550.15
802,0.907681,75.0000,490.53
803,0.721276,78.1250,492.61
804,0.816318,68.7500,579.45
805,0.737247,73.4375,493.39
806,0.617786,76.5625,618.31
807,0.651364,79.6875,492.39
808,0.662126,76.5625,550.72
809,0.693133,73.4375,513.58
810,0.522140,78.1250,497.44
811,0.636282,76.5625,604.51
812,0.944108,71.8750,503.25
813,0.920532,75.0000,632.18
814,0.736075,78.1250,502.94
815,0.982805,68.7500,600.62
816,1.129487,65.6250,499.94
817,0.775810,73.4375,553.92
818,0.796802,73.4375,495.09
819,0.699274,78.1250,549.47
820,1.016030,70.3125,505.06
821,0.611027,75.0000,520.01
822,0.668254,81.2500,577.82
823,0.639622,82.8125,504.53
824,0.778259,70.3125,569.23
825,0.977061,67.1875,502.72
826,0.780442,76.5625,550.97
827,0.747412,79.6875,527.07
828,0.694966,76.5625,536.77
829,0.596708,81.2500,568.71
830,0.624775,82.8125,544.74
831,0.830298,73.4375,524.94
832,0.753344,79.6875,493.43
833,0.696659,78.1250,578.19
834,0.644631,76.5625,495.30
835,0.539970,84.3750,559.12
836,0.830069,75.0000,526.09
837,0.766296,79.6875,492.23
838,0.926612,75.0000,569.38
839,0.493335,85.9375,500.92
840,0.720184,81.2500,504.18
841,0.554095,84.3750,647.92
842,0.657967,81.2500,506.11
843,0.730691,78.1250,626.66
844,0.684202,78.1250,502.98
845,0.956276,70.3125,573.42
846,0.560323,82.8125,504.50
847,0.649957,76.5625,576.62
848,0.678155,75.0000,501.93
849,0.684786,75.0000,498.42
850,0.779798,73.4375,632.72
851,0.924677,67.1875,506.27
852,0.796724,68.7500,627.10
853,0.747166,78.1250,522.23
854,0.677133,75.0000,569.79
855,0.677170,82.8125,500.27
856,0.719358,75.0000,641.74
857,0.518762,85.9375,503.87
858,0.642203,78.1250,595.58
859,0.769966,70.3125,500.97
860,0.658310,79.6875,655.52
861,0.856909,70.3125,500.12
862,0.727669,78.1250,560.84
863,0.767404,82.8125,500.52
864,0.728075,76.5625,583.91
865,0.739822,64.0625,498.40
866,0.765854,79.6875,506.09
867,0.515697,87.5000,617.63
868,0.767687,71.8750,499.66
869,0.897312,71.8750,590.65
870,0.682586,75.0000,498.13
871,0.511923,81.2500,502.03
872,0.664637,76.5625,606.38
873,0.548204,81.2500,553.66
874,0.668434,73.4375,527.67
875,0.799225,75.0000,560.64
876,0.711493,73.4375,496.85
877,0.850255,71.8750,499.72
878,0.736426,73.4375,605.52
879,0.657243,75.0000,502.85
880,0.816665,76.5625,551.17
881,0.636840,82.8125,509.54
882,0.633617,84.3750,550.25
883,0.741825,75.0000,500.46
884,0.892496,76.5625,512.15
885,0.889606,68.7500,584.11
886,0.594238,76.5625,499.75
887,0.724351,71.8750,587.10
888,0.560102,75.0000,501.13
889,0.733364,73.4375,564.50
890,0.569000,79.6875,505.75
891,0.568103,79.6875,563.52
892,0.637832,81.2500,498.38
893,0.923536,70.3125,498.97
894,0.910445,68.7500,605.14
895,0.703256,79.6875,499.47
896,0.583790,78.1250,632.20
897,0.763650,75.0000,501.31
898,0.637543,78.1250,614.63
899,0.545475,81.2500,502.90
900,0.618105,84.3750,614.09
901,0.601330,82.8125,500.66
902,0.953600,71.8750,523.86
903,0.539718,85.9375,574.83
904,0.674511,70.3125,517.17
905,0.753169,76.5625,575.20
906,0.623929,76.5625,558.14
907,0.491939,81.2500,517.86
908,0.700661,78.1250,503.66
909,0.563346,82.8125,619.10
910,0.905727,78.1250,501.11
911,0.675275,79.6875,636.94
912,0.560165,85.9375,525.12
913,0.721379,78.1250,566.41
914,0.605990,78.1250,570.43
915,0.681147,78.1250,519.12
916,0.720040,78.1250,550.71
917,0.970523,75.0000,515.37
918,0.774226,79.6875,497.93
919,0.620349,76.5625,575.45
920,0.581658,84.3750,496.87
921,0.435538,84.3750,561.32
922,0.574964,84.3750,499.71
923,0.836969,78.1250,502.36
924,0.633607,78.1250,576.71
925,0.583562,85.9375,501.05
926,0.502963,82.8125,585.05
927,1.018955,67.1875,496.98
928,0.630606,79.6875,495.92
929,0.660954,79.6875,615.99
930,0.741703,71.8750,502.62
931,0.784956,76.5625,584.89
932,0.715256,73.4375,500.10
933,0.514470,84.3750,498.93
934,0.627522,79.6875,603.03
935,0.639853,84.3750,495.89
936,0.508250,82.8125,593.10
937,0.638061,78.1250,498.04
938,0.335694,87.5000,565.09
939,0.658842,79.6875,498.37
940,0.796997,76.5625,508.39
941,0.676963,79.6875,609.80
942,0.667140,78.1250,498.72
943,0.624495,82.8125,579.72
944,0.807593,73.4375,500.28
945,0.487777,87.5000,547.64
946,0.616798,75.0000,535.29
947,0.516099,85.9375,504.34
948,0.534051,76.5625,591.44
949,0.765886,78.1250,499.08
950,0.583945,78.1250,585.60
951,0.678525,76.5625,497.90
952,0.659917,79.6875,495.79
953,0.624515,82.8125,608.24
954,0.540208,79.6875,514.71
955,0.560109,81.2500,571.38
956,0.821163,75.0000,544.27
957,0.543144,84.3750,532.94
958,0.361628,90.6250,514.64
959,0.636889,75.0000,574.62
960,0.743955,76.5625,504.46
961,0.501853,85.9375,564.67
962,0.530428,76.5625,487.08
963,0.637705,76.5625,582.37
964,0.569612,84.3750,488.21
965,0.336623,93.7500,632.14
966,0.919640,70.3125,494.66
967,0.653264,75.0000,629.93
968,0.433640,85.9375,491.98
969,0.672256,81.2500,531.02
970,0.596022,82.8125,541.48
971,0.553178,79.6875,561.36
972,0.548643,85.9375,498.43
973,0.782870,76.5625,512.40
974,0.700435,73.4375,565.41
975,0.569887,76.5625,494.40
976,0.697014,82.8125,583.71
977,0.630895,82.8125,508.47
978,0.534319,85.9375,502.66
979,0.848359,71.8750,617.29
980,0.576743,82.8125,503.81
981,0.779472,75.0000,620.23
982,0.644753,71.8750,506.03
983,0.666183,81.2500,554.09
984,0.578424,78.1250,531.60
985,0.601246,81.2500,500.05
986,0.596821,81.2500,616.69
987,0.674046,79.6875,488.48
988,0.771415,73.4375,582.64
989,0.492530,85.9375,490.36
990,0.551673,81.2500,575.09
991,0.370161,89.0625,489.78
992,0.464225,89.0625,571.64
993,0.429394,82.8125,492.14
994,0.511964,81.2500,552.35
995,0.793672,73.4375,491.38
996,0.523609,82.8125,574.07
997,0.657282,79.6875,492.20
998,0.618731,79.6875,551.30
999,0.520384,84.3750,511.22
1000,0.735889,73.4375,537.14
1001,0.354584,87.5000,496.79
1002,0.804271,71.8750,490.76
1003,0.753686,75.0000,596.71
1004,0.757379,73.4375,496.91
1005,0.817254,73.4375,596.83
1006,0.743100,78.1250,491.06
1007,0.528691,82.8125,562.96
1008,0.778112,75.0000,494.39
1009,0.566186,78.1250,496.87
1010,0.579788,84.3750,591.37
1011,0.777011,73.4375,498.46
1012,0.704748,76.5625,552.32
1013,0.608679,76.5625,516.88
1014,0.495780,84.3750,502.23
1015,0.694338,73.4375,659.81
1016,0.719365,76.5625,505.18
1017,0.667837,75.0000,642.85
1018,0.614466,78.1250,500.56
1019,0.563858,81.2500,639.75
1020,0.688325,76.5625,497.85
1021,0.667186,79.6875,534.09
1022,0.718715,81.2500,558.95
1023,0.553533,76.5625,544.35
1024,0.766887,81.2500,533.39
1025,0.408185,85.9375,528.93
1026,0.689386,81.2500,587.30
1027,0.499650,81.2500,509.18
1028,0.470056,82.8125,607.10
1029,0.580690,81.2500,554.05
1030,0.390999,90.6250,550.46
1031,0.552433,81.2500,559.19
1032,0.655988,71.8750,519.51
1033,0.581926,81.2500,586.22
1034,0.436074,82.8125,504.43
1035,0.593035,78.1250,499.40
1036,0.647876,79.6875,597.73
1037,0.743851,75.0000,500.35
1038,0.508818,84.3750,580.92
1039,0.398084,82.8125,501.41
1040,0.970793,75.0000,504.05
1041,0.668282,71.8750,600.73
1042,0.415159,90.6250,509.34
1043,0.478366,82.8125,550.84
1044,0.637618,79.6875,518.42
1045,0.734019,73.4375,502.24
1046,0.981293,65.6250,580.84
1047,0.605688,78.1250,502.02
1048,0.552629,81.2500,620.63
1049,0.581115,84.3750,502.91
1050,0.580374,73.4375,562.88
1051,0.764964,75.0000,508.42
1052,0.608183,78.1250,590.45
1053,0.469427,89.0625,500.22
1054,0.502647,85.9375,577.11
1055,0.582727,84.3750,494.33
1056,0.559320,85.9375,527.37
1057,0.672466,71.8750,537.49
1058,0.534695,79.6875,487.33
1059,0.538575,81.2500,578.84
1060,0.513817,81.2500,487.05
1061,0.611141,75.0000,631.42
1062,0.801806,76.5625,484.64
1063,0.529735,84.3750,571.18
1064,0.732353,84.3750,490.56
1065,0.625908,79.6875,497.19
1066,0.472586,84.3750,597.22
1067,0.613031,76.5625,494.46
1068,0.603228,81.2500,559.33
1069,0.749840,71.8750,501.11
1070,0.424370,87.5000,502.50
1071,0.480888,84.3750,628.65
1072,0.574688,84.3750,500.38
1073,0.467026,84.3750,553.97
1074,0.414910,85.9375,525.49
1075,0.448556,85.9375,507.58
1076,0.687943,84.3750,600.96
1077,0.474693,82.8125,505.08
1078,0.813639,71.8750,605.97
1079,0.456986,85.9375,505.70
1080,0.580640,76.5625,664.80
1081,0.469846,82.8125,502.17
1082,0.671014,75.0000,613.82
1083,0.572307,84.3750,533.55
1084,0.727804,75.0000,557.06
1085,0.538964,84.3750,500.52
1086,0.516641,79.6875,566.48
1087,0.475333,87.5000,501.07
1088,0.504993,82.8125,509.31
1089,0.534434,84.3750,632.74
1090,0.646106,79.6875,503.30
1091,0.491128,85.9375,612.42
1092,0.680299,82.8125,538.33
1093,0.413624,89.0625,557.49
1094,0.550457,79.6875,570.18
1095,0.491326,85.9375,497.40
1096,0.486924,85.9375,580.07
1097,0.358395,89.0625,503.17
1098,0.657706,75.0000,499.88
1099,0.515277,84.3750,640.03
1100,0.912291,70.3125,498.50
1101,0.617958,81.2500,580.30
1102,0.502889,82.8125,519.03
1103,0.457649,90.6250,500.44
1104,0.532673,85.9375,595.35
1105,0.540072,81.2500,500.44
1106,0.648333,79.6875,642.02
1107,0.672597,75.0000,498.64
1108,0.448467,87.5000,601.02
1109,0.593803,78.1250,497.36
1110,0.705482,81.2500,530.36
1111,0.665350,79.6875,543.07
1112,0.644325,78.1250,499.64
1113,0.473819,85.9375,636.41
1114,0.480065,87.5000,497.06
1115,0.596449,78.1250,544.95
1116,0.679878,81.2500,516.00
1117,0.772255,71.8750,501.72
1118,0.510861,89.0625,597.28
1119,0.576502,82.8125,498.67
1120,0.516497,87.5000,518.90
1121,0.603647,82.8125,580.56
1122,0.639336,79.6875,496.18
1123,0.623258,79.6875,572.76
1124,0.601396,85.9375,501.21
1125,0.705639,78.1250,597.16
1126,0.608446,81.2500,498.98
1127,0.505052,84.3750,552.45
1128,0.674192,73.4375,498.51
1129,0.518162,82.8125,528.39
1130,0.345463,89.0625,548.88
1131,0.517782,81.2500,494.41
1132,0.488870,81.2500,624.14
1133,0.642811,70.3125,499.38
1134,0.723157,73.4375,556.76
1135,0.626766,79.6875,498.80
1136,0.497894,81.2500,501.62
1137,0.703375,76.5625,641.50
1138,0.648801,84.3750,498.19
1139,0.668895,75.0000,634.75
1140,0.762971,75.0000,496.24
1141,0.373678,87.5000,611.77
1142,0.764581,71.8750,495.36
1143,0.496534,84.3750,560.47
1144,0.719148,78.1250,502.77
1145,0.507351,84.3750,518.44
1146,0.635698,79.6875,569.29
1147,0.435851,87.5000,544.04
1148,0.540835,85.9375,527.97
1149,0.551458,87.5000,496.83
1150,0.722430,84.3750,579.32
1151,0.716053,75.0000,500.38
1152,0.473697,87.5000,543.59
1153,0.369570,89.0625,533.64
1154,0.520832,84.3750,500.76
1155,0.641278,79.6875,581.38
1156,0.731238,78.1250,506.45
1157,0.510149,85.9375,499.59
1158,0.517283,79.6875,606.70
1159,0.496272,84.3750,497.02
1160,0.502229,85.9375,551.85
1161,0.391877,87.5000,496.76
1162,0.546691,81.2500,507.61
1163,0.597899,79.6875,641.65
1164,0.706176,71.8750,497.64
1165,0.467061,87.5000,589.07
1166,0.451430,89.0625,498.52
1167,0.612329,79.6875,503.95
1168,0.610075,85.9375,632.40
1169,0.415735,87.5000,496.93
1170,0.620824,84.3750,594.65
1171,0.407121,87.5000,505.68
1172,0.466809,82.8125,584.61
1173,0.757897,70.3125,496.92
1174,0.581596,81.2500,584.69
1175,0.597743,84.3750,498.37
1176,0.485632,82.8125,572.62
1177,0.767067,75.0000,499.23
1178,0.626389,75.0000,500.42
1179,0.608050,81.2500,575.78
1180,0.620628,79.6875,499.25
1181,0.614082,78.1250,570.99
1182,0.694803,78.1250,501.47
1183,0.625903,82.8125,562.20
1184,0.615585,81.2500,498.97
1185,0.401589,87.5000,502.01
1186,0.734068,75.0000,662.89
1187,0.449943,89.0625,499.82
1188,0.612462,75.0000,537.50
1189,0.888027,68.7500,538.46
1190,0.540959,78.1250,503.10
1191,0.470251,82.8125,601.32
1192,0.533719,85.9375,501.28
1193,0.540697,79.6875,551.79
1194,0.612220,78.1250,500.91
1195,0.438415,85.9375,497.69
1196,0.643324,79.6875,583.44
1197,0.617335,78.1250,494.84
1198,0.594507,82.8125,589.24
1199,0.740235,76.5625,505.52
1200,0.524145,87.5000,503.36
1201,0.424739,87.5000,601.63
1202,0.603812,84.3750,513.11
1203,0.473825,85.9375,584.24
1204,0.655487,81.2500,499.37
1205,0.380595,92.1875,639.94
1206,0.377370,87.5000,496.16
1207,0.546707,82.8125,518.83
1208,0.488207,87.5000,572.03
1209,0.521446,79.6875,495.25
1210,0.545480,81.2500,617.58
1211,0.531065,79.6875,500.75
1212,0.533088,84.3750,555.38
1213,0.621946,87.5000,501.28
1214,0.462529,85.9375,526.96
1215,0.477035,84.3750,557.58
1216,0.333756,90.6250,501.32
1217,0.488140,84.3750,574.90
1218,0.446123,84.3750,496.59
1219,0.574743,84.3750,496.59
1220,0.632476,76.5625,627.88
1221,0.598726,73.4375,495.18
1222,0.399694,92.1875,607.44
1223,0.457322,84.3750,498.00
1224,0.445504,85.9375,616.39
1225,0.477789,82.8125,495.75
1226,0.491104,78.1250,566.79
1227,0.652864,79.6875,494.07
1228,0.499895,85.9375,559.50
1229,0.482918,84.3750,495.08
1230,0.520597,76.5625,586.89
1231,0.432967,87.5000,493.59
1232,0.410745,82.8125,561.03
1233,0.464587,84.3750,495.16
1234,0.546286,82.8125,546.30
1235,0.502602,79.6875,527.09
1236,0.488947,81.2500,503.05
1237,0.428360,84.3750,615.30
1238,0.526231,79.6875,500.02
1239,0.435806,84.3750,557.06
1240,0.524738,85.9375,503.30
1241,0.392763,87.5000,564.01
1242,0.825466,68.7500,501.09
1243,0.510962,82.8125,496.85
1244,0.406783,87.5000,615.81
1245,0.358774,85.9375,498.58
1246,0.427230,85.9375,632.78
1247,0.456376,87.5000,497.23
1248,0.417189,82.8125,620.41
1249,0.772259,75.0000,498.76
1250,0.448098,87.5000,541.08
1251,0.364547,92.1875,548.61
1252,0.436531,84.3750,498.77
1253,0.506647,87.5000,601.96
1254,0.462281,85.9375,495.17
1255,0.716950,79.6875,553.07
1256,0.413328,85.9375,541.03
1257,0.297877,89.0625,490.91
1258,0.646181,79.6875,635.27
1259,0.468709,84.3750,491.98
1260,0.398965,85.9375,528.39
1261,0.434104,93.7500,513.26
1262,0.479112,84.3750,495.47
1263,0.502591,78.1250,628.51
1264,0.459545,84.3750,493.88
1265,0.798821,81.2500,565.56
1266,0.321399,89.0625,499.57
1267,0.647712,70.3125,562.94
1268,0.512962,84.3750,525.84
1269,0.424230,85.9375,506.10
1270,0.499046,82.8125,603.32
1271,0.546555,85.9375,533.37
1272,0.434413,84.3750,566.82
1273,0.623680,79.6875,504.73
1274,0.422525,81.2500,555.14
1275,0.510957,85.9375,496.25
1276,0.424113,85.9375,498.79
1277,0.420474,85.9375,652.01
1278,0.497444,85.9375,505.27
1279,0.618621,79.6875,600.14
1280,0.541982,79.6875,548.03
1281,0.609831,76.5625,538.19
1282,0.469155,82.8125,499.17
1283,0.742994,67.1875,623.43
1284,0.555205,81.2500,500.76
1285,0.742272,81.2500,567.89
1286,0.357693,87.5000,502.26
1287,0.449732,87.5000,558.46
1288,0.505182,87.5000,499.78
1289,0.483062,85.9375,500.30
1290,0.396056,89.0625,595.92
1291,0.505406,84.3750,502.57
1292,0.596535,79.6875,565.64
1293,0.562176,78.1250,499.74
1294,0.764806,76.5625,535.67
1295,0.686708,76.5625,527.62
1296,0.665374,75.0000,496.28
1297,0.365513,89.0625,590.36
1298,0.477635,89.0625,499.48
1299,0.592866,75.0000,648.42
1300,0.376361,90.6250,501.21
1301,0.484390,79.6875,587.07
1302,0.436122,89.0625,499.89
1303,0.699921,75.0000,499.17
1304,0.291517,92.1875,600.05
1305,0.497375,81.2500,497.12
1306,0.398776,85.9375,567.59
1307,0.380668,85.9375,499.53
1308,0.492235,81.2500,540.00
1309,0.628666,75.0000,517.53
1310,0.481435,89.0625,552.30
1311,0.480198,85.9375,530.54
1312,0.482511,82.8125,563.58
1313,0.685389,78.1250,499.83
1314,0.571377,84.3750,498.96
1315,0.277062,95.3125,577.54
1316,0.608530,82.8125,496.45
1317,0.752869,71.8750,496.79
1318,0.722513,84.3750,595.36
1319,0.434432,78.1250,497.40
1320,0.655266,84.3750,598.83
1321,0.552945,82.8125,497.69
1322,0.790910,73.4375,617.13
1323,0.541663,81.2500,501.24
1324,0.501697,89.0625,560.43
1325,0.537722,82.8125,516.36
1326,0.467567,82.8125,551.47
1327,0.704974,76.5625,519.99
1328,0.556323,82.8125,498.22
1329,0.626319,81.2500,604.13
1330,0.646061,78.1250,533.31
1331,0.811700,73.4375,558.48
1332,0.485878,84.3750,539.35
1333,0.321376,96.8750,555.84
1334,0.387221,87.5000,498.56
1335,0.600569,78.1250,636.85
1336,0.316997,93.7500,499.53
1337,0.491104,84.3750,566.48
1338,0.697356,75.0000,501.06
1339,0.613567,76.5625,542.61
1340,0.435510,84.3750,540.65
1341,0.534640,82.8125,500.20
1342,0.393031,87.5000,621.19
1343,0.532804,81.2500,498.43
1344,0.584398,76.5625,588.33
1345,0.502743,79.6875,494.51
1346,0.480596,85.9375,514.62
1347,0.539655,79.6875,575.31
1348,0.409609,87.5000,503.67
1349,0.293242,92.1875,598.18
1350,0.507876,82.8125,503.09
1351,0.462395,84.3750,562.29
1352,0.484574,81.2500,498.00
1353,0.456979,79.6875,560.77
1354,0.468620,85.9375,524.07
1355,0.548343,81.2500,497.57
1356,0.629928,79.6875,615.62
1357,0.491707,79.6875,499.62
1358,0.462870,79.6875,570.55
1359,0.482196,82.8125,501.17
1360,0.375688,89.0625,526.74
1361,0.461702,89.0625,562.81
1362,0.626634,79.6875,499.42
1363,0.361350,89.0625,560.86
1364,0.396787,85.9375,497.35
1365,0.420297,87.5000,493.83
1366,0.601600,82.8125,567.47
1367,0.714043,79.6875,494.12
1368,0.603387,81.2500,563.06
1369,0.493491,82.8125,491.78
1370,0.489352,87.5000,532.43
1371,0.421556,85.9375,537.67
1372,0.428709,84.3750,554.17
1373,0.370754,92.1875,514.79
1374,0.699750,81.2500,500.33
1375,0.434351,89.0625,633.13
1376,0.404596,85.9375,537.41
1377,0.468049,84.3750,559.88
1378,0.519641,79.6875,504.56
1379,0.742965,78.1250,591.42
1380,0.500084,84.3750,502.47
1381,0.704232,79.6875,502.37
1382,0.422942,85.9375,634.85
1383,0.505672,84.3750,500.43
1384,0.468546,81.2500,543.30
1385,0.698839,76.5625,539.33
1386,0.544766,81.2500,507.19
1387,0.588900,76.5625,627.77
1388,0.461940,85.9375,500.15
1389,0.488920,84.3750,649.33
1390,0.584469,79.6875,502.30
1391,0.344751,89.0625,542.22
1392,0.655498,78.1250,557.44
1393,0.496420,84.3750,501.88
1394,0.511159,84.3750,643.88
1395,0.491853,84.3750,499.10
1396,0.478059,81.2500,562.29
1397,0.418383,84.3750,516.84
1398,0.451271,87.5000,498.59
1399,0.496604,82.8125,585.10
1400,0.452862,85.9375,501.73
1401,0.466190,85.9375,498.16
1402,0.609445,79.6875,652.34
1403,0.642173,85.9375,551.62
1404,0.379158,90.6250,561.57
1405,0.523408,79.6875,558.91
1406,0.478818,84.3750,494.76
1407,0.468394,85.9375,545.41
1408,0.533304,78.1250,550.62
1409,0.513246,84.3750,498.45
1410,0.551014,81.2500,582.06
1411,0.478969,84.3750,504.14
1412,0.452062,87.5000,498.60
1413,0.534863,81.2500,600.31
1414,0.533998,82.8125,500.53
1415,0.395179,87.5000,548.55
1416,0.506516,81.2500,539.10
1417,0.307304,93.7500,508.46
1418,0.517252,76.5625,594.15
1419,0.336567,90.6250,499.77
1420,0.516911,85.9375,584.83
1421,0.367760,90.6250,506.50
1422,0.485848,82.8125,572.49
1423,0.394080,84.3750,504.19
1424,0.452364,84.3750,554.71
1425,0.381103,87.5000,525.40
1426,0.309887,92.1875,501.16
1427,0.320559,89.0625,614.52
1428,0.643528,78.1250,502.99
1429,0.562995,81.2500,632.66
1430,0.393476,89.0625,499.64
1431,0.499035,81.2500,577.86
1432,0.463667,82.8125,501.93
1433,0.510875,81.2500,527.62
1434,0.539014,79.6875,561.91
1435,0.579569,79.6875,552.35
1436,0.529423,81.2500,529.98
1437,0.499218,85.9375,561.63
1438,0.320431,89.0625,499.89
1439,0.434889,87.5000,499.36
1440,0.413373,84.3750,606.85
1441,0.411482,89.0625,501.24
1442,0.533666,84.3750,554.14
1443,0.381157,89.0625,500.05
1444,0.529353,89.0625,523.07
1445,0.701553,76.5625,572.79
1446,0.520012,81.2500,500.77
1447,0.458886,84.3750,646.19
1448,0.664985,76.5625,498.21
1449,0.523061,84.3750,624.87
1450,0.420143,89.0625,497.81
1451,0.324077,92.1875,576.56
1452,0.374975,95.3125,505.17
1453,0.544892,85.9375,538.83
1454,0.316241,92.1875,522.98
1455,0.430394,81.2500,496.78
1456,0.534273,75.0000,580.74
1457,0.642005,79.6875,497.16
1458,0.442421,85.9375,519.21
1459,0.578339,79.6875,585.69
1460,0.533242,81.2500,566.83
1461,0.520616,81.2500,516.85
1462,0.500183,84.3750,582.16
1463,0.689267,78.1250,497.68
1464,0.639557,78.1250,580.50
1465,0.458072,82.8125,500.57
1466,0.655114,79.6875,493.80
1467,0.424907,87.5000,606.97
1468,0.440992,85.9375,495.82
1469,0.506619,82.8125,579.91
1470,0.552800,82.8125,503.59
1471,0.648477,76.5625,497.96
1472,0.587180,79.6875,606.47
1473,0.713714,78.1250,501.02
1474,0.630301,76.5625,639.71
1475,0.303713,93.7500,496.64
1476,0.616633,76.5625,570.21
1477,0.410313,87.5000,498.77
1478,0.454032,82.8125,504.51
1479,0.472089,85.9375,645.81
1480,0.651643,75.0000,501.56
1481,0.490587,84.3750,539.63
1482,0.487127,87.5000,546.55
1483,0.523133,85.9375,559.29
1484,0.636805,82.8125,516.27
1485,0.556731,81.2500,502.04
1486,0.531781,76.5625,607.88
1487,0.359140,89.0625,501.20
1488,0.536494,82.8125,635.68
1489,0.461789,84.3750,507.21
1490,0.503382,87.5000,562.69
1491,0.574381,81.2500,499.39
1492,0.452385,84.3750,542.52
1493,0.501830,84.3750,538.75
1494,0.386682,84.3750,537.07
1495,0.526016,85.9375,537.52
1496,0.508960,82.8125,549.32
1497,0.641912,84.3750,534.68
1498,0.486752,84.3750,499.27
1499,0.463018,89.0625,584.56
1500,0.572415,78.1250,500.56
1501,0.713765,73.4375,563.54
1502,0.416104,84.3750,497.09
1503,0.679994,79.6875,571.99
1504,0.369375,87.5000,498.66
1505,0.344438,90.6250,497.48
1506,0.382045,87.5000,647.14
1507,0.469086,87.5000,500.03
1508,0.798297,70.3125,579.68
1509,0.411342,85.9375,496.47
1510,0.298802,89.0625,578.34
1511,0.503002,76.5625,501.75
1512,0.528084,78.1250,584.60
1513,0.508388,85.9375,499.34
1514,0.508798,81.2500,577.05
1515,0.519531,82.8125,498.17
1516,0.443328,79.6875,554.27
1517,0.381095,89.0625,497.20
1518,0.622761,82.8125,497.25
1519,0.426298,89.0625,612.47
1520,0.295760,89.0625,499.95
1521,0.576263,82.8125,647.22
1522,0.441552,85.9375,503.98
1523,0.449133,87.5000,627.06
1524,0.281390,92.1875,496.81
1525,0.569318,84.3750,495.98
1526,0.643900,78.1250,626.21
1527,0.730090,75.0000,547.48
1528,0.500366,82.8125,526.07
1529,0.378729,87.5000,567.25
1530,0.406019,85.9375,496.85
1531,0.456018,81.2500,553.80
1532,0.493643,84.3750,501.30
1533,0.525817,81.2500,544.23
1534,0.371939,85.9375,556.76
1535,0.485193,82.8125,536.78
1536,0.508345,84.3750,561.99
1537,0.644669,78.1250,501.92
1538,0.621921,81.2500,590.27
1539,0.533181,81.2500,499.42
1540,0.506689,81.2500,559.08
1541,0.555771,82.8125,500.52
1542,0.508904,82.8125,568.17
1543,0.454367,84.3750,512.07
1544,0.473470,84.3750,507.94
1545,0.600297,79.6875,651.60
1546,0.523041,84.3750,500.56
1547,0.595203,82.8125,531.73
1548,0.617429,84.3750,559.84
1549,0.369888,87.5000,497.97
1550,0.588872,82.8125,628.64
1551,0.482432,85.9375,505.17
1552,0.483812,85.9375,623.82
1553,0.449821,87.5000,509.17
1554,0.574315,84.3750,536.47
1555,0.642251,76.5625,541.04
1556,0.566858,81.2500,574.79
1557,0.453273,84.3750,516.92
1558,0.632639,78.1250,495.88
1559,0.711131,81.2500,644.24
1560,0.438112,85.9375,498.49
1561,0.610316,84.3750,549.03
1562,0.422915,87.5000,527.61
1563,0.466309,84.3750,504.30
1564,0.442630,89.0625,603.31
1565,0.450852,84.3750,547.42
1566,0.671863,81.2500,549.15
1567,0.373003,87.5000,501.56
1568,0.411455,89.0625,583.65
1569,0.669899,76.5625,504.87
1570,0.459026,82.8125,559.49
1571,0.518435,79.6875,499.79
1572,0.542277,89.0625,581.61
1573,0.471812,89.0625,498.34
1574,0.526708,82.8125,509.97
1575,0.517809,82.8125,592.55
1576,0.497998,81.2500,499.40
1577,0.598631,82.8125,620.11
1578,0.636893,81.2500,496.57
1579,0.481967,87.5000,570.78
1580,0.450098,85.9375,499.11
1581,0.534019,84.3750,585.93
1582,0.413103,84.3750,498.70
1583,0.631232,82.8125,582.70
1584,0.360058,87.5000,498.52
1585,0.383546,81.2500,583.16
1586,0.621464,82.8125,494.26
1587,0.448570,87.5000,513.74
1588,0.553732,82.8125,580.90
1589,0.333784,92.1875,502.16
1590,0.700412,81.2500,614.67
1591,0.524776,85.9375,499.48
1592,0.513786,85.9375,621.11
1593,0.364961,93.7500,504.06
1594,0.478565,82.8125,594.77
1595,0.584899,76.5625,495.93
1596,0.532067,79.6875,600.54
1597,0.482835,82.8125,504.80
1598,0.411595,90.6250,611.06
1599,0.483927,82.8125,501.93
1600,0.665055,82.8125,505.45
1601,0.330197,89.0625,591.90
1602,0.319152,92.1875,547.62
1603,0.528533,79.6875,525.34
1604,0.464488,81.2500,530.31
1605,0.449267,92.1875,555.80
1606,0.511880,84.3750,504.81
1607,0.517375,90.6250,643.79
1608,0.432636,87.5000,531.05
1609,0.325345,85.9375,565.58
1610,0.500933,84.3750,550.27
1611,0.427971,84.3750,542.99
1612,0.366512,89.0625,536.85
1613,0.505810,82.8125,554.70
1614,0.477320,84.3750,495.04
1615,0.394582,85.9375,572.23
1616,0.562071,81.2500,503.86
1617,0.407287,82.8125,570.73
1618,0.387984,85.9375,503.34
1619,0.340935,90.6250,514.22
1620,0.556057,82.8125,587.67
1621,0.619046,82.8125,502.80
1622,0.376099,87.5000,624.17
1623,0.346951,85.9375,546.02
1624,0.461597,84.3750,567.82
1625,0.361991,90.6250,563.31
1626,0.546783,82.8125,495.82
1627,0.465471,89.0625,551.68
1628,0.487976,89.0625,518.74
1629,0.840129,76.5625,500.01
1630,0.516587,87.5000,633.70
1631,0.446317,82.8125,496.13
1632,0.468608,85.9375,557.99
1633,0.587883,81.2500,508.74
1634,0.436364,84.3750,492.65
1635,0.428787,84.3750,607.47
1636,0.489228,81.2500,494.63
1637,0.348068,87.5000,600.49
1638,0.437093,82.8125,494.22
1639,0.443076,90.6250,559.56
1640,0.431038,89.0625,495.76
1641,0.541405,81.2500,553.72
1642,0.521757,81.2500,516.43
1643,0.489803,81.2500,506.35
1644,0.480685,79.6875,589.75
1645,0.586110,78.1250,501.45
1646,0.565562,82.8125,570.58
1647,0.514255,79.6875,504.54
1648,0.492634,78.1250,523.25
1649,0.404075,84.3750,574.74
1650,0.457908,82.8125,501.33
1651,0.436271,85.9375,632.85
1652,0.382954,90.6250,502.21
1653,0.347818,87.5000,531.95
1654,0.461410,84.3750,560.50
1655,0.493466,81.2500,508.48
1656,0.447704,81.2500,598.77
1657,0.277792,87.5000,501.00
1658,0.367698,90.6250,549.28
1659,0.319152,90.6250,545.84
1660,0.418857,81.2500,496.56
1661,0.378477,90.6250,651.69
1662,0.456305,85.9375,497.94
1663,0.587561,81.2500,578.86
1664,0.513586,78.1250,499.09
1665,0.311326,90.6250,572.99
1666,0.653031,78.1250,502.08
1667,0.299851,87.5000,525.72
1668,0.426635,85.9375,563.10
1669,0.430193,90.6250,496.95
1670,0.302700,90.6250,607.56
1671,0.646771,82.8125,495.80
1672,0.401872,87.5000,645.26
1673,0.271007,90.6250,499.00
1674,0.402096,89.0625,524.14
1675,0.418075,84.3750,570.85
1676,0.402527,84.3750,495.71
1677,0.424725,84.3750,596.29
1678,0.428077,85.9375,496.10
1679,0.331035,87.5000,588.79
1680,0.390301,87.5000,509.04
1681,0.367921,84.3750,546.57
1682,0.373598,87.5000,537.10
1683,0.347203,89.0625,497.05
1684,0.463666,90.6250,559.01
1685,0.523863,78.1250,497.01
1686,0.317535,89.0625,586.27
1687,0.379974,89.0625,493.62
1688,0.398330,87.5000,586.09
1689,0.436867,84.3750,497.53
1690,0.398959,87.5000,551.65
1691,0.583065,84.3750,497.82
1692,0.242349,96.8750,588.42
1693,0.655488,81.2500,498.03
1694,0.415767,85.9375,497.36
1695,0.411374,81.2500,625.76
1696,0.470577,85.9375,498.63
1697,0.394201,89.0625,578.32
1698,0.540515,82.8125,497.27
1699,0.486209,82.8125,557.39
1700,0.444850,82.8125,498.67
1701,0.553503,78.1250,503.91
1702,0.576180,78.1250,612.10
1703,0.565123,78.1250,502.72
1704,0.415462,89.0625,625.30
1705,0.309164,93.7500,498.59
1706,0.483828,85.9375,518.97
1707,0.532693,85.9375,572.17
1708,0.400868,85.9375,498.90
1709,0.397227,89.0625,561.27
1710,0.390229,90.6250,499.15
1711,0.392234,81.2500,506.20
1712,0.355017,87.5000,652.79
1713,0.512915,85.9375,494.24
1714,0.525294,81.2500,550.39
1715,0.330439,87.5000,544.90
1716,0.423876,89.0625,529.29
1717,0.478013,87.5000,562.93
1718,0.610562,76.5625,499.20
1719,0.608981,82.8125,592.35
1720,0.413419,81.2500,499.98
1721,0.388275,85.9375,571.23
1722,0.350695,89.0625,501.49
1723,0.601774,82.8125,558.19
1724,0.397109,93.7500,501.68
1725,0.482213,82.8125,567.85
1726,0.365757,85.9375,498.83
1727,0.424513,85.9375,558.45
1728,0.313287,92.1875,496.06
1729,0.377548,87.5000,494.99
1730,0.516749,79.6875,599.65
1731,0.335291,90.6250,500.79
1732,0.443143,84.3750,548.41
1733,0.456435,87.5000,502.61
1734,0.438374,79.6875,505.47
1735,0.395013,87.5000,603.51
1736,0.549463,85.9375,497.16
1737,0.476880,87.5000,595.86
1738,0.437809,85.9375,494.79
1739,0.388033,89.0625,613.16
1740,0.400093,87.5000,498.20
1741,0.452909,78.1250,559.53
1742,0.409836,89.0625,497.52
1743,0.431642,81.2500,493.84
1744,0.378992,90.6250,637.16
1745,0.263977,92.1875,493.71
1746,0.376853,87.5000,598.63
1747,0.528595,79.6875,503.31
1748,0.326637,90.6250,500.35
1749,0.388780,84.3750,645.73
1750,0.431866,85.9375,496.29
1751,0.441640,87.5000,597.74
1752,0.438486,82.8125,496.35
1753,0.617193,78.1250,567.23
1754,0.415692,84.3750,503.48
1755,0.771377,78.1250,599.61
1756,0.334767,87.5000,497.38
1757,0.253496,90.6250,597.61
1758,0.392463,87.5000,498.37
1759,0.292084,92.1875,556.96
1760,0.421370,87.5000,517.78
1761,0.382698,90.6250,530.05
1762,0.271575,85.9375,562.54
1763,0.500602,84.3750,505.69
1764,0.336947,89.0625,604.24
1765,0.592447,85.9375,497.24
1766,0.411083,85.9375,564.24
1767,0.506376,79.6875,502.24
1768,0.357587,89.0625,501.00
1769,0.345232,87.5000,651.21
1770,0.261028,90.6250,500.51
1771,0.424856,84.3750,618.19
1772,0.646267,79.6875,497.35
1773,0.447649,87.5000,535.49
1774,0.372605,89.0625,550.22
1775,0.459200,81.2500,500.17
1776,0.546701,84.3750,596.90
1777,0.196151,96.8750,513.54
1778,0.510326,82.8125,585.93
1779,0.474857,85.9375,501.32
1780,0.592807,85.9375,580.12
1781,0.326401,89.0625,499.43
1782,0.408502,84.3750,554.71
1783,0.364926,89.0625,503.87
1784,0.383027,85.9375,559.90
1785,0.295184,93.7500,498.22
1786,0.533575,85.9375,550.59
1787,0.337900,84.3750,533.58
1788,0.504737,84.3750,499.28
1789,0.427178,81.2500,598.32
1790,0.351486,92.1875,502.42
1791,0.552016,79.6875,568.13
1792,0.294571,89.0625,503.60
1793,0.333163,87.5000,498.19
1794,0.380590,85.9375,615.44
1795,0.449770,81.2500,496.02
1796,0.367766,87.5000,624.47
1797,0.464134,81.2500,496.11
1798,0.376149,89.0625,607.58
1799,0.511165,84.3750,517.74
1800,0.419839,90.6250,588.06
1801,0.344518,89.0625,502.21
1802,0.460689,84.3750,645.08
1803,0.213880,90.6250,523.28
1804,0.306750,90.6250,595.63
1805,0.199582,95.3125,564.19
1806,0.314219,90.6250,518.99
1807,0.314870,93.7500,497.68
1808,0.333143,89.0625,645.52
1809,0.397099,87.5000,498.93
1810,0.366548,84.3750,527.69
1811,0.284979,93.7500,564.88
1812,0.300054,90.6250,506.46
1813,0.363819,89.0625,567.03
1814,0.337585,89.0625,500.02
1815,0.368787,89.0625,506.95
1816,0.489572,84.3750,626.29
1817,0.387483,85.9375,500.16
1818,0.267496,87.5000,560.89
1819,0.365466,82.8125,497.64
1820,0.495341,82.8125,499.93
1821,0.495627,81.2500,626.41
1822,0.364692,89.0625,501.21
1823,0.719389,84.3750,511.51
1824,0.330542,85.9375,621.57
1825,0.652120,79.6875,566.51
1826,0.492365,78.1250,498.10
1827,0.377886,85.9375,505.09
1828,0.358908,84.3750,589.76
1829,0.527061,82.8125,510.22
1830,0.227640,90.6250,596.97
1831,0.391707,89.0625,501.73
1832,0.519942,85.9375,557.73
1833,0.261301,90.6250,520.31
1834,0.455328,87.5000,558.50
1835,0.498367,81.2500,497.15
1836,0.422591,82.8125,496.12
1837,0.464126,82.8125,633.20
1838,0.288883,90.6250,497.47
1839,0.648722,79.6875,624.65
1840,0.356759,84.3750,501.47
1841,0.335604,87.5000,602.46
1842,0.408610,85.9375,551.37
1843,0.493066,85.9375,552.50
1844,0.524701,82.8125,534.33
1845,0.326231,85.9375,527.82
1846,0.174470,96.8750,496.43
1847,0.272734,93.7500,567.94
1848,0.361147,81.2500,493.85
1849,0.438045,87.5000,504.03
1850,0.425563,89.0625,620.77
1851,0.386671,82.8125,501.06
1852,0.438571,89.0625,551.21
1853,0.294949,85.9375,561.00
1854,0.403862,89.0625,499.76
1855,0.263780,93.7500,642.59
1856,0.398498,90.6250,501.71
1857,0.552905,84.3750,577.71
1858,0.567495,89.0625,504.08
1859,0.334514,87.5000,576.27
1860,0.413512,87.5000,499.01
1861,0.367832,85.9375,557.07
1862,0.741810,79.6875,498.31
1863,0.395762,87.5000,499.75
1864,0.305962,89.0625,571.34
1865,0.332063,89.0625,495.05
1866,0.321266,89.0625,573.06
1867,0.483790,87.5000,491.35
1868,0.370073,85.9375,504.21
1869,0.306022,89.0625,574.44
1870,0.474800,85.9375,489.52
1871,0.351035,89.0625,585.93
1872,0.396933,89.0625,496.47
1873,0.477262,84.3750,659.92
1874,0.489141,82.8125,537.19
1875,0.459671,87.5000,563.08
1876,0.563027,79.6875,546.76
1877,0.517226,84.3750,548.06
1878,0.445640,85.9375,527.92
1879,0.248302,93.7500,575.21
1880,0.336010,89.0625,502.48
1881,0.324398,89.0625,588.66
1882,0.203088,95.3125,504.51
1883,0.449219,82.8125,503.38
1884,0.391271,89.0625,633.74
1885,0.436025,89.0625,502.11
1886,0.296052,89.0625,578.22
1887,0.516405,85.9375,506.28
1888,0.372391,84.3750,566.38
1889,0.332413,87.5000,536.45
1890,0.361614,84.3750,583.46
1891,0.335451,89.0625,510.64
1892,0.522633,82.8125,505.11
1893,0.536029,84.3750,619.17
1894,0.435012,84.3750,531.64
1895,0.327561,90.6250,567.39
1896,0.395181,85.9375,502.04
1897,0.398395,87.5000,597.76
1898,0.267894,90.6250,509.88
1899,0.350606,90.6250,574.80
1900,0.432958,85.9375,506.71
1901,0.459205,84.3750,535.80
1902,0.384550,92.1875,596.93
1903,0.462159,81.2500,499.16
1904,0.226230,92.1875,558.02
1905,0.311378,89.0625,499.43
1906,0.366830,84.3750,587.77
1907,0.393855,85.9375,503.01
1908,0.274479,93.7500,552.06
1909,0.475226,82.8125,533.61
1910,0.666737,78.1250,506.98
1911,0.350276,87.5000,655.28
1912,0.281003,89.0625,531.79
1913,0.480048,87.5000,563.44
1914,0.284793,93.7500,500.12
1915,0.346780,85.9375,633.04
1916,0.470266,85.9375,504.37
1917,0.457679,82.8125,523.59
1918,0.266677,93.7500,592.56
1919,0.557508,79.6875,508.00
1920,0.417799,87.5000,591.54
1921,0.275650,93.7500,504.90
1922,0.423980,82.8125,521.96
1923,0.505186,85.9375,576.88
1924,0.332681,89.0625,546.36
1925,0.408452,89.0625,561.87
1926,0.336046,89.0625,507.12
1927,0.446740,84.3750,629.75
1928,0.372446,84.3750,509.77
1929,0.439471,89.0625,605.67
1930,0.476040,84.3750,492.93
1931,0.373711,84.3750,606.89
1932,0.511543,89.0625,488.24
1933,0.195922,93.7500,572.11
1934,0.340185,89.0625,500.09
1935,0.376609,90.6250,504.66
1936,0.201824,93.7500,655.98
1937,0.243623,92.1875,505.13
1938,0.324325,89.0625,588.54
1939,0.259591,93.7500,524.77
1940,0.341613,87.5000,512.31
1941,0.363645,89.0625,617.45
1942,0.380537,82.8125,505.54
1943,0.313606,89.0625,654.56
1944,0.302684,90.6250,506.78
1945,0.244201,92.1875,551.93
1946,0.347085,89.0625,515.14
1947,0.217366,90.6250,531.69
1948,0.356480,87.5000,557.65
1949,0.352150,90.6250,502.35
1950,0.264440,90.6250,651.51
1951,0.271862,89.0625,512.76
1952,0.450115,85.9375,647.68
1953,0.415902,87.5000,506.10
1954,0.216438,96.8750,609.17
1955,0.457316,85.9375,506.06
1956,0.578031,85.9375,564.91
1957,0.429368,84.3750,525.82
1958,0.325007,90.6250,503.63
1959,0.298700,89.0625,616.13
1960,0.288998,90.6250,505.82
1961,0.491400,84.3750,604.54
1962,0.206329,92.1875,501.85
1963,0.358349,87.5000,599.50
1964,0.276381,89.0625,503.76
1965,0.362060,89.0625,598.65
1966,0.331240,92.1875,508.11
1967,0.322937,85.9375,647.13
1968,0.472205,82.8125,496.96
1969,0.433647,81.2500,564.15
1970,0.545784,82.8125,487.35
1971,0.424072,87.5000,506.22
1972,0.305598,92.1875,554.38
1973,0.242356,92.1875,492.82
1974,0.473770,84.3750,625.26
1975,0.461110,87.5000,513.03
1976,0.343519,89.0625,599.73
1977,0.310500,89.0625,500.88
1978,0.440558,87.5000,573.89
1979,0.472785,84.3750,503.14
1980,0.342770,87.5000,579.31
1981,0.293237,90.6250,499.70
1982,0.399720,90.6250,529.88
1983,0.290308,89.0625,565.58
1984,0.304823,89.0625,553.25
1985,0.346302,92.1875,515.57
1986,0.471618,84.3750,503.48
1987,0.273096,92.1875,596.77
1988,0.318142,90.6250,502.68
1989,0.291317,85.9375,564.49
1990,0.477281,78.1250,501.09
1991,0.361930,87.5000,500.44
1992,0.271977,89.0625,623.46
1993,0.254601,89.0625,497.98
1994,0.511246,82.8125,573.61
1995,0.350795,90.6250,499.94
1996,0.269420,93.7500,549.42
1997,0.362804,90.6250,530.37
1998,0.499587,84.3750,500.42
1999,0.470707,79.6875,653.34
2000,0.444337,89.0625,499.04
2001,0.479128,82.8125,562.82
2002,0.338162,85.9375,498.14
2003,0.542831,82.8125,498.38
2004,0.333703,92.1875,604.91
2005,0.398110,84.3750,497.73
2006,0.285735,89.0625,594.77
2007,0.329320,90.6250,495.84
2008,0.500873,81.2500,615.04
2009,0.507792,87.5000,496.39
2010,0.537643,79.6875,586.79
2011,0.508775,81.2500,504.44
2012,0.289082,89.0625,564.15
2013,0.524341,84.3750,524.56
2014,0.454772,84.3750,499.09
2015,0.528565,89.0625,627.11
2016,0.417715,85.9375,505.81
2017,0.567183,76.5625,655.69
2018,0.467368,82.8125,499.76
2019,0.492509,84.3750,648.94
2020,0.310435,93.7500,524.14
2021,0.219730,95.3125,578.26
2022,0.305731,90.6250,556.56
2023,0.463866,85.9375,529.07
2024,0.300787,84.3750,502.54
2025,0.260011,92.1875,606.25
2026,0.486251,81.2500,505.57
2027,0.435369,85.9375,567.13
2028,0.395204,87.5000,521.85
2029,0.342421,85.9375,508.26
2030,0.305853,89.0625,614.71
2031,0.297799,90.6250,506.56
2032,0.385740,87.5000,574.07
2033,0.296039,95.3125,500.15
2034,0.385720,81.2500,561.78
2035,0.270473,85.9375,513.32
2036,0.345962,87.5000,537.51
2037,0.343671,90.6250,562.17
2038,0.360496,85.9375,504.83
2039,0.352748,82.8125,607.54
2040,0.329719,85.9375,498.85
2041,0.258561,93.7500,603.48
2042,0.370850,84.3750,528.60
2043,0.309283,90.6250,563.70
2044,0.275010,92.1875,556.49
2045,0.333147,85.9375,499.89
2046,0.468962,84.3750,501.49
2047,0.313194,89.0625,640.92
2048,0.271189,92.1875,507.46
2049,0.342541,87.5000,545.39
2050,0.378277,85.9375,529.08
2051,0.458710,87.5000,561.21
2052,0.524905,79.6875,503.21
2053,0.303327,92.1875,567.90
2054,0.450881,84.3750,503.08
2055,0.400510,89.0625,497.96
2056,0.350319,87.5000,613.14
2057,0.260151,90.6250,526.69
2058,0.363825,90.6250,550.55
2059,0.408471,87.5000,551.46
2060,0.389334,87.5000,495.19
2061,0.473179,81.2500,500.51
2062,0.355022,84.3750,590.52
2063,0.677120,82.8125,500.70
2064,0.401567,87.5000,583.34
2065,0.477223,90.6250,502.87
2066,0.272575,90.6250,519.09
2067,0.347903,87.5000,575.60
2068,0.400342,93.7500,548.22
2069,0.406230,84.3750,534.15
2070,0.445328,82.8125,559.67
2071,0.301453,90.6250,502.25
2072,0.453567,81.2500,557.99
2073,0.306161,90.6250,498.81
2074,0.439232,85.9375,504.23
2075,0.482177,92.1875,587.64
2076,0.240168,90.6250,500.42
2077,0.405952,89.0625,561.95
2078,0.405229,85.9375,500.47
2079,0.320029,87.5000,495.76
2080,0.484832,84.3750,619.99
2081,0.389476,89.0625,502.52
2082,0.335115,90.6250,599.43
2083,0.339564,92.1875,501.74
2084,0.335537,87.5000,577.17
2085,0.622413,79.6875,500.05
2086,0.471777,78.1250,580.89
2087,0.249137,90.6250,501.41
2088,0.357517,89.0625,527.69
2089,0.432185,89.0625,565.37
2090,0.403525,87.5000,500.99
2091,0.297250,87.5000,629.26
2092,0.250090,93.7500,499.22
2093,0.429056,82.8125,593.97
2094,0.261061,93.7500,497.04
2095,0.333104,90.6250,634.77
2096,0.439989,84.3750,500.59
2097,0.285675,92.1875,545.84
2098,0.303888,96.8750,526.17
2099,0.436043,84.3750,564.62
2100,0.517763,84.3750,502.79
2101,0.455988,87.5000,562.84
2102,0.340303,87.5000,502.49
2103,0.336976,90.6250,501.00
2104,0.275933,90.6250,631.32
2105,0.326810,90.6250,494.63
2106,0.340549,92.1875,543.55
2107,0.302373,87.5000,533.23
2108,0.400006,84.3750,521.45
2109,0.286674,90.6250,585.71
2110,0.576068,84.3750,497.35
2111,0.281919,89.0625,578.91
2112,0.387077,87.5000,499.29
2113,0.290492,95.3125,498.84
2114,0.210309,95.3125,604.55
2115,0.417212,87.5000,504.02
2116,0.268681,89.0625,628.17
2117,0.343166,89.0625,499.33
2118,0.358727,85.9375,572.68
2119,0.498099,76.5625,498.17
2120,0.462270,82.8125,591.96
2121,0.462447,84.3750,504.51
2122,0.534862,85.9375,537.27
2123,0.456447,89.0625,557.36
2124,0.372719,89.0625,497.15
2125,0.541424,81.2500,585.97
2126,0.373355,84.3750,499.67
2127,0.463585,82.8125,498.34
2128,0.294720,87.5000,607.32
2129,0.290015,90.6250,495.24
2130,0.493811,84.3750,545.59
2131,0.322492,92.1875,522.47
2132,0.362922,87.5000,529.98
2133,0.629430,82.8125,550.59
2134,0.362353,87.5000,503.93
2135,0.345639,89.0625,598.94
2136,0.191872,95.3125,498.06
2137,0.284941,90.6250,553.12
2138,0.361162,85.9375,501.14
2139,0.323189,92.1875,499.72
2140,0.335847,90.6250,636.90
2141,0.367502,89.0625,503.43
2142,0.428100,82.8125,592.11
2143,0.382760,89.0625,502.31
2144,0.676954,81.2500,496.71
2145,0.404368,87.5000,597.50
2146,0.307152,85.9375,499.56
2147,0.387644,82.8125,570.99
2148,0.342628,89.0625,496.38
2149,0.370792,87.5000,504.10
2150,0.372972,90.6250,631.68
2151,0.485179,82.8125,500.25
2152,0.311521,89.0625,601.85
2153,0.433153,84.3750,501.57
2154,0.550636,82.8125,592.44
2155,0.358380,89.0625,498.67
2156,0.160597,96.8750,501.61
2157,0.262278,95.3125,599.79
2158,0.344981,90.6250,505.60
2159,0.370238,90.6250,602.49
2160,0.588857,84.3750,499.73
2161,0.460093,87.5000,648.48
2162,0.325480,85.9375,510.85
2163,0.330724,87.5000,583.44
2164,0.238981,90.6250,501.87
2165,0.487639,82.8125,622.60
2166,0.142668,96.8750,498.53
2167,0.699681,84.3750,612.88
2168,0.378401,90.6250,499.17
2169,0.260571,92.1875,578.10
2170,0.411506,90.6250,501.33
2171,0.229972,92.1875,590.32
2172,0.262927,87.5000,502.90
2173,0.466373,84.3750,651.18
2174,0.585549,84.3750,507.85
2175,0.275126,93.7500,527.49
2176,0.430235,87.5000,566.95
2177,0.279845,90.6250,516.45
2178,0.634539,76.5625,572.86
2179,0.367428,92.1875,500.88
2180,0.398249,84.3750,581.27
2181,0.379030,87.5000,500.15
2182,0.415142,85.9375,583.12
2183,0.419872,79.6875,503.17
2184,0.523966,84.3750,529.37
2185,0.398811,85.9375,557.34
2186,0.381470,87.5000,496.37
2187,0.322041,89.0625,572.43
2188,0.387055,82.8125,500.44
2189,0.525155,81.2500,568.39
2190,0.631210,76.5625,495.75
2191,0.454797,87.5000,593.68
2192,0.390365,84.3750,501.69
2193,0.499440,82.8125,569.89
2194,0.479730,89.0625,499.04
2195,0.290972,90.6250,595.97
2196,0.595206,78.1250,519.75
2197,0.474058,82.8125,644.66
2198,0.229231,93.7500,499.32
2199,0.337293,89.0625,566.66
2200,0.424667,84.3750,521.29
2201,0.414667,92.1875,567.64
2202,0.355399,82.8125,499.27
2203,0.505191,79.6875,496.73
2204,0.254235,92.1875,622.27
2205,0.497925,78.1250,502.83
2206,0.229680,90.6250,577.51
2207,0.298811,90.6250,500.90
2208,0.342735,84.3750,537.76
2209,0.359820,85.9375,549.52
2210,0.394661,90.6250,531.31
2211,0.319323,92.1875,560.00
2212,0.292342,92.1875,496.85
2213,0.332870,89.0625,560.72
2214,0.510266,85.9375,499.82
2215,0.424293,92.1875,558.39
2216,0.619319,76.5625,497.26
2217,0.436590,85.9375,501.97
2218,0.244650,92.1875,651.16
2219,0.450871,85.9375,499.81
2220,0.270915,89.0625,576.69
2221,0.342418,87.5000,500.11
2222,0.494021,87.5000,498.83
2223,0.384478,89.0625,599.37
2224,0.326156,90.6250,500.19
2225,0.290028,87.5000,584.03
2226,0.327577,92.1875,498.31
2227,0.299489,89.0625,596.83
2228,0.325261,90.6250,504.97
2229,0.361308,85.9375,500.47
2230,0.470565,82.8125,602.18
2231,0.416375,82.8125,503.87
2232,0.341925,89.0625,565.48
2233,0.349657,85.9375,499.43
2234,0.270642,87.5000,494.71
2235,0.429608,84.3750,618.78
2236,0.484966,81.2500,496.44
2237,0.419983,84.3750,615.17
2238,0.271267,90.6250,539.42
2239,0.284822,87.5000,546.46
2240,0.292612,93.7500,556.22
2241,0.539276,78.1250,506.77
2242,0.339752,87.5000,502.53
2243,0.267898,89.0625,628.54
2244,0.419832,84.3750,529.71
2245,0.370351,87.5000,561.12
2246,0.312916,85.9375,500.91
2247,0.272871,92.1875,569.20
2248,0.307604,87.5000,501.38
2249,0.381728,85.9375,497.35
2250,0.225855,92.1875,595.19
2251,0.413950,84.3750,504.59
2252,0.357910,85.9375,613.46
2253,0.257200,93.7500,499.83
2254,0.225982,93.7500,622.73
2255,0.192603,93.7500,502.28
2256,0.339389,90.6250,585.71
2257,0.430628,82.8125,502.90
2258,0.336895,85.9375,519.07
2259,0.150724,95.3125,575.02
2260,0.221701,92.1875,496.88
2261,0.249947,93.7500,562.51
2262,0.424943,84.3750,500.14
2263,0.419912,87.5000,532.82
2264,0.237405,92.1875,562.79
2265,0.511877,82.8125,499.84
2266,0.340179,87.5000,596.48
2267,0.441177,85.9375,501.47
2268,0.209662,95.3125,610.07
2269,0.343053,87.5000,514.10
2270,0.425918,89.0625,646.67
2271,0.254424,93.7500,504.22
2272,0.291134,89.0625,596.76
2273,0.335273,90.6250,503.06
2274,0.280722,87.5000,540.55
2275,0.581176,82.8125,537.80
2276,0.310423,87.5000,513.00
2277,0.450090,84.3750,598.51
2278,0.619862,82.8125,496.56
2279,0.214547,92.1875,591.41
2280,0.371966,87.5000,497.91
2281,0.444633,90.6250,567.32
2282,0.292181,96.8750,501.38
2283,0.578451,79.6875,504.19
2284,0.326333,89.0625,616.29
2285,0.339010,90.6250,498.45
2286,0.342057,90.6250,563.97
2287,0.234578,90.6250,503.87
2288,0.349696,85.9375,565.58
2289,0.407347,85.9375,501.63
2290,0.297721,87.5000,500.10
2291,0.452039,89.0625,597.66
2292,0.439657,85.9375,502.71
2293,0.276048,92.1875,556.93
2294,0.375993,87.5000,503.53
2295,0.602410,76.5625,555.76
2296,0.369524,87.5000,500.01
2297,0.397698,93.7500,537.37
2298,0.310238,93.7500,560.41
2299,0.300555,92.1875,520.48
2300,0.211777,93.7500,581.58
2301,0.414805,87.5000,500.39
2302,0.420416,85.9375,617.49
2303,0.287869,89.0625,496.64
2304,0.249192,90.6250,543.34
2305,0.284120,89.0625,494.15
2306,0.244049,90.6250,500.55
2307,0.375852,84.3750,574.79
2308,0.147366,95.3125,492.49
2309,0.515407,82.8125,552.36
2310,0.224782,92.1875,507.75
2311,0.404322,87.5000,523.09
2312,0.463451,85.9375,544.31
2313,0.515045,82.8125,500.77
2314,0.307460,89.0625,558.34
2315,0.406947,87.5000,503.14
2316,0.344455,87.5000,498.69
2317,0.242355,92.1875,655.10
2318,0.599780,82.8125,505.51
2319,0.438001,82.8125,535.42
2320,0.225288,92.1875,526.39
2321,0.391872,84.3750,502.72
2322,0.309773,90.6250,627.91
2323,0.366892,87.5000,501.04
2324,0.527985,82.8125,638.65
2325,0.366848,92.1875,503.63
2326,0.394810,87.5000,560.00
2327,0.268343,93.7500,559.60
2328,0.415957,84.3750,525.77
2329,0.303894,92.1875,575.38
2330,0.207493,96.8750,510.93
2331,0.268745,93.7500,605.61
2332,0.370357,89.0625,504.66
2333,0.439962,84.3750,560.79
2334,0.350382,87.5000,503.33
2335,0.301227,93.7500,575.11
2336,0.512520,84.3750,513.79
2337,0.384746,89.0625,506.48
2338,0.258021,89.0625,579.55
2339,0.402143,90.6250,502.94
2340,0.451488,79.6875,549.81
2341,0.305814,90.6250,527.74
2342,0.428407,84.3750,502.70
2343,0.254967,89.0625,667.47
2344,0.438007,84.3750,508.95
2345,0.315311,90.6250,599.44
2346,0.223028,90.6250,499.85
2347,0.255857,90.6250,552.25
2348,0.488306,81.2500,518.68
2349,0.447350,82.8125,574.70
2350,0.477958,84.3750,503.04
2351,0.321932,87.5000,555.23
2352,0.208737,92.1875,544.39
2353,0.316831,92.1875,551.45
2354,0.362332,92.1875,535.65
2355,0.499385,87.5000,561.18
2356,0.402896,87.5000,517.31
2357,0.468868,81.2500,532.51
2358,0.239894,93.7500,572.06
2359,0.340573,87.5000,498.85
2360,0.320963,90.6250,608.57
2361,0.442251,85.9375,504.55
2362,0.312158,93.7500,573.20
2363,0.291971,90.6250,506.29
2364,0.363777,87.5000,530.88
2365,0.491794,82.8125,566.96
2366,0.334921,90.6250,566.87
2367,0.246918,90.6250,520.35
2368,0.264142,93.7500,585.85
2369,0.412265,85.9375,500.92
2370,0.582554,85.9375,562.38
2371,0.580817,82.8125,501.01
2372,0.465420,81.2500,501.91
2373,0.316098,87.5000,641.22
2374,0.269406,93.7500,504.99
2375,0.276356,92.1875,648.59
2376,0.452337,85.9375,498.05
2377,0.403192,84.3750,547.73
2378,0.658906,82.8125,538.79
2379,0.419774,87.5000,503.13
2380,0.395925,89.0625,609.01
2381,0.485282,89.0625,502.79
2382,0.367204,85.9375,549.85
2383,0.396319,85.9375,512.77
2384,0.312128,93.7500,511.75
2385,0.443409,82.8125,586.42
2386,0.338150,84.3750,505.90
2387,0.580287,84.3750,619.36
2388,0.390611,87.5000,505.98
2389,0.353739,89.0625,597.34
2390,0.362417,85.9375,502.67
2391,0.490903,79.6875,574.92
2392,0.311273,89.0625,500.59
2393,0.336961,87.5000,494.21
2394,0.300304,87.5000,592.48
2395,0.314852,89.0625,529.46
2396,0.325547,89.0625,563.75
2397,0.253284,93.7500,560.37
2398,0.383191,89.0625,501.57
2399,0.150120,95.3125,553.76
2400,0.410153,85.9375,502.95
2401,0.381227,82.8125,507.70
2402,0.271498,93.7500,648.71
2403,0.374031,85.9375,506.87
2404,0.404368,84.3750,590.55
2405,0.285719,90.6250,564.87
2406,0.573356,81.2500,520.51
2407,0.369713,89.0625,573.85
2408,0.419415,82.8125,499.55
2409,0.307798,90.6250,498.66
2410,0.291803,87.5000,624.66
2411,0.415858,82.8125,498.53
2412,0.309024,89.0625,641.34
2413,0.294946,90.6250,498.29
2414,0.236645,89.0625,633.17
2415,0.523461,87.5000,494.18
2416,0.291912,89.0625,570.58
2417,0.481615,85.9375,514.02
2418,0.337186,90.6250,587.56
2419,0.440313,84.3750,499.04
2420,0.291439,90.6250,550.72
2421,0.287850,85.9375,521.53
2422,0.449874,84.3750,544.29
2423,0.314608,90.6250,547.45
2424,0.428040,84.3750,497.76
2425,0.411379,85.9375,611.28
2426,0.458334,85.9375,541.15
2427,0.385074,85.9375,555.70
2428,0.292042,92.1875,550.16
2429,0.445667,85.9375,539.24
2430,0.455554,89.0625,564.56
2431,0.376410,84.3750,518.19
2432,0.422321,85.9375,569.14
2433,0.491651,81.2500,501.53
2434,0.469778,84.3750,498.95
2435,0.398578,87.5000,609.59
2436,0.377234,85.9375,502.55
2437,0.357468,89.0625,548.46
2438,0.243076,87.5000,530.33
2439,0.196537,93.7500,497.97
2440,0.576295,84.3750,584.97
2441,0.271821,89.0625,501.37
2442,0.592281,81.2500,582.02
2443,0.304428,89.0625,496.19
2444,0.273606,87.5000,551.30
2445,0.491856,84.3750,497.89
2446,0.383485,89.0625,550.52
2447,0.260139,89.0625,499.65
2448,0.359435,87.5000,496.83
2449,0.252681,92.1875,639.21
2450,0.276496,92.1875,492.21
2451,0.333005,89.0625,597.25
2452,0.308774,92.1875,496.38
2453,0.362996,89.0625,603.17
2454,0.391929,84.3750,509.03
2455,0.357703,89.0625,580.56
2456,0.491869,84.3750,498.11
2457,0.341826,87.5000,558.20
2458,0.267293,93.7500,498.49
2459,0.428084,85.9375,495.52
2460,0.288363,92.1875,593.07
2461,0.456606,82.8125,495.32
2462,0.215376,92.1875,567.92
2463,0.394405,84.3750,496.94
2464,0.292504,87.5000,533.47
2465,0.534078,79.6875,549.54
2466,0.334168,87.5000,506.60
2467,0.348163,92.1875,608.86
2468,0.266986,92.1875,499.53
2469,0.233087,92.1875,596.43
2470,0.228473,90.6250,495.44
2471,0.305452,90.6250,560.82
2472,0.220509,95.3125,501.26
2473,0.320627,89.0625,499.90
2474,0.301933,92.1875,632.82
2475,0.398179,87.5000,498.66
2476,0.219058,92.1875,567.20
2477,0.415117,89.0625,499.70
2478,0.417507,89.0625,580.72
2479,0.429666,84.3750,500.14
2480,0.306118,89.0625,494.33
2481,0.419394,85.9375,599.66
2482,0.264343,93.7500,496.17
2483,0.439817,84.3750,643.64
2484,0.506731,78.1250,502.88
2485,0.590553,81.2500,589.07
2486,0.340465,87.5000,499.28
2487,0.413979,85.9375,497.15
2488,0.418356,90.6250,593.96
2489,0.289552,92.1875,547.39
2490,0.128879,98.4375,523.15
2491,0.476239,76.5625,551.68
2492,0.322635,89.0625,523.99
2493,0.462625,84.3750,535.84
2494,0.313890,87.5000,567.03
2495,0.299421,92.1875,554.80
2496,0.394172,85.9375,530.65
2497,0.362735,87.5000,574.04
2498,0.305680,89.0625,496.23
2499,0.269253,92.1875,496.56
2500,0.246212,92.1875,645.32
2501,0.314611,89.0625,500.21
2502,0.247880,92.1875,554.17
2503,0.280093,90.6250,501.29
2504,0.220104,93.7500,497.18
2505,0.618998,87.5000,580.47
2506,0.350567,89.0625,498.55
2507,0.251617,92.1875,652.83
2508,0.583485,87.5000,501.62
2509,0.341431,87.5000,556.75
2510,0.433328,85.9375,499.91
2511,0.340844,87.5000,493.60
2512,0.285289,89.0625,620.00
2513,0.457400,85.9375,495.44
2514,0.180493,92.1875,600.06
2515,0.326030,90.6250,495.47
2516,0.323476,89.0625,556.30
2517,0.243724,89.0625,499.82
2518,0.378425,89.0625,540.50
2519,0.450833,81.2500,556.78
2520,0.413027,85.9375,498.00
2521,0.515760,84.3750,627.85
2522,0.252979,89.0625,498.49
2523,0.224250,93.7500,572.16
2524,0.469333,89.0625,496.43
2525,0.333396,90.6250,558.81
2526,0.423854,89.0625,495.49
2527,0.430027,85.9375,590.96
2528,0.379459,85.9375,501.74
2529,0.333385,90.6250,501.55
2530,0.317539,89.0625,587.36
2531,0.357004,89.0625,497.12
2532,0.311874,92.1875,549.00
2533,0.406814,89.0625,515.18
2534,0.292015,92.1875,498.04
2535,0.254031,87.5000,613.07
2536,0.375800,89.0625,532.14
2537,0.510587,81.2500,563.62
2538,0.355660,85.9375,499.86
2539,0.439059,89.0625,559.79
2540,0.412502,84.3750,507.44
2541,0.238279,92.1875,495.62
2542,0.265560,90.6250,636.94
2543,0.448933,84.3750,498.54
2544,0.450990,82.8125,554.46
2545,0.408372,82.8125,513.46
2546,0.386068,84.3750,498.92
2547,0.273171,89.0625,634.79
2548,0.233193,95.3125,498.98
2549,0.390100,92.1875,560.42
2550,0.204402,92.1875,510.47
2551,0.364845,85.9375,504.40
2552,0.356368,89.0625,618.68
2553,0.356154,84.3750,503.95
2554,0.226510,92.1875,619.24
2555,0.429897,85.9375,504.16
2556,0.326323,90.6250,549.48
2557,0.552051,79.6875,535.39
2558,0.557124,84.3750,496.79
2559,0.367186,87.5000,647.80
2560,0.406194,89.0625,504.11
2561,0.315229,92.1875,555.19
2562,0.335832,89.0625,504.42
2563,0.289444,90.6250,496.99
2564,0.257082,89.0625,601.03
2565,0.395364,84.3750,520.73
2566,0.316055,92.1875,565.48
2567,0.467599,84.3750,503.96
2568,0.397027,79.6875,594.21
2569,0.339226,87.5000,555.77
2570,0.234500,100.0000,165.38
