batch_idx,loss,accuracy,time_ms
1,0.141455,93.7500,664.70
2,0.148566,98.4375,501.55
3,0.378998,87.5000,575.92
4,0.263593,93.7500,498.91
5,0.276788,93.7500,586.13
6,0.209574,93.7500,504.22
7,0.282216,89.0625,500.96
8,0.316826,90.6250,633.25
9,0.393992,87.5000,549.54
10,0.255705,92.1875,562.76
11,0.336384,89.0625,501.53
12,0.221197,90.6250,647.74
13,0.418286,85.9375,502.57
14,0.286488,87.5000,562.23
15,0.071008,96.8750,496.27
16,0.337753,90.6250,531.96
17,0.281577,89.0625,561.82
18,0.192049,93.7500,538.23
19,0.238284,89.0625,563.96
20,0.329020,93.7500,496.56
21,0.399336,85.9375,642.22
22,0.279110,92.1875,497.42
23,0.118054,96.8750,555.12
24,0.217654,95.3125,541.87
25,0.177018,93.7500,505.65
26,0.175472,95.3125,576.34
27,0.135481,93.7500,500.21
28,0.306987,87.5000,562.37
29,0.333541,89.0625,500.65
30,0.187999,90.6250,504.08
31,0.252364,92.1875,625.00
32,0.302212,89.0625,498.97
33,0.314570,90.6250,666.56
34,0.212369,89.0625,499.33
35,0.445802,90.6250,563.21
36,0.288701,92.1875,502.82
37,0.376075,87.5000,568.65
38,0.301586,90.6250,499.74
39,0.317362,89.0625,568.21
40,0.245770,92.1875,504.80
41,0.316037,89.0625,497.52
42,0.085851,100.0000,598.44
43,0.292588,87.5000,504.89
44,0.301925,90.6250,536.67
45,0.327949,92.1875,558.13
46,0.267128,89.0625,523.70
47,0.224907,90.6250,608.92
48,0.393390,89.0625,562.91
49,0.195974,93.7500,537.99
50,0.279101,92.1875,498.69
51,0.281380,92.1875,647.22
52,0.156497,93.7500,533.71
53,0.260224,90.6250,570.59
54,0.149206,95.3125,580.24
55,0.247951,95.3125,515.60
56,0.143951,93.7500,545.24
57,0.483220,84.3750,530.76
58,0.282206,90.6250,502.49
59,0.211942,92.1875,639.90
60,0.416678,87.5000,498.73
61,0.137739,96.8750,595.09
62,0.264400,93.7500,489.82
63,0.163982,95.3125,489.46
64,0.174762,93.7500,601.29
65,0.188146,93.7500,492.25
66,0.154010,93.7500,533.28
67,0.306421,93.7500,526.75
68,0.116755,96.8750,491.86
69,0.098157,95.3125,592.14
70,0.247427,90.6250,500.15
71,0.214089,93.7500,536.65
72,0.281875,92.1875,542.80
73,0.355805,89.0625,515.03
74,0.477882,89.0625,580.69
75,0.180128,95.3125,502.46
76,0.371531,89.0625,570.79
77,0.253979,90.6250,504.26
78,0.364934,92.1875,541.33
79,0.267653,93.7500,582.76
80,0.271002,92.1875,546.84
81,0.257928,90.6250,523.99
82,0.277310,90.6250,560.30
83,0.276798,93.7500,507.43
84,0.151036,93.7500,502.34
85,0.472186,90.6250,593.26
86,0.247630,92.1875,514.02
87,0.307172,85.9375,584.54
88,0.192985,93.7500,512.22
89,0.090328,100.0000,603.51
90,0.147279,96.8750,562.56
91,0.183873,95.3125,496.21
92,0.091756,98.4375,556.40
93,0.211954,90.6250,510.71
94,0.090613,95.3125,551.11
95,0.409702,87.5000,542.71
96,0.242586,90.6250,531.10
97,0.224118,90.6250,557.72
98,0.273687,90.6250,560.46
99,0.280486,95.3125,498.61
100,0.094018,95.3125,569.75
101,0.291571,85.9375,497.13
102,0.118633,95.3125,551.36
103,0.166660,98.4375,543.90
104,0.222131,90.6250,501.16
105,0.260549,90.6250,642.55
106,0.191882,89.0625,497.98
107,0.298399,89.0625,553.06
108,0.170506,96.8750,552.53
109,0.172318,93.7500,498.49
110,0.326665,84.3750,609.87
111,0.217379,92.1875,503.17
112,0.273003,92.1875,649.89
113,0.400489,85.9375,496.60
114,0.080050,100.0000,585.39
115,0.210656,90.6250,502.50
116,0.167727,90.6250,514.29
117,0.195858,90.6250,608.10
118,0.247696,95.3125,499.98
119,0.181163,95.3125,576.84
120,0.206630,92.1875,497.91
121,0.269535,90.6250,578.90
122,0.124543,93.7500,497.28
123,0.168311,92.1875,496.43
124,0.188573,95.3125,593.20
125,0.134814,96.8750,499.16
126,0.198254,92.1875,604.87
127,0.184777,95.3125,494.92
128,0.206490,92.1875,603.99
129,0.361871,84.3750,497.47
130,0.246951,89.0625,626.17
131,0.321867,87.5000,496.02
132,0.176364,93.7500,609.85
133,0.175611,95.3125,494.03
134,0.359521,92.1875,624.39
135,0.139283,93.7500,497.54
136,0.218778,90.6250,581.84
137,0.178196,93.7500,497.31
138,0.359251,87.5000,530.15
139,0.207587,92.1875,555.97
140,0.207565,92.1875,537.86
141,0.226809,92.1875,546.92
142,0.279806,90.6250,496.18
143,0.100301,96.8750,584.36
144,0.054284,100.0000,503.59
145,0.354040,96.8750,515.51
146,0.327382,92.1875,580.49
147,0.195441,93.7500,542.32
148,0.136226,95.3125,513.02
149,0.305240,89.0625,496.07
150,0.264499,95.3125,583.39
151,0.349169,85.9375,499.04
152,0.210951,92.1875,557.35
153,0.278934,93.7500,501.09
154,0.268559,93.7500,497.20
155,0.238079,92.1875,615.86
156,0.184747,93.7500,496.25
157,0.197463,90.6250,651.63
158,0.168825,92.1875,496.54
159,0.130431,93.7500,530.49
160,0.282521,90.6250,559.08
161,0.183223,95.3125,499.66
162,0.271478,92.1875,559.87
163,0.181220,93.7500,503.58
164,0.172652,93.7500,601.67
165,0.110668,98.4375,502.76
166,0.261520,93.7500,592.66
167,0.339840,89.0625,498.99
168,0.161350,93.7500,653.61
169,0.153676,98.4375,501.03
170,0.306785,90.6250,645.56
171,0.363989,85.9375,502.99
172,0.080337,98.4375,567.98
173,0.184414,95.3125,500.47
174,0.262189,92.1875,645.95
175,0.123598,92.1875,505.78
176,0.088901,95.3125,556.71
177,0.293911,92.1875,537.47
178,0.317980,85.9375,543.49
179,0.191250,93.7500,556.34
180,0.181158,92.1875,577.57
181,0.130676,93.7500,503.49
182,0.340133,89.0625,503.28
183,0.289547,85.9375,590.29
184,0.283287,92.1875,501.29
185,0.159972,92.1875,568.55
186,0.166944,93.7500,503.46
187,0.276378,89.0625,564.74
188,0.288058,92.1875,499.92
189,0.103542,95.3125,570.94
190,0.355429,87.5000,506.21
191,0.228194,93.7500,494.59
192,0.455686,89.0625,638.81
193,0.182802,92.1875,499.43
194,0.211499,89.0625,645.87
195,0.270712,90.6250,504.86
196,0.124472,95.3125,558.17
197,0.207912,93.7500,498.96
198,0.162259,95.3125,562.62
199,0.365740,87.5000,520.77
200,0.188963,93.7500,498.86
201,0.233525,90.6250,638.67
202,0.099475,96.8750,494.60
203,0.261770,90.6250,566.24
204,0.268370,92.1875,497.98
205,0.441584,84.3750,500.42
206,0.163428,95.3125,613.29
207,0.316724,93.7500,495.11
208,0.364678,85.9375,584.93
209,0.204273,90.6250,501.44
210,0.189990,96.8750,500.15
211,0.276413,92.1875,634.44
212,0.208068,90.6250,499.21
213,0.175680,92.1875,559.19
214,0.137029,95.3125,499.44
215,0.292904,90.6250,531.25
216,0.172266,96.8750,558.86
217,0.118152,96.8750,513.96
218,0.301623,90.6250,594.34
219,0.205660,96.8750,498.95
220,0.211226,92.1875,641.71
221,0.181170,95.3125,500.36
222,0.224847,93.7500,589.60
223,0.230718,89.0625,499.22
224,0.238487,92.1875,566.56
225,0.297676,90.6250,497.72
226,0.287519,87.5000,529.72
227,0.219254,92.1875,578.17
228,0.246825,90.6250,563.66
229,0.135927,96.8750,520.53
230,0.210905,95.3125,503.54
231,0.152243,96.8750,628.62
232,0.246684,93.7500,536.93
233,0.162488,95.3125,559.33
234,0.146482,96.8750,497.80
235,0.212775,92.1875,643.86
236,0.152117,96.8750,499.36
237,0.449269,85.9375,630.74
238,0.475752,87.5000,501.95
239,0.286102,89.0625,629.77
240,0.130814,95.3125,499.29
241,0.277372,90.6250,610.32
242,0.185678,95.3125,504.24
243,0.241492,92.1875,603.98
244,0.172588,93.7500,503.78
245,0.149920,95.3125,628.99
246,0.189218,90.6250,503.37
247,0.379375,89.0625,583.76
248,0.367323,92.1875,501.00
249,0.229627,90.6250,602.49
250,0.204099,90.6250,498.39
251,0.211925,90.6250,497.42
252,0.121409,95.3125,589.28
253,0.175606,95.3125,506.25
254,0.142298,95.3125,571.00
255,0.380872,85.9375,502.72
256,0.243327,90.6250,500.90
257,0.306688,92.1875,657.61
258,0.245798,93.7500,497.83
259,0.368989,87.5000,584.68
260,0.123636,95.3125,494.65
261,0.178859,92.1875,563.98
262,0.411048,84.3750,506.89
263,0.102284,96.8750,505.02
264,0.248431,92.1875,601.47
265,0.297699,87.5000,497.37
266,0.340132,84.3750,561.32
267,0.171622,90.6250,513.70
268,0.339034,87.5000,540.51
269,0.191930,93.7500,567.39
270,0.121819,96.8750,495.66
271,0.273461,89.0625,603.02
272,0.162818,92.1875,500.39
273,0.379517,85.9375,646.91
274,0.159506,93.7500,501.27
275,0.321017,87.5000,569.67
276,0.175654,93.7500,499.22
277,0.215206,93.7500,570.22
278,0.203261,92.1875,503.10
279,0.158786,95.3125,556.52
280,0.184100,95.3125,524.74
281,0.485085,84.3750,500.70
282,0.310609,95.3125,620.55
283,0.197239,93.7500,496.66
284,0.216942,89.0625,598.83
285,0.272093,87.5000,506.70
286,0.204601,93.7500,648.26
287,0.197447,92.1875,502.37
288,0.121990,96.8750,635.93
289,0.270489,90.6250,500.05
290,0.252335,92.1875,614.02
291,0.256891,90.6250,503.69
292,0.206092,92.1875,637.63
293,0.175593,90.6250,499.60
294,0.262215,90.6250,643.10
295,0.247939,89.0625,498.37
296,0.203802,90.6250,578.49
297,0.130011,96.8750,497.51
298,0.323199,82.8125,550.97
299,0.172433,92.1875,531.65
300,0.319711,85.9375,489.13
301,0.278901,87.5000,588.81
302,0.260461,92.1875,488.30
303,0.180574,92.1875,633.58
304,0.236720,90.6250,494.39
305,0.325498,87.5000,550.40
306,0.322676,89.0625,490.58
307,0.254436,92.1875,494.14
308,0.219334,89.0625,612.74
309,0.206276,93.7500,498.99
310,0.119937,95.3125,639.56
311,0.147548,93.7500,491.38
312,0.169660,93.7500,554.21
313,0.290322,87.5000,495.94
314,0.121191,96.8750,546.71
315,0.193642,87.5000,542.97
316,0.154277,95.3125,547.86
317,0.256570,87.5000,530.94
318,0.196757,92.1875,540.88
319,0.253921,90.6250,548.71
320,0.239155,92.1875,505.23
321,0.178190,92.1875,582.72
322,0.184609,90.6250,499.88
323,0.107702,95.3125,659.45
324,0.318181,87.5000,503.93
325,0.101302,98.4375,626.58
326,0.163820,93.7500,501.57
327,0.253140,92.1875,551.12
328,0.289001,90.6250,541.29
329,0.200893,92.1875,559.47
330,0.330968,90.6250,565.40
331,0.139506,95.3125,501.76
332,0.168635,93.7500,643.01
333,0.184643,90.6250,499.02
334,0.217388,96.8750,607.50
335,0.369083,89.0625,506.26
336,0.151294,95.3125,577.23
337,0.161892,95.3125,502.28
338,0.116357,96.8750,503.49
339,0.243607,92.1875,635.26
340,0.199527,92.1875,498.26
341,0.266097,87.5000,557.38
342,0.246987,89.0625,516.35
343,0.199672,89.0625,574.24
344,0.145722,93.7500,500.03
345,0.097519,96.8750,498.65
346,0.264228,92.1875,645.53
347,0.249782,95.3125,501.03
348,0.199092,93.7500,636.48
349,0.069463,96.8750,503.54
350,0.194985,93.7500,584.26
351,0.321237,87.5000,498.30
352,0.192384,90.6250,495.86
353,0.286594,90.6250,654.15
354,0.257775,92.1875,511.47
355,0.117292,98.4375,581.14
356,0.195082,90.6250,501.81
357,0.209197,93.7500,579.84
358,0.317134,89.0625,496.77
359,0.067341,96.8750,588.58
360,0.189094,93.7500,502.98
361,0.332826,89.0625,498.12
362,0.294637,90.6250,605.12
363,0.237257,90.6250,497.55
364,0.211246,93.7500,614.09
365,0.244964,92.1875,503.03
366,0.224069,95.3125,613.35
367,0.302479,92.1875,498.28
368,0.152861,93.7500,631.41
369,0.368655,89.0625,495.53
370,0.150674,92.1875,604.06
371,0.214431,95.3125,503.18
372,0.282638,85.9375,634.53
373,0.325499,85.9375,497.90
374,0.163825,95.3125,581.64
375,0.239952,93.7500,498.48
376,0.247781,90.6250,499.00
377,0.259712,89.0625,620.07
378,0.227286,92.1875,499.90
379,0.252557,87.5000,605.68
380,0.165871,93.7500,499.91
381,0.167617,93.7500,551.39
382,0.173685,95.3125,522.49
383,0.128014,95.3125,500.68
384,0.127404,93.7500,630.59
385,0.327532,87.5000,493.88
386,0.161895,93.7500,595.80
387,0.225079,89.0625,503.37
388,0.204445,93.7500,568.79
389,0.102045,98.4375,497.46
390,0.294692,93.7500,556.90
391,0.238718,92.1875,503.01
392,0.231533,90.6250,500.58
393,0.276564,82.8125,602.60
394,0.291549,87.5000,497.07
395,0.206843,92.1875,587.73
396,0.164488,95.3125,500.01
397,0.244918,90.6250,579.97
398,0.033278,100.0000,501.75
399,0.236337,92.1875,548.44
400,0.202859,95.3125,519.21
401,0.126111,96.8750,503.20
402,0.060034,96.8750,625.05
403,0.169227,92.1875,500.66
404,0.161955,95.3125,586.34
405,0.275915,90.6250,497.14
406,0.092506,98.4375,561.18
407,0.128516,96.8750,500.39
408,0.379820,87.5000,552.49
409,0.141153,96.8750,506.91
410,0.246065,92.1875,525.06
411,0.092369,98.4375,588.98
412,0.172186,92.1875,502.11
413,0.150015,95.3125,628.75
414,0.265608,90.6250,501.24
415,0.255529,90.6250,589.04
416,0.275551,93.7500,498.15
417,0.314566,90.6250,553.57
418,0.139638,96.8750,556.56
419,0.299318,87.5000,501.38
420,0.125025,95.3125,623.07
421,0.227044,90.6250,504.92
422,0.185255,92.1875,626.76
423,0.136944,93.7500,495.99
424,0.193289,92.1875,562.87
425,0.342987,89.0625,496.79
426,0.283083,92.1875,498.72
427,0.306863,92.1875,590.48
428,0.199924,93.7500,500.24
429,0.353281,89.0625,581.28
430,0.266443,92.1875,499.91
431,0.173939,95.3125,562.71
432,0.247873,93.7500,536.39
433,0.200022,93.7500,498.66
434,0.201836,95.3125,606.50
435,0.236590,92.1875,500.73
436,0.312178,93.7500,574.65
437,0.182193,92.1875,503.01
438,0.263426,92.1875,521.11
439,0.353922,89.0625,578.94
440,0.136707,96.8750,499.19
441,0.233350,89.0625,584.69
442,0.224108,90.6250,500.28
443,0.299586,89.0625,500.30
444,0.286335,87.5000,651.89
445,0.280120,90.6250,501.52
446,0.107819,96.8750,626.32
447,0.275446,89.0625,502.38
448,0.207773,93.7500,586.01
449,0.329148,90.6250,499.27
450,0.301475,87.5000,654.03
451,0.299122,90.6250,500.42
452,0.118663,95.3125,591.56
453,0.192328,92.1875,500.59
454,0.244140,92.1875,501.60
455,0.137255,95.3125,621.24
456,0.217786,93.7500,496.64
457,0.165205,95.3125,526.88
458,0.293834,89.0625,544.69
459,0.228603,92.1875,496.62
460,0.255971,93.7500,587.90
461,0.188704,95.3125,498.30
462,0.189110,93.7500,572.86
463,0.250283,89.0625,502.73
464,0.073224,98.4375,495.25
465,0.144222,96.8750,596.27
466,0.282475,87.5000,495.07
467,0.208904,92.1875,499.71
468,0.235611,92.1875,602.05
469,0.160124,93.7500,504.34
470,0.280799,87.5000,624.13
471,0.074938,96.8750,531.56
472,0.104926,96.8750,559.22
473,0.200439,93.7500,497.13
474,0.119587,96.8750,564.58
475,0.248234,89.0625,500.44
476,0.139023,93.7500,547.20
477,0.214380,93.7500,518.24
478,0.259401,93.7500,499.94
479,0.343596,90.6250,596.72
480,0.283619,87.5000,496.79
481,0.218380,93.7500,648.93
482,0.234547,90.6250,502.16
483,0.125939,95.3125,590.01
484,0.401147,85.9375,498.97
485,0.250766,90.6250,498.34
486,0.173527,92.1875,584.78
487,0.263467,93.7500,498.91
488,0.172210,96.8750,500.89
489,0.267801,90.6250,607.78
490,0.290477,89.0625,495.12
491,0.191882,92.1875,596.72
492,0.290452,87.5000,500.82
493,0.210646,90.6250,499.39
494,0.320191,89.0625,625.01
495,0.267368,90.6250,499.39
496,0.146739,95.3125,544.25
497,0.324011,85.9375,516.66
498,0.193276,93.7500,498.68
499,0.259701,92.1875,617.74
500,0.282808,92.1875,500.50
501,0.268096,92.1875,589.16
502,0.205602,90.6250,502.01
503,0.298854,90.6250,557.97
504,0.224536,92.1875,501.13
505,0.070370,96.8750,497.64
506,0.131654,96.8750,655.27
507,0.196126,90.6250,499.65
508,0.424035,84.3750,532.46
509,0.383266,85.9375,562.16
510,0.156071,93.7500,499.17
511,0.263760,89.0625,587.74
512,0.234218,87.5000,498.98
513,0.233213,90.6250,564.52
514,0.166651,93.7500,505.06
515,0.258862,90.6250,496.86
516,0.339046,89.0625,631.10
517,0.262766,90.6250,498.87
518,0.342793,87.5000,629.32
519,0.173557,95.3125,500.84
520,0.177656,95.3125,581.37
521,0.199519,92.1875,498.89
522,0.307575,92.1875,571.13
523,0.211758,90.6250,499.54
524,0.161103,92.1875,504.72
525,0.198057,92.1875,653.03
526,0.237265,89.0625,499.26
527,0.330655,87.5000,583.10
528,0.345374,84.3750,500.09
529,0.298289,90.6250,646.11
530,0.234383,93.7500,500.02
531,0.202527,93.7500,643.03
532,0.295893,93.7500,500.14
533,0.421910,89.0625,589.50
534,0.150499,93.7500,498.06
535,0.158768,95.3125,515.81
536,0.291777,89.0625,594.75
537,0.265498,93.7500,553.06
538,0.232264,92.1875,518.77
539,0.099478,95.3125,497.95
540,0.100056,96.8750,578.94
541,0.176007,92.1875,500.25
542,0.280243,92.1875,497.74
543,0.182691,93.7500,597.52
544,0.151452,93.7500,500.98
545,0.167718,95.3125,566.45
546,0.148377,93.7500,501.32
547,0.262726,87.5000,499.46
548,0.148275,96.8750,590.98
549,0.230199,87.5000,504.87
550,0.214543,92.1875,637.61
551,0.473398,79.6875,497.20
552,0.511683,79.6875,519.59
553,0.254501,90.6250,586.89
554,0.223317,89.0625,495.44
555,0.114724,96.8750,560.15
556,0.304343,89.0625,499.33
557,0.504003,85.9375,501.33
558,0.196157,92.1875,593.30
559,0.186709,93.7500,498.09
560,0.113865,98.4375,549.56
561,0.253878,92.1875,500.31
562,0.241943,90.6250,496.20
563,0.077459,98.4375,599.56
564,0.286185,92.1875,499.58
565,0.268167,89.0625,648.83
566,0.289092,85.9375,496.58
567,0.185135,93.7500,584.03
568,0.224785,93.7500,499.05
569,0.287818,90.6250,549.08
570,0.147720,92.1875,498.24
571,0.191070,95.3125,497.99
572,0.295068,89.0625,650.97
573,0.263432,89.0625,499.87
574,0.245476,89.0625,599.40
575,0.136841,95.3125,501.38
576,0.208680,92.1875,524.58
577,0.183279,93.7500,566.71
578,0.163038,92.1875,502.63
579,0.402995,85.9375,555.68
580,0.123658,96.8750,504.92
581,0.260189,92.1875,590.40
582,0.253395,87.5000,496.93
583,0.102200,95.3125,644.30
584,0.194265,92.1875,501.60
585,0.237895,87.5000,519.97
586,0.156034,95.3125,593.17
587,0.110163,95.3125,535.65
588,0.070937,98.4375,564.52
589,0.355350,89.0625,498.98
590,0.280741,89.0625,593.95
591,0.167969,95.3125,521.00
592,0.189507,93.7500,576.39
593,0.207737,92.1875,501.18
594,0.092810,96.8750,627.45
595,0.136264,96.8750,496.38
596,0.306311,92.1875,562.07
597,0.316915,87.5000,497.73
598,0.170382,93.7500,565.34
599,0.207836,92.1875,496.72
600,0.299031,90.6250,580.04
601,0.182672,93.7500,496.64
602,0.243195,89.0625,505.93
603,0.191093,96.8750,581.80
604,0.136519,95.3125,499.46
605,0.297417,90.6250,520.94
606,0.189898,92.1875,559.63
607,0.160345,95.3125,504.05
608,0.209675,92.1875,562.46
609,0.060083,100.0000,500.58
610,0.110164,96.8750,528.97
611,0.271186,90.6250,564.84
612,0.190546,92.1875,496.74
613,0.254071,92.1875,563.34
614,0.151993,96.8750,497.00
615,0.181258,92.1875,499.26
616,0.197045,93.7500,597.34
617,0.118188,98.4375,499.30
618,0.230359,93.7500,606.70
619,0.275638,90.6250,499.57
620,0.195250,92.1875,586.53
621,0.365543,85.9375,501.26
622,0.123865,95.3125,500.17
623,0.251958,90.6250,650.24
624,0.234307,92.1875,540.84
625,0.127559,93.7500,571.83
626,0.169127,93.7500,502.27
627,0.078659,98.4375,628.40
628,0.155941,95.3125,503.38
629,0.155168,96.8750,571.61
630,0.105155,96.8750,505.64
631,0.280421,92.1875,573.90
632,0.137865,95.3125,502.81
633,0.338932,87.5000,547.96
634,0.282520,90.6250,522.37
635,0.132555,95.3125,566.28
636,0.109857,96.8750,499.49
637,0.252901,92.1875,575.49
638,0.150986,98.4375,523.81
639,0.232923,90.6250,503.91
640,0.330119,85.9375,585.58
641,0.109065,95.3125,499.85
642,0.260277,95.3125,536.36
643,0.313937,90.6250,530.47
644,0.302744,92.1875,503.16
645,0.171288,93.7500,624.24
646,0.319359,87.5000,501.44
647,0.314014,89.0625,580.59
648,0.235563,93.7500,498.97
649,0.092808,98.4375,534.49
650,0.200008,93.7500,555.26
651,0.152068,92.1875,494.43
652,0.411024,87.5000,563.82
653,0.292336,92.1875,502.79
654,0.152402,95.3125,543.00
655,0.114103,93.7500,543.22
656,0.139328,98.4375,563.22
657,0.127039,93.7500,501.72
658,0.117824,96.8750,497.83
659,0.179307,95.3125,598.94
660,0.143792,98.4375,500.13
661,0.173744,96.8750,603.77
662,0.417456,90.6250,499.56
663,0.171744,92.1875,565.84
664,0.105660,98.4375,500.59
665,0.109009,96.8750,500.95
666,0.258450,90.6250,627.02
667,0.252305,89.0625,506.88
668,0.158247,95.3125,621.25
669,0.243938,89.0625,499.63
670,0.277198,90.6250,527.37
671,0.083411,96.8750,562.99
672,0.131992,96.8750,502.17
673,0.298308,87.5000,659.92
674,0.147979,95.3125,539.19
675,0.319401,92.1875,553.24
676,0.259212,89.0625,560.03
677,0.181607,92.1875,539.50
678,0.358931,95.3125,559.32
679,0.298138,89.0625,536.24
680,0.138944,93.7500,504.28
681,0.193913,92.1875,641.66
682,0.229960,92.1875,500.86
683,0.146211,96.8750,600.24
684,0.227633,92.1875,501.31
685,0.251900,90.6250,592.66
686,0.200338,90.6250,500.81
687,0.194987,92.1875,525.14
688,0.408049,89.0625,561.63
689,0.253691,90.6250,547.18
690,0.201245,92.1875,531.69
691,0.296065,89.0625,501.99
692,0.149693,93.7500,575.32
693,0.244775,93.7500,497.72
694,0.267469,87.5000,499.20
695,0.226429,87.5000,610.74
696,0.172470,92.1875,500.48
697,0.329358,89.0625,582.17
698,0.144356,98.4375,499.42
699,0.293154,90.6250,549.33
700,0.117708,98.4375,502.63
701,0.316318,89.0625,498.10
702,0.156949,93.7500,626.71
703,0.165068,93.7500,499.74
704,0.167529,92.1875,584.35
705,0.231215,92.1875,523.48
706,0.425924,81.2500,500.28
707,0.225819,89.0625,627.76
708,0.253804,89.0625,495.86
709,0.104964,96.8750,604.32
710,0.360323,85.9375,493.07
711,0.134891,95.3125,577.09
712,0.262103,92.1875,496.95
713,0.239411,93.7500,601.91
714,0.172378,90.6250,497.35
715,0.261203,90.6250,499.74
716,0.074267,98.4375,601.72
717,0.138878,96.8750,499.39
718,0.193395,95.3125,636.01
719,0.298387,90.6250,494.18
720,0.218331,89.0625,575.54
721,0.211054,92.1875,496.36
722,0.167054,95.3125,547.33
723,0.253324,85.9375,543.34
724,0.127711,95.3125,496.55
725,0.216659,92.1875,624.47
726,0.160203,93.7500,489.73
727,0.242294,90.6250,638.98
728,0.127373,95.3125,501.90
729,0.222260,90.6250,565.04
730,0.341699,89.0625,490.79
731,0.091729,98.4375,646.69
732,0.280381,89.0625,491.25
733,0.141391,93.7500,607.31
734,0.187037,96.8750,497.70
735,0.343848,90.6250,586.68
736,0.163185,95.3125,497.19
737,0.192935,92.1875,557.13
738,0.112749,96.8750,498.81
739,0.468841,89.0625,497.14
740,0.182091,93.7500,588.99
741,0.196677,93.7500,510.39
742,0.331836,92.1875,563.07
743,0.284593,92.1875,515.93
744,0.172062,90.6250,503.56
745,0.142138,95.3125,642.14
746,0.344402,89.0625,508.32
747,0.204499,93.7500,650.68
748,0.165935,90.6250,500.96
749,0.162071,93.7500,516.99
750,0.137143,96.8750,594.93
751,0.116624,98.4375,536.64
752,0.259987,92.1875,532.31
753,0.158678,95.3125,502.33
754,0.181565,95.3125,637.00
755,0.285513,89.0625,517.00
756,0.266136,92.1875,579.83
757,0.272998,90.6250,501.07
758,0.104909,96.8750,637.15
759,0.287481,90.6250,501.58
760,0.230408,95.3125,573.51
761,0.261491,92.1875,498.53
762,0.208147,90.6250,594.32
763,0.261272,93.7500,497.34
764,0.118444,96.8750,589.03
765,0.228445,90.6250,501.33
766,0.210590,90.6250,503.42
767,0.261285,92.1875,607.17
768,0.181173,93.7500,501.57
769,0.226554,90.6250,562.25
770,0.190046,93.7500,501.43
771,0.254341,93.7500,563.26
772,0.124896,96.8750,500.26
773,0.298814,93.7500,549.27
774,0.126890,98.4375,531.17
775,0.177907,95.3125,555.54
776,0.241352,93.7500,499.16
777,0.252324,92.1875,572.11
778,0.228598,93.7500,507.62
779,0.146920,96.8750,538.86
780,0.141141,95.3125,560.30
781,0.190460,95.3125,501.30
782,0.205900,92.1875,624.30
783,0.154871,95.3125,531.72
784,0.192072,90.6250,552.18
785,0.188469,92.1875,501.65
786,0.231802,89.0625,636.02
787,0.149200,95.3125,497.98
788,0.332561,87.5000,554.72
789,0.200165,96.8750,513.94
790,0.520699,87.5000,509.47
791,0.209195,93.7500,622.17
792,0.153423,95.3125,501.08
793,0.190161,93.7500,576.76
794,0.144260,93.7500,498.90
795,0.168808,98.4375,584.41
796,0.207407,92.1875,501.72
797,0.378723,89.0625,515.68
798,0.207672,93.7500,581.50
799,0.160057,92.1875,498.74
800,0.175532,93.7500,637.43
801,0.139339,92.1875,548.70
802,0.197241,89.0625,544.95
803,0.352247,90.6250,499.93
804,0.175927,93.7500,587.48
805,0.227575,92.1875,500.59
806,0.159335,93.7500,582.02
807,0.188061,93.7500,496.60
808,0.152160,95.3125,562.80
809,0.144836,93.7500,538.94
810,0.110739,98.4375,499.90
811,0.208098,93.7500,583.39
812,0.279306,89.0625,506.91
813,0.382673,84.3750,647.06
814,0.332053,89.0625,505.35
815,0.342162,90.6250,623.54
816,0.257770,90.6250,498.73
817,0.174625,93.7500,551.37
818,0.189890,95.3125,526.99
819,0.112186,95.3125,502.26
820,0.319158,90.6250,601.23
821,0.165311,95.3125,501.53
822,0.229886,92.1875,633.94
823,0.135484,93.7500,501.63
824,0.231140,90.6250,636.81
825,0.197949,90.6250,531.88
826,0.206922,92.1875,570.53
827,0.307193,90.6250,499.57
828,0.176825,93.7500,572.87
829,0.146279,95.3125,498.48
830,0.074456,98.4375,559.19
831,0.247001,90.6250,495.92
832,0.121494,96.8750,498.20
833,0.194048,93.7500,648.27
834,0.121930,95.3125,500.18
835,0.256775,92.1875,541.87
836,0.250312,92.1875,558.75
837,0.382449,90.6250,560.06
838,0.184235,92.1875,517.84
839,0.156394,89.0625,569.76
840,0.306616,90.6250,498.17
841,0.085563,98.4375,501.06
842,0.122983,95.3125,617.93
843,0.246677,90.6250,508.63
844,0.220863,90.6250,647.01
845,0.383709,89.0625,503.93
846,0.260686,92.1875,560.55
847,0.180175,92.1875,522.31
848,0.302004,92.1875,501.35
849,0.246044,93.7500,585.99
850,0.327971,89.0625,497.09
851,0.401196,89.0625,562.08
852,0.253280,85.9375,527.78
853,0.334060,89.0625,497.89
854,0.157764,93.7500,601.38
855,0.208788,95.3125,500.58
856,0.174995,93.7500,589.86
857,0.042956,100.0000,504.50
858,0.141442,93.7500,558.83
859,0.331668,90.6250,519.40
860,0.182697,92.1875,520.91
861,0.384442,87.5000,582.57
862,0.161202,93.7500,538.24
863,0.255597,92.1875,571.51
864,0.249148,90.6250,502.98
865,0.351050,89.0625,636.99
866,0.231177,93.7500,499.34
867,0.426994,87.5000,562.27
868,0.183405,93.7500,499.10
869,0.240943,93.7500,501.95
870,0.256975,90.6250,597.80
871,0.176238,92.1875,498.63
872,0.121577,95.3125,619.75
873,0.090558,95.3125,495.95
874,0.230199,92.1875,629.11
875,0.295956,87.5000,500.66
876,0.245423,92.1875,597.50
877,0.229795,92.1875,499.71
878,0.385050,85.9375,503.67
879,0.101606,98.4375,619.90
880,0.083659,96.8750,502.78
881,0.214450,93.7500,568.20
882,0.263058,92.1875,502.55
883,0.286488,81.2500,504.10
884,0.374409,90.6250,636.84
885,0.237159,92.1875,504.78
886,0.166774,93.7500,571.09
887,0.149226,95.3125,499.70
888,0.162282,95.3125,523.73
889,0.119278,96.8750,591.01
890,0.189031,92.1875,529.56
891,0.091942,95.3125,519.05
892,0.326813,87.5000,491.75
893,0.432504,84.3750,602.42
894,0.364098,84.3750,490.52
895,0.184156,93.7500,512.04
896,0.242691,92.1875,561.98
897,0.326156,90.6250,488.06
898,0.301177,87.5000,648.23
899,0.186432,92.1875,494.12
900,0.185688,90.6250,608.17
901,0.233593,89.0625,501.94
902,0.224755,95.3125,572.87
903,0.104776,95.3125,524.35
904,0.223205,90.6250,508.13
905,0.249089,93.7500,616.72
906,0.328251,92.1875,511.21
907,0.207336,93.7500,597.86
908,0.282591,89.0625,501.61
909,0.336897,89.0625,526.46
910,0.453774,85.9375,580.54
911,0.165382,93.7500,510.34
912,0.119978,96.8750,648.87
913,0.207105,92.1875,501.67
914,0.143113,92.1875,584.78
915,0.145859,95.3125,505.18
916,0.173466,95.3125,563.95
917,0.344645,93.7500,504.48
918,0.284311,85.9375,502.87
919,0.212069,92.1875,591.86
920,0.158727,92.1875,503.07
921,0.098060,95.3125,588.21
922,0.291343,92.1875,506.37
923,0.194899,95.3125,650.75
924,0.207590,90.6250,504.96
925,0.144072,95.3125,607.26
926,0.170759,96.8750,504.42
927,0.382446,89.0625,562.02
928,0.330205,82.8125,498.44
929,0.154483,95.3125,561.52
930,0.284401,92.1875,501.53
931,0.193274,90.6250,502.25
932,0.277350,89.0625,601.93
933,0.140723,93.7500,510.70
934,0.461953,89.0625,595.09
935,0.145915,95.3125,501.93
936,0.233541,89.0625,664.34
937,0.118906,98.4375,502.69
938,0.130671,93.7500,566.49
939,0.239506,92.1875,499.46
940,0.277224,93.7500,561.32
941,0.186829,96.8750,500.69
942,0.292898,92.1875,572.28
943,0.141942,96.8750,497.91
944,0.132336,96.8750,591.24
945,0.207590,93.7500,498.92
946,0.221372,90.6250,577.92
947,0.236211,95.3125,496.42
948,0.203484,96.8750,500.72
949,0.351752,92.1875,646.90
950,0.197848,93.7500,508.79
951,0.127286,96.8750,622.84
952,0.224317,90.6250,551.84
953,0.170710,90.6250,533.31
954,0.282590,92.1875,496.08
955,0.171987,95.3125,644.98
956,0.263202,89.0625,500.30
957,0.116816,96.8750,609.30
958,0.096030,96.8750,512.26
959,0.208897,92.1875,587.62
960,0.154819,95.3125,497.98
961,0.222340,92.1875,584.72
962,0.154674,95.3125,510.96
963,0.322859,85.9375,545.50
964,0.237636,90.6250,541.77
965,0.100903,96.8750,498.54
966,0.118409,98.4375,665.70
967,0.176023,93.7500,506.66
968,0.128892,96.8750,646.75
969,0.219422,92.1875,500.79
970,0.244737,92.1875,599.20
971,0.276133,90.6250,508.97
972,0.229130,92.1875,551.19
973,0.390081,87.5000,525.77
974,0.242039,90.6250,503.19
975,0.101102,98.4375,644.92
976,0.207448,92.1875,520.33
977,0.202353,90.6250,588.22
978,0.139186,96.8750,568.41
979,0.342240,87.5000,548.00
980,0.303209,90.6250,561.98
981,0.227516,92.1875,510.06
982,0.174750,96.8750,511.43
983,0.156440,96.8750,580.59
984,0.169583,95.3125,510.61
985,0.202266,93.7500,593.41
986,0.246963,87.5000,505.46
987,0.144360,96.8750,602.42
988,0.282476,90.6250,502.88
989,0.164944,96.8750,583.91
990,0.239691,92.1875,506.28
991,0.158455,93.7500,548.75
992,0.234792,92.1875,529.34
993,0.197572,93.7500,539.48
994,0.160619,93.7500,522.12
995,0.420091,85.9375,502.43
996,0.172442,92.1875,583.53
997,0.189335,92.1875,500.59
998,0.276820,89.0625,601.17
999,0.205848,92.1875,505.80
1000,0.193624,93.7500,535.74
1001,0.124936,96.8750,564.83
1002,0.327713,92.1875,501.26
1003,0.263763,87.5000,590.06
1004,0.322358,89.0625,505.92
1005,0.416318,87.5000,567.79
1006,0.207356,90.6250,503.33
1007,0.230077,92.1875,588.41
1008,0.247910,92.1875,503.34
1009,0.181644,92.1875,564.86
1010,0.314648,87.5000,504.14
1011,0.286481,90.6250,497.14
1012,0.219166,93.7500,588.06
1013,0.304017,90.6250,500.49
1014,0.321180,92.1875,546.07
1015,0.331140,87.5000,546.80
1016,0.302610,90.6250,572.83
1017,0.360916,84.3750,520.65
1018,0.242368,90.6250,497.42
1019,0.169814,95.3125,644.15
1020,0.211957,96.8750,498.93
1021,0.314547,87.5000,552.58
1022,0.176382,93.7500,540.17
1023,0.269962,93.7500,568.99
1024,0.222145,89.0625,501.43
1025,0.131694,98.4375,570.37
1026,0.235731,93.7500,501.22
1027,0.198605,93.7500,500.69
1028,0.169672,92.1875,637.19
1029,0.126450,95.3125,500.74
1030,0.200405,92.1875,559.19
1031,0.193262,92.1875,519.02
1032,0.227404,92.1875,556.84
1033,0.241545,92.1875,494.64
1034,0.202715,95.3125,557.03
1035,0.136960,98.4375,543.77
1036,0.136516,98.4375,563.22
1037,0.517728,85.9375,503.26
1038,0.213596,92.1875,499.53
1039,0.167373,92.1875,589.86
1040,0.412471,87.5000,498.52
1041,0.217989,93.7500,516.08
1042,0.134698,96.8750,578.55
1043,0.160351,92.1875,521.26
1044,0.124085,96.8750,572.67
1045,0.143199,96.8750,502.61
1046,0.296374,90.6250,563.49
1047,0.150399,93.7500,505.41
1048,0.155052,93.7500,500.68
1049,0.112157,96.8750,598.33
1050,0.272593,85.9375,497.32
1051,0.462391,84.3750,600.64
1052,0.206998,92.1875,538.02
1053,0.152771,89.0625,551.91
1054,0.134938,96.8750,566.33
1055,0.292163,90.6250,501.23
1056,0.141218,95.3125,497.45
1057,0.175426,95.3125,631.37
1058,0.196716,92.1875,515.59
1059,0.224612,93.7500,593.97
1060,0.177753,96.8750,500.65
1061,0.245385,92.1875,560.96
1062,0.408214,89.0625,500.44
1063,0.169518,95.3125,498.50
1064,0.376109,93.7500,661.49
1065,0.231847,95.3125,500.84
1066,0.345852,89.0625,569.18
1067,0.165623,93.7500,500.55
1068,0.159856,93.7500,499.14
1069,0.244072,90.6250,608.41
1070,0.247477,90.6250,495.64
1071,0.176856,95.3125,533.53
1072,0.162913,93.7500,539.54
1073,0.113268,95.3125,561.63
1074,0.241448,92.1875,496.42
1075,0.327862,89.0625,542.05
1076,0.308280,93.7500,564.41
1077,0.203183,90.6250,565.41
1078,0.393541,87.5000,518.22
1079,0.132894,95.3125,502.20
1080,0.241805,87.5000,575.87
1081,0.164180,95.3125,496.90
1082,0.214575,92.1875,498.70
1083,0.322376,87.5000,614.35
1084,0.162049,93.7500,501.72
1085,0.270489,87.5000,638.18
1086,0.273919,93.7500,498.26
1087,0.171900,96.8750,569.37
1088,0.194035,92.1875,500.37
1089,0.152157,93.7500,547.58
1090,0.309298,90.6250,537.32
1091,0.298948,92.1875,505.72
1092,0.271267,93.7500,637.02
1093,0.175156,95.3125,504.30
1094,0.269154,90.6250,537.97
1095,0.110063,96.8750,567.09
1096,0.268468,90.6250,498.10
1097,0.214284,92.1875,604.74
1098,0.242537,92.1875,501.57
1099,0.212042,90.6250,594.28
1100,0.325961,90.6250,498.49
1101,0.380440,84.3750,596.16
1102,0.138611,95.3125,501.83
1103,0.097536,96.8750,591.84
1104,0.139263,95.3125,499.56
1105,0.218479,93.7500,550.12
1106,0.226551,92.1875,529.19
1107,0.220411,87.5000,498.78
1108,0.206323,92.1875,597.26
1109,0.247003,90.6250,500.37
1110,0.242215,90.6250,567.83
1111,0.263260,93.7500,493.47
1112,0.387022,92.1875,498.70
1113,0.327542,89.0625,599.33
1114,0.145088,95.3125,495.06
1115,0.173847,95.3125,614.96
1116,0.399972,92.1875,494.65
1117,0.277178,90.6250,547.82
1118,0.175341,95.3125,529.30
1119,0.333545,87.5000,514.44
1120,0.182617,92.1875,576.54
1121,0.366041,87.5000,501.15
1122,0.355090,92.1875,626.17
1123,0.283832,87.5000,504.38
1124,0.313942,93.7500,587.52
1125,0.369587,85.9375,498.77
1126,0.180749,92.1875,512.70
1127,0.316454,90.6250,561.62
1128,0.215457,89.0625,499.37
1129,0.144819,95.3125,602.06
1130,0.101594,98.4375,548.30
1131,0.156848,93.7500,523.44
1132,0.287941,92.1875,514.41
1133,0.289587,87.5000,634.55
1134,0.451669,89.0625,504.54
1135,0.084691,96.8750,527.89
1136,0.260282,90.6250,549.25
1137,0.253643,92.1875,498.88
1138,0.312440,92.1875,667.16
1139,0.298237,87.5000,518.50
1140,0.346898,89.0625,566.74
1141,0.116654,93.7500,517.87
1142,0.296421,87.5000,545.94
1143,0.258224,89.0625,550.75
1144,0.335596,90.6250,497.82
1145,0.219954,90.6250,588.14
1146,0.269881,90.6250,509.60
1147,0.211623,93.7500,648.33
1148,0.169180,92.1875,499.36
1149,0.164052,93.7500,581.95
1150,0.403544,92.1875,501.00
1151,0.269768,90.6250,496.06
1152,0.195999,92.1875,620.43
1153,0.199347,92.1875,505.51
1154,0.139833,95.3125,619.42
1155,0.123381,98.4375,500.69
1156,0.368042,95.3125,646.85
1157,0.276770,89.0625,504.17
1158,0.185354,92.1875,663.95
1159,0.262355,87.5000,497.04
1160,0.169263,95.3125,538.24
1161,0.195138,95.3125,521.97
1162,0.217477,92.1875,501.46
1163,0.289403,90.6250,658.06
1164,0.209560,89.0625,515.15
1165,0.141484,95.3125,590.75
1166,0.118623,96.8750,537.07
1167,0.287693,87.5000,558.00
1168,0.132761,95.3125,518.82
1169,0.165943,92.1875,590.46
1170,0.145795,96.8750,534.36
1171,0.193910,95.3125,554.03
1172,0.216784,93.7500,507.87
1173,0.242234,90.6250,595.17
1174,0.244149,93.7500,544.57
1175,0.219742,90.6250,559.43
1176,0.185665,93.7500,533.62
1177,0.304549,90.6250,544.95
1178,0.119623,96.8750,498.17
1179,0.299174,90.6250,568.75
1180,0.389744,87.5000,501.85
1181,0.311053,87.5000,549.61
1182,0.186871,93.7500,524.12
1183,0.135392,95.3125,576.71
1184,0.146534,95.3125,520.42
1185,0.186076,90.6250,521.41
1186,0.261964,92.1875,583.55
1187,0.253438,89.0625,532.27
1188,0.232979,92.1875,557.99
1189,0.330598,85.9375,506.41
1190,0.203490,95.3125,596.70
1191,0.168080,92.1875,499.82
1192,0.174021,93.7500,563.00
1193,0.225135,92.1875,503.58
1194,0.455842,82.8125,587.59
1195,0.224664,95.3125,499.58
1196,0.359591,85.9375,541.50
1197,0.194010,93.7500,566.62
1198,0.245000,92.1875,504.85
1199,0.288258,93.7500,616.33
1200,0.149563,98.4375,501.98
1201,0.142769,95.3125,592.65
1202,0.201682,93.7500,503.54
1203,0.207949,93.7500,567.94
1204,0.300015,90.6250,503.55
1205,0.213232,93.7500,507.19
1206,0.207400,90.6250,629.66
1207,0.268453,93.7500,500.06
1208,0.095462,95.3125,612.35
1209,0.311742,93.7500,502.38
1210,0.195550,93.7500,537.21
1211,0.148012,93.7500,533.62
1212,0.288842,90.6250,561.78
1213,0.302650,92.1875,496.39
1214,0.206136,93.7500,498.05
1215,0.212289,90.6250,601.87
1216,0.222207,93.7500,502.40
1217,0.175947,93.7500,591.34
1218,0.100177,96.8750,534.83
1219,0.282577,90.6250,568.07
1220,0.300890,87.5000,501.49
1221,0.173415,93.7500,601.03
1222,0.257589,90.6250,499.20
1223,0.312352,87.5000,558.61
1224,0.183294,95.3125,498.24
1225,0.088201,98.4375,559.23
1226,0.165836,96.8750,498.24
1227,0.319815,93.7500,527.05
1228,0.231505,96.8750,563.65
1229,0.201179,92.1875,547.14
1230,0.288659,85.9375,541.27
1231,0.208117,89.0625,505.45
1232,0.179399,93.7500,591.25
1233,0.216941,93.7500,500.70
1234,0.288982,92.1875,498.37
1235,0.204139,96.8750,607.86
1236,0.142959,93.7500,494.60
1237,0.090411,98.4375,619.42
1238,0.387665,89.0625,504.77
1239,0.142315,95.3125,591.19
1240,0.250676,90.6250,504.30
1241,0.188305,93.7500,573.21
1242,0.375826,89.0625,506.23
1243,0.182945,95.3125,502.67
1244,0.114278,96.8750,610.66
1245,0.188317,95.3125,495.98
1246,0.104779,95.3125,615.93
1247,0.254710,89.0625,497.33
1248,0.305657,87.5000,643.28
1249,0.258157,90.6250,501.88
1250,0.102478,96.8750,593.83
1251,0.196749,92.1875,529.77
1252,0.243516,89.0625,554.89
1253,0.225983,90.6250,560.39
1254,0.128238,96.8750,500.65
1255,0.285977,89.0625,564.47
1256,0.080438,98.4375,541.25
1257,0.135636,92.1875,497.63
1258,0.314082,89.0625,585.43
1259,0.265606,87.5000,502.99
1260,0.121314,95.3125,587.52
1261,0.168531,93.7500,496.21
1262,0.090719,98.4375,541.52
1263,0.113007,96.8750,560.88
1264,0.160190,95.3125,502.32
1265,0.252046,95.3125,612.95
1266,0.147142,93.7500,500.06
1267,0.205756,93.7500,629.16
1268,0.199479,92.1875,511.44
1269,0.148452,96.8750,566.99
1270,0.327616,85.9375,498.54
1271,0.214939,89.0625,536.83
1272,0.160174,93.7500,559.59
1273,0.191480,90.6250,501.71
1274,0.257001,89.0625,591.79
1275,0.204650,95.3125,503.66
1276,0.089624,98.4375,589.71
1277,0.058046,98.4375,499.42
1278,0.116799,92.1875,578.50
1279,0.223659,93.7500,515.22
1280,0.243976,93.7500,504.06
1281,0.399579,89.0625,651.51
1282,0.204997,89.0625,499.06
1283,0.425126,84.3750,593.38
1284,0.221949,93.7500,505.78
1285,0.209181,92.1875,559.34
1286,0.178021,95.3125,506.07
1287,0.245730,89.0625,555.39
1288,0.145718,95.3125,562.49
1289,0.175560,93.7500,563.08
1290,0.346835,90.6250,502.33
1291,0.256156,92.1875,545.78
1292,0.153089,93.7500,537.19
1293,0.171926,93.7500,507.18
1294,0.337093,90.6250,599.93
1295,0.259865,92.1875,503.02
1296,0.292291,96.8750,588.89
1297,0.122960,96.8750,505.83
1298,0.118537,96.8750,562.30
1299,0.249936,92.1875,499.52
1300,0.188265,95.3125,497.29
1301,0.208720,92.1875,588.40
1302,0.209258,92.1875,503.20
1303,0.381182,85.9375,583.83
1304,0.082086,96.8750,502.22
1305,0.295901,89.0625,575.84
1306,0.269900,92.1875,515.45
1307,0.175887,93.7500,496.55
1308,0.182474,90.6250,618.59
1309,0.326154,89.0625,492.12
1310,0.135978,95.3125,629.70
1311,0.208150,92.1875,514.88
1312,0.278132,92.1875,575.25
1313,0.206956,92.1875,553.17
1314,0.192490,96.8750,494.35
1315,0.118343,95.3125,526.80
1316,0.421603,85.9375,554.71
1317,0.307909,87.5000,499.18
1318,0.257518,92.1875,624.60
1319,0.286594,89.0625,495.02
1320,0.297587,92.1875,529.17
1321,0.159808,92.1875,554.06
1322,0.258675,85.9375,496.20
1323,0.258745,89.0625,586.45
1324,0.222285,92.1875,495.71
1325,0.182775,95.3125,542.12
1326,0.284260,92.1875,521.54
1327,0.223447,90.6250,564.28
1328,0.179883,93.7500,518.27
1329,0.370816,89.0625,561.27
1330,0.294090,85.9375,505.97
1331,0.418153,85.9375,550.12
1332,0.164089,96.8750,545.63
1333,0.092818,96.8750,527.19
1334,0.189553,96.8750,568.61
1335,0.217148,92.1875,497.68
1336,0.124254,96.8750,578.62
1337,0.126696,95.3125,501.81
1338,0.193115,92.1875,561.12
1339,0.265569,90.6250,493.23
1340,0.173642,93.7500,501.12
1341,0.207692,93.7500,623.41
1342,0.156175,95.3125,501.80
1343,0.221332,90.6250,562.47
1344,0.270940,90.6250,495.91
1345,0.201322,93.7500,497.44
1346,0.299949,93.7500,585.45
1347,0.229979,87.5000,496.84
1348,0.078552,100.0000,584.11
1349,0.071109,96.8750,501.04
1350,0.241282,90.6250,558.94
1351,0.134237,98.4375,503.68
1352,0.208221,90.6250,590.73
1353,0.116721,96.8750,496.59
1354,0.169123,96.8750,632.98
1355,0.119631,95.3125,495.79
1356,0.116064,93.7500,579.91
1357,0.272256,90.6250,499.98
1358,0.122891,95.3125,498.87
1359,0.248770,90.6250,598.51
1360,0.113133,93.7500,536.87
1361,0.116508,96.8750,560.63
1362,0.261280,93.7500,507.10
1363,0.122497,95.3125,616.01
1364,0.074712,100.0000,498.86
1365,0.162482,96.8750,548.92
1366,0.108459,95.3125,556.99
1367,0.318153,92.1875,506.21
1368,0.218804,93.7500,625.98
1369,0.093532,96.8750,500.72
1370,0.224434,95.3125,577.58
1371,0.151527,93.7500,509.80
1372,0.107856,96.8750,565.61
1373,0.104650,98.4375,505.45
1374,0.291966,89.0625,598.11
1375,0.257788,92.1875,502.41
1376,0.174019,93.7500,572.01
1377,0.237620,90.6250,499.40
1378,0.255933,89.0625,500.80
1379,0.352844,85.9375,605.13
1380,0.203967,87.5000,507.26
1381,0.178332,93.7500,588.49
1382,0.210790,93.7500,502.27
1383,0.104301,98.4375,493.96
1384,0.115813,95.3125,602.11
1385,0.255633,92.1875,533.83
1386,0.256374,92.1875,554.07
1387,0.162622,93.7500,534.75
1388,0.153292,93.7500,562.59
1389,0.110322,95.3125,497.21
1390,0.147030,95.3125,662.36
1391,0.137326,93.7500,502.84
1392,0.288352,92.1875,608.28
1393,0.204894,93.7500,500.16
1394,0.094150,96.8750,644.96
1395,0.190910,90.6250,502.79
1396,0.182751,92.1875,559.25
1397,0.166696,93.7500,505.13
1398,0.139477,95.3125,499.26
1399,0.195838,90.6250,588.45
1400,0.207825,92.1875,502.80
1401,0.185354,93.7500,499.84
1402,0.375496,90.6250,616.14
1403,0.318200,93.7500,501.89
1404,0.275280,89.0625,552.95
1405,0.279519,92.1875,548.81
1406,0.127482,96.8750,502.47
1407,0.330194,89.0625,639.58
1408,0.234785,90.6250,505.78
1409,0.159195,93.7500,517.90
1410,0.181192,90.6250,593.39
1411,0.151598,95.3125,538.25
1412,0.116789,96.8750,557.64
1413,0.197206,90.6250,504.65
1414,0.319127,84.3750,619.65
1415,0.221658,93.7500,503.10
1416,0.183576,93.7500,617.67
1417,0.228118,90.6250,502.84
1418,0.267395,90.6250,575.69
1419,0.198424,93.7500,497.86
1420,0.267794,92.1875,497.23
1421,0.086059,100.0000,642.54
1422,0.220531,92.1875,503.52
1423,0.130906,96.8750,600.75
1424,0.157729,93.7500,502.27
1425,0.182483,92.1875,564.34
1426,0.182795,92.1875,502.45
1427,0.223752,93.7500,579.71
1428,0.289372,84.3750,504.05
1429,0.176320,90.6250,500.56
1430,0.191651,92.1875,613.97
1431,0.116011,95.3125,501.51
1432,0.272727,89.0625,645.38
1433,0.289364,93.7500,501.88
1434,0.335619,89.0625,587.16
1435,0.156913,96.8750,502.63
1436,0.216905,92.1875,640.36
1437,0.132122,93.7500,502.51
1438,0.166930,93.7500,568.55
1439,0.115165,96.8750,524.22
1440,0.151376,95.3125,515.61
1441,0.094636,95.3125,619.31
1442,0.213667,89.0625,503.18
1443,0.218306,93.7500,587.08
1444,0.237076,92.1875,500.63
1445,0.312147,90.6250,549.34
1446,0.126946,93.7500,531.23
1447,0.205943,93.7500,528.42
1448,0.158816,98.4375,556.10
1449,0.221025,90.6250,499.88
1450,0.149238,93.7500,570.87
1451,0.178745,92.1875,499.84
1452,0.238342,92.1875,503.75
1453,0.237835,93.7500,617.15
1454,0.101449,96.8750,498.24
1455,0.192948,92.1875,554.42
1456,0.096043,96.8750,516.36
1457,0.240104,90.6250,518.47
1458,0.117590,96.8750,593.02
1459,0.190589,90.6250,502.54
1460,0.164207,90.6250,588.58
1461,0.176540,95.3125,499.36
1462,0.190740,90.6250,551.84
1463,0.081621,98.4375,558.06
1464,0.198456,93.7500,500.65
1465,0.082164,98.4375,591.75
1466,0.290904,85.9375,498.03
1467,0.217104,92.1875,560.53
1468,0.242208,90.6250,497.69
1469,0.150782,93.7500,541.16
1470,0.404586,89.0625,518.33
1471,0.153796,95.3125,531.94
1472,0.262420,92.1875,550.59
1473,0.280463,90.6250,493.14
1474,0.232758,87.5000,564.66
1475,0.182659,93.7500,496.31
1476,0.257171,89.0625,575.02
1477,0.160886,92.1875,503.74
1478,0.153781,95.3125,595.04
1479,0.151387,93.7500,497.33
1480,0.154731,93.7500,500.60
1481,0.236236,92.1875,614.59
1482,0.254610,92.1875,497.78
1483,0.159206,93.7500,559.46
1484,0.231752,93.7500,494.78
1485,0.216692,90.6250,502.13
1486,0.188171,93.7500,608.15
1487,0.105228,96.8750,498.89
1488,0.161915,95.3125,586.22
1489,0.142594,95.3125,503.95
1490,0.315984,87.5000,584.55
1491,0.147087,93.7500,503.69
1492,0.092986,96.8750,607.05
1493,0.297321,87.5000,496.77
1494,0.166179,92.1875,651.91
1495,0.089895,96.8750,494.73
1496,0.185819,93.7500,574.53
1497,0.277629,89.0625,515.15
1498,0.222139,89.0625,569.66
1499,0.176789,93.7500,517.05
1500,0.351448,87.5000,562.04
1501,0.372474,87.5000,496.91
1502,0.125070,96.8750,568.04
1503,0.219001,95.3125,493.60
1504,0.192226,90.6250,499.95
1505,0.182462,95.3125,647.77
1506,0.150388,92.1875,497.99
1507,0.207290,92.1875,557.86
1508,0.262209,90.6250,501.89
1509,0.109815,95.3125,550.66
1510,0.092813,98.4375,541.07
1511,0.171184,93.7500,500.52
1512,0.337372,82.8125,630.93
1513,0.281406,89.0625,504.19
1514,0.229013,93.7500,545.93
1515,0.219004,89.0625,558.76
1516,0.158823,95.3125,559.35
1517,0.148953,93.7500,502.10
1518,0.160408,92.1875,503.30
1519,0.245556,89.0625,652.21
1520,0.198246,96.8750,505.49
1521,0.374932,87.5000,631.61
1522,0.151529,93.7500,501.56
1523,0.215209,92.1875,632.83
1524,0.093508,96.8750,508.74
1525,0.340703,92.1875,605.43
1526,0.252736,93.7500,504.20
1527,0.578688,84.3750,606.23
1528,0.231296,93.7500,494.56
1529,0.139804,95.3125,647.73
1530,0.285968,95.3125,514.30
1531,0.290606,90.6250,579.77
1532,0.331060,92.1875,503.07
1533,0.359935,89.0625,640.54
1534,0.179691,90.6250,500.66
1535,0.222525,90.6250,566.28
1536,0.226245,89.0625,505.03
1537,0.351706,90.6250,562.16
1538,0.227850,92.1875,502.56
1539,0.263517,90.6250,563.04
1540,0.169587,95.3125,498.30
1541,0.138552,95.3125,496.49
1542,0.152054,95.3125,640.88
1543,0.280241,90.6250,499.37
1544,0.246270,89.0625,583.81
1545,0.189439,93.7500,498.44
1546,0.274199,90.6250,507.13
1547,0.304105,87.5000,596.06
1548,0.338083,92.1875,496.58
1549,0.247909,92.1875,616.42
1550,0.176079,96.8750,506.93
1551,0.206685,95.3125,645.67
1552,0.141629,93.7500,496.86
1553,0.119081,93.7500,603.32
1554,0.470068,84.3750,497.04
1555,0.232214,90.6250,561.67
1556,0.284541,89.0625,498.01
1557,0.132829,96.8750,495.43
1558,0.273834,96.8750,602.05
1559,0.316607,93.7500,547.71
1560,0.370732,90.6250,554.92
1561,0.210772,92.1875,493.86
1562,0.345741,89.0625,641.67
1563,0.207536,89.0625,497.10
1564,0.167631,93.7500,559.19
1565,0.121669,96.8750,502.09
1566,0.370612,87.5000,508.97
1567,0.107943,96.8750,598.52
1568,0.201179,92.1875,499.66
1569,0.323227,92.1875,599.75
1570,0.296359,84.3750,547.00
1571,0.275908,90.6250,559.06
1572,0.156993,93.7500,561.42
1573,0.119372,98.4375,508.93
1574,0.223921,89.0625,503.91
1575,0.286690,89.0625,641.39
1576,0.153064,95.3125,497.79
1577,0.219245,92.1875,573.20
1578,0.294902,89.0625,500.49
1579,0.302025,89.0625,523.13
1580,0.163337,93.7500,583.30
1581,0.300874,89.0625,551.35
1582,0.249236,92.1875,538.54
1583,0.151777,95.3125,499.37
1584,0.130929,96.8750,586.11
1585,0.101520,95.3125,498.48
1586,0.222617,92.1875,596.23
1587,0.181627,93.7500,508.43
1588,0.187919,95.3125,534.80
1589,0.071520,98.4375,550.58
1590,0.439082,89.0625,505.10
1591,0.217153,93.7500,591.03
1592,0.196170,95.3125,500.08
1593,0.248939,93.7500,504.09
1594,0.304222,90.6250,603.15
1595,0.277448,87.5000,500.95
1596,0.259442,93.7500,552.96
1597,0.122051,96.8750,503.36
1598,0.203808,90.6250,500.89
1599,0.221687,93.7500,657.35
1600,0.361305,95.3125,497.39
1601,0.144492,93.7500,599.42
1602,0.091743,98.4375,504.69
1603,0.213539,92.1875,566.23
1604,0.149640,95.3125,503.31
1605,0.132457,93.7500,511.78
1606,0.225032,92.1875,597.23
1607,0.187647,90.6250,495.24
1608,0.208259,92.1875,583.80
1609,0.136170,96.8750,489.42
1610,0.162429,92.1875,524.30
1611,0.126896,95.3125,552.53
1612,0.072858,100.0000,490.08
1613,0.282589,90.6250,594.29
1614,0.189634,92.1875,492.47
1615,0.107928,98.4375,552.05
1616,0.376190,89.0625,500.30
1617,0.143099,96.8750,502.03
1618,0.191112,96.8750,599.19
1619,0.170735,95.3125,502.02
1620,0.245750,93.7500,647.48
1621,0.316162,90.6250,501.90
1622,0.272661,89.0625,560.50
1623,0.202327,92.1875,508.06
1624,0.199968,92.1875,586.63
1625,0.068894,98.4375,509.27
1626,0.257813,89.0625,547.11
1627,0.160018,95.3125,525.54
1628,0.307283,89.0625,503.38
1629,0.324604,90.6250,595.23
1630,0.220356,95.3125,501.47
1631,0.172656,93.7500,568.37
1632,0.271019,89.0625,500.72
1633,0.204408,90.6250,486.49
1634,0.247986,90.6250,574.54
1635,0.184417,92.1875,494.18
1636,0.211426,92.1875,539.41
1637,0.241712,93.7500,560.57
1638,0.206907,93.7500,502.65
1639,0.251694,92.1875,603.05
1640,0.199741,90.6250,531.76
1641,0.265513,92.1875,565.33
1642,0.159792,95.3125,565.82
1643,0.306738,87.5000,503.15
1644,0.145551,93.7500,502.21
1645,0.297864,89.0625,607.58
1646,0.283547,87.5000,498.48
1647,0.215152,92.1875,567.26
1648,0.167936,93.7500,495.80
1649,0.110840,96.8750,585.92
1650,0.156765,93.7500,515.89
1651,0.161264,96.8750,577.60
1652,0.170491,95.3125,501.57
1653,0.228398,92.1875,535.55
1654,0.108761,96.8750,555.72
1655,0.221629,92.1875,544.10
1656,0.165848,93.7500,556.14
1657,0.139017,95.3125,525.68
1658,0.085103,96.8750,562.03
1659,0.258103,93.7500,583.80
1660,0.158344,95.3125,521.94
1661,0.171726,93.7500,537.88
1662,0.329477,92.1875,570.40
1663,0.338731,87.5000,499.57
1664,0.227959,90.6250,646.84
1665,0.149902,95.3125,502.38
1666,0.259856,90.6250,617.58
1667,0.146655,93.7500,550.85
1668,0.221590,93.7500,539.11
1669,0.311568,92.1875,501.06
1670,0.149388,92.1875,576.05
1671,0.288301,89.0625,499.84
1672,0.199774,93.7500,499.04
1673,0.176356,92.1875,600.19
1674,0.155078,93.7500,547.89
1675,0.252146,92.1875,526.10
1676,0.143072,93.7500,502.52
1677,0.174061,96.8750,597.41
1678,0.215610,93.7500,496.28
1679,0.157159,95.3125,647.68
1680,0.276810,89.0625,499.22
1681,0.090361,96.8750,591.83
1682,0.181002,95.3125,502.90
1683,0.119205,95.3125,597.28
1684,0.135775,93.7500,518.25
1685,0.219144,92.1875,593.55
1686,0.103733,98.4375,560.87
1687,0.318825,92.1875,513.81
1688,0.112373,96.8750,500.78
1689,0.217473,90.6250,601.50
1690,0.198778,92.1875,551.32
1691,0.326918,92.1875,547.95
1692,0.073013,100.0000,495.73
1693,0.261642,90.6250,599.69
1694,0.213886,92.1875,500.76
1695,0.236250,89.0625,496.64
1696,0.321466,85.9375,630.90
1697,0.232897,93.7500,503.88
1698,0.302329,90.6250,624.06
1699,0.222533,90.6250,499.82
1700,0.192631,92.1875,632.70
1701,0.315229,87.5000,514.83
1702,0.295904,89.0625,589.80
1703,0.297983,90.6250,497.59
1704,0.329023,87.5000,564.02
1705,0.067936,98.4375,499.14
1706,0.160241,92.1875,562.10
1707,0.169357,93.7500,499.52
1708,0.218480,89.0625,527.20
1709,0.300085,92.1875,571.84
1710,0.085708,95.3125,545.96
1711,0.154860,93.7500,524.32
1712,0.172919,92.1875,551.49
1713,0.235497,90.6250,525.30
1714,0.348163,87.5000,568.34
1715,0.202016,92.1875,521.78
1716,0.169989,93.7500,555.08
1717,0.179187,96.8750,532.72
1718,0.277142,90.6250,527.05
1719,0.464393,84.3750,572.69
1720,0.083558,95.3125,499.99
1721,0.265123,87.5000,587.44
1722,0.183237,95.3125,501.68
1723,0.243552,95.3125,564.36
1724,0.316369,96.8750,500.87
1725,0.145704,95.3125,588.03
1726,0.376163,87.5000,505.61
1727,0.178331,95.3125,512.12
1728,0.199066,96.8750,594.72
1729,0.259825,92.1875,544.24
1730,0.305189,87.5000,542.46
1731,0.162039,95.3125,527.35
1732,0.240290,90.6250,567.55
1733,0.186029,92.1875,495.53
1734,0.117105,96.8750,629.84
1735,0.229925,93.7500,507.65
1736,0.331936,90.6250,559.85
1737,0.350795,90.6250,501.42
1738,0.205999,93.7500,493.82
1739,0.197555,93.7500,652.98
1740,0.367265,85.9375,506.03
1741,0.198284,93.7500,612.85
1742,0.159314,96.8750,504.93
1743,0.139896,93.7500,532.64
1744,0.248265,89.0625,567.23
1745,0.231678,90.6250,497.00
1746,0.383700,87.5000,641.04
1747,0.375530,90.6250,512.18
1748,0.167439,95.3125,589.23
1749,0.101216,96.8750,546.34
1750,0.110872,96.8750,549.06
1751,0.187614,92.1875,497.34
1752,0.227866,87.5000,585.08
1753,0.139378,95.3125,497.06
1754,0.191303,92.1875,501.16
1755,0.477340,85.9375,642.72
1756,0.141227,96.8750,500.31
1757,0.127962,98.4375,655.96
1758,0.109840,96.8750,495.36
1759,0.246038,90.6250,642.89
1760,0.249078,90.6250,499.95
1761,0.147068,96.8750,626.07
1762,0.132352,93.7500,500.09
1763,0.183654,93.7500,560.60
1764,0.134070,92.1875,504.90
1765,0.416026,85.9375,495.10
1766,0.161027,92.1875,653.48
1767,0.254187,89.0625,498.18
1768,0.177387,92.1875,572.40
1769,0.092202,96.8750,496.60
1770,0.139303,95.3125,504.38
1771,0.213619,89.0625,633.66
1772,0.258579,92.1875,501.67
1773,0.232093,92.1875,561.68
1774,0.275107,90.6250,516.56
1775,0.139499,95.3125,499.76
1776,0.288242,90.6250,630.15
1777,0.227001,92.1875,529.17
1778,0.171780,95.3125,554.08
1779,0.353013,93.7500,558.73
1780,0.260078,92.1875,536.45
1781,0.135467,93.7500,537.37
1782,0.167406,95.3125,555.45
1783,0.204404,95.3125,530.00
1784,0.295070,89.0625,562.02
1785,0.107829,95.3125,498.67
1786,0.246932,90.6250,629.17
1787,0.242627,89.0625,499.69
1788,0.078850,96.8750,608.86
1789,0.243686,90.6250,498.27
1790,0.164583,95.3125,639.40
1791,0.187409,90.6250,499.52
1792,0.135900,96.8750,625.35
1793,0.082027,98.4375,499.54
1794,0.074608,98.4375,631.12
1795,0.180443,93.7500,505.96
1796,0.117875,96.8750,605.80
1797,0.199045,90.6250,508.37
1798,0.151285,93.7500,651.68
1799,0.284986,90.6250,501.68
1800,0.111825,98.4375,603.75
1801,0.208645,93.7500,498.29
1802,0.272392,87.5000,556.82
1803,0.133372,93.7500,502.24
1804,0.205784,92.1875,564.55
1805,0.053230,100.0000,502.02
1806,0.142031,98.4375,574.21
1807,0.100876,96.8750,501.68
1808,0.303779,87.5000,566.71
1809,0.177195,96.8750,496.27
1810,0.197018,95.3125,522.59
1811,0.111106,96.8750,583.79
1812,0.111833,93.7500,502.55
1813,0.214260,93.7500,555.34
1814,0.233051,90.6250,499.42
1815,0.154002,96.8750,546.84
1816,0.297858,90.6250,521.54
1817,0.158427,95.3125,556.48
1818,0.228857,90.6250,498.17
1819,0.149375,95.3125,500.40
1820,0.238271,92.1875,652.16
1821,0.196158,90.6250,500.36
1822,0.115701,95.3125,552.05
1823,0.427688,87.5000,532.32
1824,0.075556,96.8750,499.73
1825,0.293335,90.6250,616.79
1826,0.187520,92.1875,500.18
1827,0.212535,89.0625,554.62
1828,0.101418,96.8750,505.65
1829,0.155684,93.7500,536.34
1830,0.074076,100.0000,553.64
1831,0.157090,93.7500,570.74
1832,0.254048,89.0625,515.23
1833,0.102926,96.8750,570.79
1834,0.158255,95.3125,506.17
1835,0.292383,92.1875,592.56
1836,0.205411,96.8750,497.67
1837,0.258131,90.6250,569.50
1838,0.190238,93.7500,492.33
1839,0.380427,89.0625,488.77
1840,0.213062,93.7500,631.82
1841,0.145031,93.7500,490.80
1842,0.174109,96.8750,519.57
1843,0.326330,92.1875,557.16
1844,0.171173,95.3125,493.04
1845,0.159213,93.7500,545.32
1846,0.078753,96.8750,488.71
1847,0.147086,98.4375,499.21
1848,0.198201,93.7500,610.22
1849,0.211866,89.0625,500.78
1850,0.272726,90.6250,551.61
1851,0.188962,90.6250,542.43
1852,0.239437,92.1875,505.40
1853,0.140942,95.3125,607.78
1854,0.191849,95.3125,505.22
1855,0.105135,96.8750,530.68
1856,0.157882,95.3125,570.57
1857,0.123804,93.7500,499.57
1858,0.298361,87.5000,620.60
1859,0.120341,95.3125,502.52
1860,0.321562,89.0625,626.54
1861,0.189672,93.7500,513.94
1862,0.316611,87.5000,584.10
1863,0.075820,98.4375,551.43
1864,0.124803,93.7500,554.99
1865,0.198414,93.7500,500.51
1866,0.154659,93.7500,615.60
1867,0.176679,90.6250,508.39
1868,0.131464,95.3125,576.04
1869,0.153246,96.8750,528.22
1870,0.371339,85.9375,589.90
1871,0.109661,98.4375,509.80
1872,0.187071,93.7500,502.19
1873,0.322392,90.6250,636.00
1874,0.286730,90.6250,505.84
1875,0.330600,90.6250,641.19
1876,0.168785,93.7500,497.97
1877,0.166377,90.6250,516.07
1878,0.283010,89.0625,597.50
1879,0.087908,96.8750,495.32
1880,0.182329,95.3125,602.18
1881,0.119287,95.3125,507.30
1882,0.092311,95.3125,542.19
1883,0.100797,98.4375,557.76
1884,0.188933,93.7500,504.11
1885,0.236801,96.8750,632.33
1886,0.213166,96.8750,500.42
1887,0.190535,92.1875,589.11
1888,0.170156,93.7500,503.58
1889,0.124713,95.3125,657.17
1890,0.214698,93.7500,518.76
1891,0.081973,96.8750,574.83
1892,0.271590,87.5000,506.11
1893,0.114810,96.8750,655.31
1894,0.288059,95.3125,503.07
1895,0.131164,93.7500,619.68
1896,0.423504,89.0625,501.83
1897,0.126163,95.3125,618.15
1898,0.197936,92.1875,504.53
1899,0.157030,96.8750,570.45
1900,0.282919,92.1875,502.58
1901,0.319935,93.7500,498.34
1902,0.335967,89.0625,592.79
1903,0.195549,92.1875,503.82
1904,0.216179,95.3125,581.91
1905,0.175488,95.3125,505.71
1906,0.175683,92.1875,555.43
1907,0.225062,93.7500,501.04
1908,0.167669,93.7500,563.69
1909,0.170227,89.0625,504.98
1910,0.247594,92.1875,576.63
1911,0.286301,90.6250,499.64
1912,0.160244,93.7500,618.33
1913,0.175431,95.3125,497.47
1914,0.099305,95.3125,607.00
1915,0.092911,98.4375,495.92
1916,0.075296,98.4375,570.47
1917,0.140976,96.8750,505.16
1918,0.169916,93.7500,566.35
1919,0.191963,92.1875,498.48
1920,0.196893,92.1875,514.52
1921,0.177254,92.1875,583.87
1922,0.209850,93.7500,501.88
1923,0.304803,92.1875,594.52
1924,0.202033,93.7500,504.13
1925,0.187599,92.1875,624.05
1926,0.118440,95.3125,501.16
1927,0.241084,85.9375,629.06
1928,0.241084,90.6250,498.49
1929,0.145384,92.1875,570.02
1930,0.311886,90.6250,497.29
1931,0.231498,90.6250,500.12
1932,0.319662,93.7500,595.01
1933,0.052877,98.4375,521.10
1934,0.128938,96.8750,577.11
1935,0.106029,96.8750,561.00
1936,0.104391,96.8750,505.42
1937,0.160374,93.7500,525.11
1938,0.170247,92.1875,579.18
1939,0.078948,98.4375,501.28
1940,0.217737,92.1875,635.72
1941,0.168781,93.7500,496.70
1942,0.236140,85.9375,556.06
1943,0.225657,92.1875,499.60
1944,0.181181,93.7500,558.75
1945,0.103681,96.8750,515.77
1946,0.233666,93.7500,502.28
1947,0.134672,95.3125,640.92
1948,0.110329,96.8750,503.99
1949,0.314291,89.0625,638.80
1950,0.064890,100.0000,496.53
1951,0.108684,96.8750,548.06
1952,0.353481,89.0625,530.86
1953,0.231747,93.7500,549.94
1954,0.067058,98.4375,534.75
1955,0.170096,92.1875,558.06
1956,0.321420,89.0625,543.51
1957,0.232206,92.1875,502.93
1958,0.155126,92.1875,660.47
1959,0.061576,100.0000,498.42
1960,0.085119,98.4375,589.13
1961,0.239096,92.1875,498.36
1962,0.124351,98.4375,651.09
1963,0.062016,98.4375,495.45
1964,0.067549,98.4375,676.03
1965,0.180270,92.1875,499.00
1966,0.217965,85.9375,544.26
1967,0.181615,95.3125,517.84
1968,0.184740,90.6250,497.72
1969,0.165957,93.7500,613.78
1970,0.274899,85.9375,498.32
1971,0.108999,96.8750,619.59
1972,0.246143,95.3125,499.94
1973,0.167156,95.3125,587.31
1974,0.213165,89.0625,498.76
1975,0.255969,92.1875,501.34
1976,0.209946,90.6250,649.91
1977,0.111761,93.7500,500.07
1978,0.321905,90.6250,583.82
1979,0.385904,90.6250,497.63
1980,0.090447,98.4375,505.26
1981,0.209577,93.7500,601.72
1982,0.172108,95.3125,500.98
1983,0.117376,95.3125,619.07
1984,0.173104,92.1875,500.79
1985,0.128562,93.7500,582.08
1986,0.178378,95.3125,501.31
1987,0.177186,95.3125,497.51
1988,0.216666,92.1875,600.21
1989,0.130973,96.8750,498.01
1990,0.391321,85.9375,573.01
1991,0.206967,90.6250,503.72
1992,0.144520,95.3125,503.04
1993,0.088139,96.8750,638.75
1994,0.184383,93.7500,503.64
1995,0.159296,90.6250,562.82
1996,0.149974,96.8750,508.06
1997,0.197194,95.3125,535.10
1998,0.339507,92.1875,551.39
1999,0.133486,95.3125,505.24
2000,0.240560,92.1875,587.20
2001,0.196181,92.1875,504.25
2002,0.191637,93.7500,562.82
2003,0.219275,93.7500,502.84
2004,0.182940,95.3125,500.56
2005,0.148541,95.3125,599.25
2006,0.231849,95.3125,553.59
2007,0.183712,96.8750,544.63
2008,0.220813,90.6250,499.42
2009,0.271671,89.0625,598.54
2010,0.206561,92.1875,536.06
2011,0.187969,93.7500,538.30
2012,0.238138,92.1875,510.94
2013,0.165331,93.7500,600.03
2014,0.210436,92.1875,497.82
2015,0.099716,98.4375,569.14
2016,0.255730,89.0625,496.79
2017,0.353755,87.5000,498.43
2018,0.232382,95.3125,614.27
2019,0.318416,87.5000,500.75
2020,0.213821,92.1875,587.36
2021,0.114544,96.8750,503.06
2022,0.242049,93.7500,514.93
2023,0.268289,89.0625,582.16
2024,0.270784,89.0625,504.55
2025,0.081967,96.8750,590.17
2026,0.271424,90.6250,498.43
2027,0.268991,87.5000,594.54
2028,0.318813,90.6250,507.03
2029,0.173061,95.3125,592.87
2030,0.199284,92.1875,499.06
2031,0.085429,96.8750,496.45
2032,0.154375,95.3125,620.31
2033,0.143089,96.8750,498.33
2034,0.232495,90.6250,592.81
2035,0.211368,93.7500,501.31
2036,0.168111,92.1875,656.22
2037,0.166756,93.7500,500.92
2038,0.241622,90.6250,548.34
2039,0.237391,93.7500,530.30
2040,0.096089,98.4375,497.62
2041,0.153968,93.7500,625.71
2042,0.124658,96.8750,500.85
2043,0.193177,90.6250,634.05
2044,0.098138,96.8750,498.83
2045,0.292772,87.5000,609.25
2046,0.198042,92.1875,501.74
2047,0.125417,96.8750,650.58
2048,0.094055,98.4375,502.10
2049,0.190983,92.1875,546.89
2050,0.269500,85.9375,553.69
2051,0.308111,89.0625,496.52
2052,0.291908,89.0625,588.93
2053,0.213571,95.3125,509.77
2054,0.343924,90.6250,633.59
2055,0.145634,93.7500,489.81
2056,0.090899,96.8750,553.99
2057,0.283436,90.6250,491.25
2058,0.323755,90.6250,496.52
2059,0.257051,92.1875,617.84
2060,0.154467,92.1875,490.05
2061,0.214070,92.1875,571.23
2062,0.183537,90.6250,493.30
2063,0.296476,89.0625,591.06
2064,0.100856,95.3125,498.26
2065,0.183628,93.7500,492.50
2066,0.171127,93.7500,609.59
2067,0.172665,90.6250,499.41
2068,0.178755,95.3125,612.45
2069,0.154606,96.8750,496.43
2070,0.146193,92.1875,606.68
2071,0.142571,96.8750,503.24
2072,0.266004,93.7500,566.59
2073,0.265175,89.0625,524.61
2074,0.190906,93.7500,499.36
2075,0.302017,92.1875,582.15
2076,0.186673,93.7500,503.09
2077,0.212871,90.6250,551.40
2078,0.179120,92.1875,495.69
2079,0.157647,95.3125,575.68
2080,0.152442,93.7500,506.93
2081,0.129342,96.8750,591.88
2082,0.175115,93.7500,501.47
2083,0.203380,93.7500,596.91
2084,0.061191,98.4375,500.72
2085,0.335346,92.1875,537.61
2086,0.156919,93.7500,563.39
2087,0.181365,92.1875,571.24
2088,0.184056,90.6250,514.70
2089,0.147589,96.8750,500.96
2090,0.157728,93.7500,596.85
2091,0.185052,93.7500,504.59
2092,0.147555,95.3125,646.32
2093,0.179381,93.7500,503.26
2094,0.091407,96.8750,545.18
2095,0.242180,89.0625,536.94
2096,0.134008,96.8750,559.37
2097,0.109285,96.8750,518.65
2098,0.129707,95.3125,548.97
2099,0.216377,95.3125,543.10
2100,0.295098,87.5000,575.34
2101,0.198550,92.1875,510.33
2102,0.237240,90.6250,576.60
2103,0.081310,96.8750,499.54
2104,0.086398,96.8750,598.56
2105,0.194558,95.3125,503.71
2106,0.060592,96.8750,528.09
2107,0.233076,92.1875,576.35
2108,0.179546,92.1875,548.49
2109,0.369484,89.0625,550.39
2110,0.173779,92.1875,538.39
2111,0.178570,95.3125,558.58
2112,0.106384,95.3125,558.93
2113,0.249660,90.6250,505.06
2114,0.091593,96.8750,551.05
2115,0.134310,95.3125,544.32
2116,0.078767,100.0000,501.96
2117,0.146250,93.7500,579.28
2118,0.154817,95.3125,500.71
2119,0.225661,90.6250,586.60
2120,0.235252,92.1875,500.26
2121,0.248602,92.1875,571.44
2122,0.360234,87.5000,504.45
2123,0.225519,92.1875,580.93
2124,0.158226,95.3125,504.57
2125,0.174787,92.1875,503.96
2126,0.176961,92.1875,612.10
2127,0.293921,89.0625,497.38
2128,0.316880,85.9375,644.54
2129,0.159657,95.3125,497.86
2130,0.437110,87.5000,533.36
2131,0.061576,100.0000,533.73
2132,0.281559,87.5000,495.32
2133,0.391379,93.7500,618.58
2134,0.050053,100.0000,497.15
2135,0.198568,92.1875,634.40
2136,0.102810,98.4375,518.03
2137,0.288363,90.6250,590.39
2138,0.150895,95.3125,498.54
2139,0.222670,92.1875,642.76
2140,0.151078,96.8750,501.93
2141,0.268425,89.0625,629.83
2142,0.177556,92.1875,506.30
2143,0.157285,93.7500,531.51
2144,0.133264,95.3125,557.09
2145,0.208665,95.3125,496.55
2146,0.100044,98.4375,607.55
2147,0.190863,92.1875,496.98
2148,0.183139,95.3125,561.70
2149,0.229366,90.6250,502.87
2150,0.106828,96.8750,569.51
2151,0.414950,87.5000,517.69
2152,0.164155,92.1875,498.67
2153,0.297504,89.0625,584.32
2154,0.273336,90.6250,505.77
2155,0.159066,92.1875,500.97
2156,0.116295,95.3125,598.70
2157,0.150409,92.1875,501.06
2158,0.137462,93.7500,563.05
2159,0.304847,90.6250,518.90
2160,0.204639,95.3125,578.36
2161,0.206088,92.1875,499.52
2162,0.138461,93.7500,497.45
2163,0.298419,92.1875,634.65
2164,0.102106,95.3125,506.68
2165,0.250997,90.6250,587.69
2166,0.104867,96.8750,502.58
2167,0.384158,87.5000,585.30
2168,0.112898,95.3125,504.21
2169,0.217462,90.6250,520.19
2170,0.235630,89.0625,562.55
2171,0.119990,93.7500,499.28
2172,0.246556,95.3125,605.93
2173,0.286725,89.0625,550.33
2174,0.253210,90.6250,554.96
2175,0.222188,90.6250,506.61
2176,0.300792,87.5000,566.99
2177,0.173629,95.3125,500.38
2178,0.301141,89.0625,508.52
2179,0.153552,95.3125,602.66
2180,0.134614,95.3125,544.78
2181,0.166652,95.3125,561.26
2182,0.215218,90.6250,497.49
2183,0.170884,92.1875,597.83
2184,0.176360,90.6250,500.03
2185,0.195243,92.1875,636.19
2186,0.163073,90.6250,506.23
2187,0.146293,92.1875,637.07
2188,0.135624,96.8750,503.38
2189,0.270732,93.7500,543.10
2190,0.230387,95.3125,552.14
2191,0.217264,90.6250,519.46
2192,0.190751,90.6250,588.75
2193,0.367008,92.1875,498.69
2194,0.259617,89.0625,633.03
2195,0.158472,95.3125,501.53
2196,0.213169,93.7500,631.73
2197,0.205415,90.6250,504.81
2198,0.094777,95.3125,600.98
2199,0.242395,90.6250,499.47
2200,0.193854,90.6250,541.38
2201,0.204309,93.7500,549.80
2202,0.172650,93.7500,502.57
2203,0.279203,89.0625,595.64
2204,0.087622,98.4375,509.12
2205,0.092162,96.8750,587.48
2206,0.138238,95.3125,490.17
2207,0.204989,92.1875,588.80
2208,0.197562,93.7500,485.47
2209,0.151028,93.7500,548.14
2210,0.218222,93.7500,493.50
2211,0.197190,92.1875,589.21
2212,0.088099,98.4375,492.80
2213,0.065855,98.4375,516.09
2214,0.327896,90.6250,553.30
2215,0.440810,87.5000,489.80
2216,0.184083,92.1875,614.65
2217,0.186896,92.1875,542.70
2218,0.123998,96.8750,543.64
2219,0.224718,92.1875,558.18
2220,0.184228,90.6250,510.95
2221,0.201531,93.7500,565.83
2222,0.298603,90.6250,498.05
2223,0.081904,98.4375,605.27
2224,0.168178,93.7500,504.43
2225,0.116542,96.8750,505.31
2226,0.168812,95.3125,611.27
2227,0.187242,95.3125,503.72
2228,0.082807,98.4375,565.59
2229,0.203241,95.3125,506.19
2230,0.320494,90.6250,599.07
2231,0.258325,92.1875,497.68
2232,0.272078,93.7500,560.07
2233,0.165383,93.7500,507.70
2234,0.090143,96.8750,544.29
2235,0.227226,92.1875,553.61
2236,0.251776,87.5000,538.21
2237,0.213627,90.6250,542.58
2238,0.120065,93.7500,562.22
2239,0.109554,95.3125,510.27
2240,0.221463,95.3125,552.54
2241,0.181193,95.3125,529.00
2242,0.090723,96.8750,500.85
2243,0.169849,95.3125,659.56
2244,0.300887,92.1875,497.87
2245,0.107963,95.3125,563.39
2246,0.107318,96.8750,502.74
2247,0.169656,92.1875,503.56
2248,0.162373,93.7500,633.51
2249,0.265199,85.9375,506.24
2250,0.124672,96.8750,537.03
2251,0.259914,92.1875,549.66
2252,0.258237,85.9375,502.29
2253,0.131806,96.8750,611.95
2254,0.219608,89.0625,501.26
2255,0.101873,98.4375,637.54
2256,0.123147,98.4375,505.56
2257,0.229120,92.1875,622.93
2258,0.122043,96.8750,500.96
2259,0.092499,98.4375,593.80
2260,0.132954,93.7500,500.00
2261,0.125417,96.8750,621.33
2262,0.189462,95.3125,498.65
2263,0.107610,96.8750,560.83
2264,0.159341,92.1875,542.20
2265,0.173439,92.1875,532.54
2266,0.249883,93.7500,548.60
2267,0.351646,89.0625,502.60
2268,0.069554,98.4375,630.52
2269,0.257050,90.6250,555.96
2270,0.153708,93.7500,523.01
2271,0.143962,95.3125,500.90
2272,0.166547,93.7500,652.50
2273,0.170958,92.1875,506.15
2274,0.135658,93.7500,583.07
2275,0.216749,95.3125,498.67
2276,0.128411,93.7500,561.23
2277,0.225835,90.6250,501.76
2278,0.301274,89.0625,529.69
2279,0.097292,93.7500,569.93
2280,0.221014,96.8750,536.72
2281,0.116569,98.4375,562.74
2282,0.171898,95.3125,505.20
2283,0.189529,90.6250,590.34
2284,0.243944,87.5000,504.87
2285,0.246443,89.0625,567.73
2286,0.200163,96.8750,495.30
2287,0.134404,93.7500,498.78
2288,0.385623,89.0625,652.38
2289,0.222689,89.0625,503.24
2290,0.098315,96.8750,595.41
2291,0.278680,90.6250,499.15
2292,0.234655,93.7500,499.36
2293,0.153502,93.7500,595.19
2294,0.163386,95.3125,498.38
2295,0.320042,87.5000,569.74
2296,0.223076,92.1875,500.27
2297,0.275835,87.5000,563.05
2298,0.148268,95.3125,499.81
2299,0.132742,92.1875,496.17
2300,0.079169,98.4375,606.50
2301,0.192311,95.3125,500.74
2302,0.122084,96.8750,548.61
2303,0.146094,95.3125,524.64
2304,0.055501,98.4375,543.18
2305,0.118372,95.3125,524.93
2306,0.062384,96.8750,503.83
2307,0.134697,93.7500,591.81
2308,0.140403,93.7500,504.82
2309,0.435268,89.0625,549.13
2310,0.181804,92.1875,548.48
2311,0.259929,90.6250,506.55
2312,0.435764,92.1875,605.36
2313,0.196754,90.6250,504.66
2314,0.105152,95.3125,574.49
2315,0.111789,95.3125,502.26
2316,0.196644,89.0625,497.76
2317,0.105594,98.4375,616.00
2318,0.190272,92.1875,490.09
2319,0.159872,95.3125,589.64
2320,0.084969,98.4375,488.13
2321,0.218543,92.1875,552.51
2322,0.197892,90.6250,492.81
2323,0.095149,98.4375,537.94
2324,0.319918,87.5000,542.83
2325,0.098644,96.8750,522.57
2326,0.264983,89.0625,548.56
2327,0.183282,93.7500,489.90
2328,0.236612,92.1875,596.02
2329,0.150220,96.8750,494.49
2330,0.082731,95.3125,551.63
2331,0.112930,98.4375,488.58
2332,0.091003,96.8750,487.98
2333,0.195040,93.7500,624.62
2334,0.058359,100.0000,499.65
2335,0.057146,98.4375,557.19
2336,0.358171,87.5000,501.14
2337,0.177619,93.7500,564.69
2338,0.247078,93.7500,498.28
2339,0.300512,90.6250,499.06
2340,0.179262,93.7500,613.71
2341,0.198585,93.7500,505.68
2342,0.323181,85.9375,591.96
2343,0.177193,93.7500,503.92
2344,0.144352,92.1875,582.15
2345,0.188424,92.1875,503.91
2346,0.095859,96.8750,562.32
2347,0.072498,98.4375,500.31
2348,0.177569,95.3125,499.40
2349,0.141344,96.8750,651.31
2350,0.274908,89.0625,499.63
2351,0.131278,96.8750,657.31
2352,0.117901,95.3125,507.07
2353,0.084885,98.4375,546.30
2354,0.183631,92.1875,519.85
2355,0.202090,92.1875,522.96
2356,0.193749,95.3125,613.32
2357,0.254760,89.0625,503.12
2358,0.166815,96.8750,588.50
2359,0.282343,90.6250,501.94
2360,0.123531,96.8750,541.66
2361,0.193126,92.1875,543.93
2362,0.069507,100.0000,534.88
2363,0.118177,93.7500,571.75
2364,0.100061,98.4375,501.09
2365,0.389077,84.3750,589.32
2366,0.147687,95.3125,514.27
2367,0.133582,95.3125,594.84
2368,0.127638,96.8750,503.40
2369,0.189210,92.1875,583.02
2370,0.198061,92.1875,501.90
2371,0.271605,87.5000,581.34
2372,0.127364,96.8750,534.40
2373,0.211548,93.7500,566.51
2374,0.141775,93.7500,500.65
2375,0.120756,96.8750,534.07
2376,0.314980,89.0625,566.47
2377,0.240314,90.6250,583.76
2378,0.419143,87.5000,502.17
2379,0.278461,90.6250,575.65
2380,0.124711,93.7500,499.40
2381,0.163095,93.7500,529.96
2382,0.221199,89.0625,561.32
2383,0.234558,92.1875,497.80
2384,0.134167,95.3125,561.97
2385,0.191386,93.7500,497.86
2386,0.178582,90.6250,530.77
2387,0.220465,92.1875,543.36
2388,0.240410,93.7500,532.26
2389,0.262653,90.6250,564.50
2390,0.140987,95.3125,488.56
2391,0.149985,96.8750,631.21
2392,0.166093,93.7500,488.14
2393,0.209313,92.1875,549.85
2394,0.117226,96.8750,493.55
2395,0.118467,95.3125,491.45
2396,0.165372,92.1875,625.74
2397,0.113458,98.4375,499.54
2398,0.164930,93.7500,608.44
2399,0.094032,93.7500,497.45
2400,0.155363,93.7500,543.32
2401,0.107531,95.3125,554.12
2402,0.106526,95.3125,498.58
2403,0.117253,96.8750,667.41
2404,0.133073,95.3125,522.53
2405,0.071208,98.4375,589.59
2406,0.211526,93.7500,499.17
2407,0.165787,93.7500,596.96
2408,0.222699,92.1875,501.26
2409,0.205399,93.7500,533.56
2410,0.138599,93.7500,561.29
2411,0.288960,89.0625,549.30
2412,0.182741,95.3125,536.69
2413,0.209266,90.6250,538.12
2414,0.146940,96.8750,539.63
2415,0.231796,92.1875,550.18
2416,0.089974,95.3125,519.32
2417,0.123220,96.8750,502.30
2418,0.127835,93.7500,659.20
2419,0.286344,90.6250,500.54
2420,0.140723,93.7500,626.08
2421,0.151827,93.7500,502.18
2422,0.214812,93.7500,586.49
2423,0.121800,96.8750,498.71
2424,0.215771,93.7500,555.31
2425,0.304869,93.7500,540.17
2426,0.247678,93.7500,558.65
2427,0.161700,92.1875,532.21
2428,0.100643,96.8750,502.17
2429,0.214381,89.0625,586.88
2430,0.316542,87.5000,500.55
2431,0.166586,92.1875,510.28
2432,0.260725,93.7500,595.44
2433,0.161167,95.3125,556.82
2434,0.223703,89.0625,528.61
2435,0.220760,92.1875,501.84
2436,0.239845,87.5000,625.65
2437,0.074984,98.4375,501.10
2438,0.157158,93.7500,565.55
2439,0.084328,95.3125,503.20
2440,0.280188,92.1875,496.87
2441,0.150977,93.7500,594.59
2442,0.239577,92.1875,541.76
2443,0.112040,95.3125,547.39
2444,0.087877,96.8750,502.31
2445,0.360056,89.0625,607.28
2446,0.166136,92.1875,503.15
2447,0.117301,96.8750,584.94
2448,0.231301,92.1875,501.53
2449,0.083637,98.4375,559.76
2450,0.166044,95.3125,517.84
2451,0.141392,95.3125,535.96
2452,0.208155,92.1875,564.86
2453,0.110872,92.1875,541.44
2454,0.320270,90.6250,525.66
2455,0.166669,95.3125,503.34
2456,0.187737,95.3125,590.87
2457,0.203812,95.3125,500.27
2458,0.085416,96.8750,561.38
2459,0.249572,89.0625,508.01
2460,0.117079,98.4375,552.96
2461,0.236132,92.1875,499.82
2462,0.234975,92.1875,498.88
2463,0.187639,93.7500,599.72
2464,0.099853,95.3125,557.55
2465,0.343497,87.5000,536.03
2466,0.161007,95.3125,535.79
2467,0.144268,93.7500,564.65
2468,0.106735,96.8750,531.94
2469,0.105011,96.8750,572.44
2470,0.059710,98.4375,550.60
2471,0.223767,93.7500,548.27
2472,0.070252,100.0000,503.01
2473,0.145496,95.3125,651.96
2474,0.110828,98.4375,503.02
2475,0.280151,90.6250,590.51
2476,0.240257,89.0625,505.41
2477,0.141085,96.8750,552.16
2478,0.166834,96.8750,548.80
2479,0.346555,90.6250,497.91
2480,0.261656,90.6250,654.99
2481,0.209923,92.1875,532.66
2482,0.142000,96.8750,560.64
2483,0.343707,89.0625,501.98
2484,0.105307,98.4375,639.91
2485,0.264177,95.3125,520.36
2486,0.124489,96.8750,598.40
2487,0.206158,95.3125,558.40
2488,0.076355,100.0000,524.83
2489,0.125315,96.8750,500.61
2490,0.142349,93.7500,622.38
2491,0.250122,92.1875,502.49
2492,0.125425,95.3125,554.79
2493,0.271044,89.0625,499.49
2494,0.157523,93.7500,546.73
2495,0.064100,98.4375,552.21
2496,0.146712,95.3125,503.51
2497,0.133581,93.7500,585.92
2498,0.190311,93.7500,497.68
2499,0.111268,96.8750,504.41
2500,0.079716,98.4375,646.33
2501,0.236783,90.6250,539.23
2502,0.149371,93.7500,567.42
2503,0.110820,98.4375,501.62
2504,0.081041,100.0000,615.01
2505,0.334467,92.1875,545.57
2506,0.163459,96.8750,558.75
2507,0.108850,98.4375,528.89
2508,0.285020,92.1875,576.83
2509,0.187739,93.7500,497.67
2510,0.229963,92.1875,638.59
2511,0.228687,90.6250,499.76
2512,0.085361,98.4375,550.86
2513,0.208309,92.1875,516.79
2514,0.138246,93.7500,565.49
2515,0.142123,96.8750,497.57
2516,0.165672,95.3125,501.06
2517,0.062476,96.8750,611.12
2518,0.166636,95.3125,535.40
2519,0.126303,95.3125,565.18
2520,0.131285,96.8750,499.25
2521,0.241027,89.0625,637.17
2522,0.076543,96.8750,496.17
2523,0.125053,92.1875,649.66
2524,0.237256,92.1875,499.53
2525,0.185271,93.7500,610.24
2526,0.159314,95.3125,501.98
2527,0.278210,85.9375,632.10
2528,0.157038,95.3125,504.04
2529,0.140675,96.8750,616.27
2530,0.252462,89.0625,549.24
2531,0.114545,96.8750,542.63
2532,0.166028,96.8750,568.19
2533,0.146296,95.3125,513.31
2534,0.141179,92.1875,511.93
2535,0.105596,95.3125,575.71
2536,0.200990,93.7500,557.71
2537,0.251338,89.0625,530.81
2538,0.277147,90.6250,554.69
2539,0.179789,92.1875,500.08
2540,0.189484,92.1875,501.95
2541,0.099636,98.4375,589.49
2542,0.116873,95.3125,504.00
2543,0.223193,92.1875,528.29
2544,0.238929,92.1875,586.81
2545,0.170798,93.7500,528.99
2546,0.230681,90.6250,558.41
2547,0.224220,90.6250,499.72
2548,0.074048,98.4375,601.57
2549,0.198588,95.3125,499.70
2550,0.114799,95.3125,582.92
2551,0.134120,92.1875,506.10
2552,0.163689,95.3125,540.92
2553,0.178383,89.0625,543.12
2554,0.262469,90.6250,535.93
2555,0.173671,92.1875,559.53
2556,0.150630,96.8750,501.10
2557,0.410227,84.3750,573.74
2558,0.168743,92.1875,500.20
2559,0.213132,90.6250,520.89
2560,0.170015,95.3125,564.09
2561,0.091280,96.8750,496.02
2562,0.112441,96.8750,562.44
2563,0.218924,92.1875,500.18
2564,0.135395,96.8750,555.99
2565,0.144463,93.7500,499.73
2566,0.154817,95.3125,517.75
2567,0.209262,93.7500,578.81
2568,0.219560,92.1875,499.28
2569,0.109245,93.7500,615.26
2570,0.234377,87.5000,106.16
