batch_idx,loss,accuracy,time_ms
1,0.121145,93.7500,655.02
2,0.075871,96.8750,510.24
3,0.167425,93.7500,555.87
4,0.088007,96.8750,503.06
5,0.201236,92.1875,501.53
6,0.062040,98.4375,594.14
7,0.341127,90.6250,493.90
8,0.154494,95.3125,588.49
9,0.272284,87.5000,502.98
10,0.147130,95.3125,510.36
11,0.132939,93.7500,600.05
12,0.116663,95.3125,581.62
13,0.177167,93.7500,528.48
14,0.171212,95.3125,512.37
15,0.030472,98.4375,593.54
16,0.309391,90.6250,495.51
17,0.164861,98.4375,593.82
18,0.063384,98.4375,496.78
19,0.200389,90.6250,642.28
20,0.221356,96.8750,511.83
21,0.396710,84.3750,532.55
22,0.085384,96.8750,563.83
23,0.042198,100.0000,502.59
24,0.161522,95.3125,611.01
25,0.073651,96.8750,500.22
26,0.059584,100.0000,570.91
27,0.053109,96.8750,498.13
28,0.085425,98.4375,571.59
29,0.126093,95.3125,499.06
30,0.137144,95.3125,575.45
31,0.050066,98.4375,495.97
32,0.163420,95.3125,498.61
33,0.212326,92.1875,625.60
34,0.113779,95.3125,497.52
35,0.282612,85.9375,595.80
36,0.196842,95.3125,504.28
37,0.074002,96.8750,519.89
38,0.229436,95.3125,584.46
39,0.192196,93.7500,499.10
40,0.116966,96.8750,604.19
41,0.183110,93.7500,541.87
42,0.080669,96.8750,569.72
43,0.135730,95.3125,533.10
44,0.135965,95.3125,553.83
45,0.222090,89.0625,509.51
46,0.130537,95.3125,600.49
47,0.120498,95.3125,498.41
48,0.129021,93.7500,653.75
49,0.085693,96.8750,505.80
50,0.083226,95.3125,622.86
51,0.067485,96.8750,501.47
52,0.139306,92.1875,562.85
53,0.127391,93.7500,500.17
54,0.133674,93.7500,551.53
55,0.112889,95.3125,530.14
56,0.091392,95.3125,496.70
57,0.158542,96.8750,666.63
58,0.082210,98.4375,495.11
59,0.114328,93.7500,565.25
60,0.213343,92.1875,505.02
61,0.069125,98.4375,553.78
62,0.196821,92.1875,532.31
63,0.069287,96.8750,576.35
64,0.087742,95.3125,497.73
65,0.123848,98.4375,546.78
66,0.067282,98.4375,536.86
67,0.218722,93.7500,568.51
68,0.051531,98.4375,499.09
69,0.056516,96.8750,601.05
70,0.143278,96.8750,498.04
71,0.106299,93.7500,496.13
72,0.133070,93.7500,669.22
73,0.188129,95.3125,497.28
74,0.201725,96.8750,642.15
75,0.070695,96.8750,502.05
76,0.332432,90.6250,529.29
77,0.176570,93.7500,546.60
78,0.162660,96.8750,507.51
79,0.328783,92.1875,662.61
80,0.192719,95.3125,496.63
81,0.139513,92.1875,524.91
82,0.155810,92.1875,578.53
83,0.261653,93.7500,551.29
84,0.096573,96.8750,530.82
85,0.255544,92.1875,498.71
86,0.109439,95.3125,622.94
87,0.223323,93.7500,501.70
88,0.106048,95.3125,567.34
89,0.091031,96.8750,515.17
90,0.088948,96.8750,588.03
91,0.106004,96.8750,495.33
92,0.014736,100.0000,499.40
93,0.114934,96.8750,639.27
94,0.067903,98.4375,503.32
95,0.127929,96.8750,596.00
96,0.064509,98.4375,496.22
97,0.082829,100.0000,628.25
98,0.146314,93.7500,494.78
99,0.154605,95.3125,559.52
100,0.081773,96.8750,498.15
101,0.129574,93.7500,554.74
102,0.132313,93.7500,519.93
103,0.167254,95.3125,496.28
104,0.177423,93.7500,625.91
105,0.067606,98.4375,502.52
106,0.048155,98.4375,548.52
107,0.133750,93.7500,527.43
108,0.100961,95.3125,569.19
109,0.207162,92.1875,496.84
110,0.186971,93.7500,564.16
111,0.179086,93.7500,515.41
112,0.106019,96.8750,498.24
113,0.209793,90.6250,583.36
114,0.048616,98.4375,501.45
115,0.140544,92.1875,616.02
116,0.120505,93.7500,505.47
117,0.062740,96.8750,589.34
118,0.092081,98.4375,501.16
119,0.067252,96.8750,657.02
120,0.130942,96.8750,494.83
121,0.116718,96.8750,606.48
122,0.132165,93.7500,496.37
123,0.101558,95.3125,644.29
124,0.174074,93.7500,497.73
125,0.035703,98.4375,633.40
126,0.103967,95.3125,495.95
127,0.172263,90.6250,645.04
128,0.245498,92.1875,499.90
129,0.115286,93.7500,575.36
130,0.133103,93.7500,505.48
131,0.183159,93.7500,497.49
132,0.154147,90.6250,645.21
133,0.144614,93.7500,502.44
134,0.210054,92.1875,648.83
135,0.071113,96.8750,501.81
136,0.145758,93.7500,561.99
137,0.147245,92.1875,500.06
138,0.081121,95.3125,601.34
139,0.191648,96.8750,502.19
140,0.062367,98.4375,555.97
141,0.137161,93.7500,510.75
142,0.151975,96.8750,497.65
143,0.055856,98.4375,600.10
144,0.025662,100.0000,500.21
145,0.124802,96.8750,595.88
146,0.140030,95.3125,493.38
147,0.083285,96.8750,500.84
148,0.046699,98.4375,614.37
149,0.165054,92.1875,504.00
150,0.208665,93.7500,562.35
151,0.164646,93.7500,529.05
152,0.137109,95.3125,500.64
153,0.096599,96.8750,604.16
154,0.133819,93.7500,501.04
155,0.055639,100.0000,613.58
156,0.162933,92.1875,531.97
157,0.116738,95.3125,545.17
158,0.137372,95.3125,499.28
159,0.130486,93.7500,618.45
160,0.125829,95.3125,500.25
161,0.224804,93.7500,566.46
162,0.183583,90.6250,498.67
163,0.062394,98.4375,591.18
164,0.104161,95.3125,497.71
165,0.100852,95.3125,499.41
166,0.099337,96.8750,630.68
167,0.308670,89.0625,500.48
168,0.094047,96.8750,645.65
169,0.085618,98.4375,501.01
170,0.245845,92.1875,577.24
171,0.202318,93.7500,516.32
172,0.033069,98.4375,496.58
173,0.050224,98.4375,589.35
174,0.221017,90.6250,501.24
175,0.064287,96.8750,652.40
176,0.068763,98.4375,503.25
177,0.311622,89.0625,592.78
178,0.248261,87.5000,506.94
179,0.072414,98.4375,652.02
180,0.107512,95.3125,501.82
181,0.065662,96.8750,560.58
182,0.142764,93.7500,495.92
183,0.075934,98.4375,494.81
184,0.105976,96.8750,659.80
185,0.085192,96.8750,497.06
186,0.106173,96.8750,588.36
187,0.194279,92.1875,501.92
188,0.229712,95.3125,582.90
189,0.071719,95.3125,499.76
190,0.181913,92.1875,497.21
191,0.129027,96.8750,609.02
192,0.275690,92.1875,497.62
193,0.043963,100.0000,574.15
194,0.138105,98.4375,521.66
195,0.149942,92.1875,500.73
196,0.108444,95.3125,639.03
197,0.139143,92.1875,494.82
198,0.139788,90.6250,566.91
199,0.231672,95.3125,496.78
200,0.094354,95.3125,585.59
201,0.194553,93.7500,498.21
202,0.104670,96.8750,497.96
203,0.086976,96.8750,613.98
204,0.149085,93.7500,495.52
205,0.131233,93.7500,566.12
206,0.097992,95.3125,499.13
207,0.130198,96.8750,499.47
208,0.337280,89.0625,604.47
209,0.149733,93.7500,496.73
210,0.102698,93.7500,600.45
211,0.277579,95.3125,502.47
212,0.155410,95.3125,540.21
213,0.172265,95.3125,520.60
214,0.111617,93.7500,490.88
215,0.205135,93.7500,587.57
216,0.047561,100.0000,491.15
217,0.078054,98.4375,538.33
218,0.100386,96.8750,524.51
219,0.157161,95.3125,550.32
220,0.111204,96.8750,504.39
221,0.064318,98.4375,487.13
222,0.231536,90.6250,607.49
223,0.114685,95.3125,490.03
224,0.092207,96.8750,635.74
225,0.298849,93.7500,495.62
226,0.124001,95.3125,588.91
227,0.235839,92.1875,539.94
228,0.135512,95.3125,549.19
229,0.074244,98.4375,498.47
230,0.061695,98.4375,604.98
231,0.119260,95.3125,491.65
232,0.105491,98.4375,541.92
233,0.128854,96.8750,525.31
234,0.118748,95.3125,501.13
235,0.044163,98.4375,595.84
236,0.095625,96.8750,496.77
237,0.268766,89.0625,498.51
238,0.266243,90.6250,598.07
239,0.261326,89.0625,495.11
240,0.078139,96.8750,621.93
241,0.173124,92.1875,504.27
242,0.192123,92.1875,588.82
243,0.250479,93.7500,497.57
244,0.118065,95.3125,571.55
245,0.089305,95.3125,518.25
246,0.130130,93.7500,501.02
247,0.341406,92.1875,591.71
248,0.235271,89.0625,532.65
249,0.079701,98.4375,571.35
250,0.156427,96.8750,503.39
251,0.151785,93.7500,597.17
252,0.115227,96.8750,503.20
253,0.130144,93.7500,516.56
254,0.277193,92.1875,589.34
255,0.280338,87.5000,542.29
256,0.314550,89.0625,561.12
257,0.129738,93.7500,499.92
258,0.095468,92.1875,618.56
259,0.190182,93.7500,496.33
260,0.078211,96.8750,601.11
261,0.101148,93.7500,506.42
262,0.339024,90.6250,582.10
263,0.056839,96.8750,508.42
264,0.155464,95.3125,498.36
265,0.105532,96.8750,652.84
266,0.095284,100.0000,501.84
267,0.121068,93.7500,554.82
268,0.202868,93.7500,547.09
269,0.085598,95.3125,498.69
270,0.112344,98.4375,592.68
271,0.177120,93.7500,501.08
272,0.121563,95.3125,556.95
273,0.253262,90.6250,522.04
274,0.090687,96.8750,500.96
275,0.150861,93.7500,577.99
276,0.083423,95.3125,497.29
277,0.137243,93.7500,521.27
278,0.086618,95.3125,569.25
279,0.055488,98.4375,505.03
280,0.107744,95.3125,603.22
281,0.432451,90.6250,504.15
282,0.209308,96.8750,574.47
283,0.218602,93.7500,499.94
284,0.064197,100.0000,497.11
285,0.129284,98.4375,634.92
286,0.123009,98.4375,498.64
287,0.056699,98.4375,617.89
288,0.102475,95.3125,497.98
289,0.228146,92.1875,565.80
290,0.189423,92.1875,500.40
291,0.169778,92.1875,578.85
292,0.105876,93.7500,500.12
293,0.134486,95.3125,498.25
294,0.193131,92.1875,609.94
295,0.220813,93.7500,500.54
296,0.162165,92.1875,598.96
297,0.095437,95.3125,500.36
298,0.122808,95.3125,548.21
299,0.131581,95.3125,544.16
300,0.242785,93.7500,533.64
301,0.107306,96.8750,561.44
302,0.234558,89.0625,567.30
303,0.060622,98.4375,499.29
304,0.233799,90.6250,497.42
305,0.349249,87.5000,608.62
306,0.210972,92.1875,548.19
307,0.159723,92.1875,544.85
308,0.232361,90.6250,497.44
309,0.166520,96.8750,629.69
310,0.073563,96.8750,498.42
311,0.078418,98.4375,545.92
312,0.128835,95.3125,537.25
313,0.226694,90.6250,498.61
314,0.097671,96.8750,560.51
315,0.163909,90.6250,498.89
316,0.088848,98.4375,536.28
317,0.131885,93.7500,539.96
318,0.096235,96.8750,499.67
319,0.281892,89.0625,597.91
320,0.130507,98.4375,497.92
321,0.114093,93.7500,593.71
322,0.188191,93.7500,498.42
323,0.132827,92.1875,578.79
324,0.221380,93.7500,519.41
325,0.044114,100.0000,501.63
326,0.174927,95.3125,640.46
327,0.192407,90.6250,501.62
328,0.195247,87.5000,544.44
329,0.179398,93.7500,531.00
330,0.236278,89.0625,498.68
331,0.067738,95.3125,607.57
332,0.122468,95.3125,496.38
333,0.163313,93.7500,605.60
334,0.148264,96.8750,495.12
335,0.272511,89.0625,604.88
336,0.052097,98.4375,511.04
337,0.158445,92.1875,623.67
338,0.100875,96.8750,496.24
339,0.256984,90.6250,621.18
340,0.150985,95.3125,499.47
341,0.269823,90.6250,592.12
342,0.279049,89.0625,500.75
343,0.189974,90.6250,585.59
344,0.113200,98.4375,505.70
345,0.051772,100.0000,601.45
346,0.106231,95.3125,496.48
347,0.195063,95.3125,642.93
348,0.125630,95.3125,500.05
349,0.018535,100.0000,528.15
350,0.133117,93.7500,587.35
351,0.129981,93.7500,519.48
352,0.074632,96.8750,548.58
353,0.073941,98.4375,507.90
354,0.093741,98.4375,589.00
355,0.099010,96.8750,509.28
356,0.195670,95.3125,633.91
357,0.227786,93.7500,498.04
358,0.167890,92.1875,623.52
359,0.041253,98.4375,500.00
360,0.116985,96.8750,572.10
361,0.180133,96.8750,495.53
362,0.147089,93.7500,500.91
363,0.120509,95.3125,637.70
364,0.099301,96.8750,498.31
365,0.179550,92.1875,641.23
366,0.108403,98.4375,508.42
367,0.231709,92.1875,549.86
368,0.107124,96.8750,551.62
369,0.155229,92.1875,501.23
370,0.071223,96.8750,581.99
371,0.100818,96.8750,502.68
372,0.279168,89.0625,566.61
373,0.249875,90.6250,501.49
374,0.038187,100.0000,550.74
375,0.129047,93.7500,495.82
376,0.102349,96.8750,546.97
377,0.161348,96.8750,534.50
378,0.125368,95.3125,495.17
379,0.110987,96.8750,651.31
380,0.141271,93.7500,496.86
381,0.093996,95.3125,554.70
382,0.074971,98.4375,509.64
383,0.096562,96.8750,495.11
384,0.062719,100.0000,612.64
385,0.149959,95.3125,498.19
386,0.081347,96.8750,556.94
387,0.259677,92.1875,506.39
388,0.116155,95.3125,499.35
389,0.053114,100.0000,586.22
390,0.129882,95.3125,497.37
391,0.195680,92.1875,579.16
392,0.178498,92.1875,499.39
393,0.146303,93.7500,557.83
394,0.154507,92.1875,498.47
395,0.161314,95.3125,497.19
396,0.056017,98.4375,584.94
397,0.208021,93.7500,498.38
398,0.011701,100.0000,651.46
399,0.154658,95.3125,503.98
400,0.076442,96.8750,586.45
401,0.058930,100.0000,500.25
402,0.095783,98.4375,657.35
403,0.063833,98.4375,500.60
404,0.042612,100.0000,603.54
405,0.116539,95.3125,498.66
406,0.054359,98.4375,584.57
407,0.107347,96.8750,497.44
408,0.153031,95.3125,611.07
409,0.071690,98.4375,504.22
410,0.210469,90.6250,551.39
411,0.081297,95.3125,548.67
412,0.091050,96.8750,533.95
413,0.036151,100.0000,563.48
414,0.128693,95.3125,499.28
415,0.115434,96.8750,619.17
416,0.089513,96.8750,494.62
417,0.274879,90.6250,636.53
418,0.136212,95.3125,506.06
419,0.093306,96.8750,584.21
420,0.093002,98.4375,496.52
421,0.165669,95.3125,576.92
422,0.136139,95.3125,494.89
423,0.062985,98.4375,496.95
424,0.056912,96.8750,648.88
425,0.193910,92.1875,497.94
426,0.164921,92.1875,537.03
427,0.128879,93.7500,554.74
428,0.231031,92.1875,572.08
429,0.172232,93.7500,515.22
430,0.133206,96.8750,587.53
431,0.060402,98.4375,494.31
432,0.050604,100.0000,575.54
433,0.118883,96.8750,500.57
434,0.056692,98.4375,551.17
435,0.153804,95.3125,497.35
436,0.193838,92.1875,504.29
437,0.068852,98.4375,638.89
438,0.175603,93.7500,499.72
439,0.093447,96.8750,573.15
440,0.145556,93.7500,496.85
441,0.104929,95.3125,501.39
442,0.092799,98.4375,659.93
443,0.100744,95.3125,500.16
444,0.181279,90.6250,592.39
445,0.232871,89.0625,520.92
446,0.046888,98.4375,596.36
447,0.138464,95.3125,502.63
448,0.132666,93.7500,616.98
449,0.133841,95.3125,495.72
450,0.148381,95.3125,652.52
451,0.159168,96.8750,497.07
452,0.084734,98.4375,625.75
453,0.035328,100.0000,499.57
454,0.221087,90.6250,563.32
455,0.145135,93.7500,497.40
456,0.094862,98.4375,499.01
457,0.097178,96.8750,621.46
458,0.059340,100.0000,498.71
459,0.164619,93.7500,613.84
460,0.164819,92.1875,498.04
461,0.087658,95.3125,587.80
462,0.169968,95.3125,498.64
463,0.132216,92.1875,499.56
464,0.064068,98.4375,605.29
465,0.099974,96.8750,503.08
466,0.193339,93.7500,538.29
467,0.066511,100.0000,530.33
468,0.188312,92.1875,498.13
469,0.138136,93.7500,654.62
470,0.197258,95.3125,501.02
471,0.028724,98.4375,624.90
472,0.086486,93.7500,504.32
473,0.099717,98.4375,578.12
474,0.031204,100.0000,500.59
475,0.094729,95.3125,501.55
476,0.141451,93.7500,622.86
477,0.130573,96.8750,497.77
478,0.254714,92.1875,618.69
479,0.224028,92.1875,496.78
480,0.148558,92.1875,644.89
481,0.106171,95.3125,497.65
482,0.097913,95.3125,606.29
483,0.058531,98.4375,507.11
484,0.168681,96.8750,558.55
485,0.149149,95.3125,500.00
486,0.089567,95.3125,530.75
487,0.108638,93.7500,554.34
488,0.143436,95.3125,498.17
489,0.167916,95.3125,587.30
490,0.151078,93.7500,496.39
491,0.165938,96.8750,552.42
492,0.188920,89.0625,547.09
493,0.097500,96.8750,496.11
494,0.171661,95.3125,578.42
495,0.127010,92.1875,497.24
496,0.058502,98.4375,533.67
497,0.204286,93.7500,536.48
498,0.055500,100.0000,525.64
499,0.157883,93.7500,541.69
500,0.110384,96.8750,502.23
501,0.115408,95.3125,602.53
502,0.142405,93.7500,502.39
503,0.106668,93.7500,637.19
504,0.099074,95.3125,497.86
505,0.023088,100.0000,580.14
506,0.104195,96.8750,514.52
507,0.126410,95.3125,552.60
508,0.164864,93.7500,518.80
509,0.210756,95.3125,505.57
510,0.112308,96.8750,636.85
511,0.187110,95.3125,499.52
512,0.115088,95.3125,593.25
513,0.115506,93.7500,534.03
514,0.075295,96.8750,555.89
515,0.089274,98.4375,537.05
516,0.140516,93.7500,556.71
517,0.164622,93.7500,499.20
518,0.257507,89.0625,596.20
519,0.094509,96.8750,502.03
520,0.035045,100.0000,644.29
521,0.129928,95.3125,495.00
522,0.169063,93.7500,552.90
523,0.125892,95.3125,538.69
524,0.067254,96.8750,497.04
525,0.098960,95.3125,646.77
526,0.139411,95.3125,496.19
527,0.360777,92.1875,600.49
528,0.237686,87.5000,496.84
529,0.158225,93.7500,568.09
530,0.206233,92.1875,496.16
531,0.118881,93.7500,500.43
532,0.176061,90.6250,633.31
533,0.310699,87.5000,519.97
534,0.109971,96.8750,588.86
535,0.148239,92.1875,509.29
536,0.194159,89.0625,590.63
537,0.266337,95.3125,502.90
538,0.187372,93.7500,582.48
539,0.044018,98.4375,496.66
540,0.065603,98.4375,518.50
541,0.118894,96.8750,570.68
542,0.158013,92.1875,499.92
543,0.031372,100.0000,578.63
544,0.110787,95.3125,499.54
545,0.050382,98.4375,519.49
546,0.103190,93.7500,573.99
547,0.166398,92.1875,500.08
548,0.115265,96.8750,560.66
549,0.050448,98.4375,498.24
550,0.124421,95.3125,511.85
551,0.148061,96.8750,582.81
552,0.213066,89.0625,492.76
553,0.156618,92.1875,605.12
554,0.117619,93.7500,496.65
555,0.041500,98.4375,567.07
556,0.134731,93.7500,505.67
557,0.276346,93.7500,559.57
558,0.134561,95.3125,499.35
559,0.141461,95.3125,586.76
560,0.091561,95.3125,498.28
561,0.178210,92.1875,538.88
562,0.161380,90.6250,571.62
563,0.024563,100.0000,502.25
564,0.161503,95.3125,639.48
565,0.085345,96.8750,504.05
566,0.177284,92.1875,642.59
567,0.105497,95.3125,497.48
568,0.137155,93.7500,569.49
569,0.205576,92.1875,496.02
570,0.094419,98.4375,500.47
571,0.159957,95.3125,656.33
572,0.175222,95.3125,504.07
573,0.182091,90.6250,642.38
574,0.275460,92.1875,494.90
575,0.053251,96.8750,660.36
576,0.121077,93.7500,496.37
577,0.196152,92.1875,565.36
578,0.172520,95.3125,495.67
579,0.167262,93.7500,518.20
580,0.022813,100.0000,575.37
581,0.104920,96.8750,498.68
582,0.136710,95.3125,563.44
583,0.071909,96.8750,502.29
584,0.069452,98.4375,499.73
585,0.050736,100.0000,615.95
586,0.105380,96.8750,505.19
587,0.067436,98.4375,560.92
588,0.014414,100.0000,501.87
589,0.120529,95.3125,537.44
590,0.104886,95.3125,556.31
591,0.140689,95.3125,496.89
592,0.074948,98.4375,621.02
593,0.116507,96.8750,502.96
594,0.010514,100.0000,570.63
595,0.059999,98.4375,497.55
596,0.176807,93.7500,548.00
597,0.191173,93.7500,523.69
598,0.112595,93.7500,496.35
599,0.132738,95.3125,613.54
600,0.205349,90.6250,524.09
601,0.186472,89.0625,574.17
602,0.256156,90.6250,505.82
603,0.119338,95.3125,571.20
604,0.040271,100.0000,501.10
605,0.115084,92.1875,557.22
606,0.112884,93.7500,494.71
607,0.143075,95.3125,493.44
608,0.077088,96.8750,652.48
609,0.059546,100.0000,500.28
610,0.074930,96.8750,585.31
611,0.150140,95.3125,495.33
612,0.102726,95.3125,547.41
613,0.161918,90.6250,538.46
614,0.055737,98.4375,550.28
615,0.075794,98.4375,526.66
616,0.069590,96.8750,503.16
617,0.024686,100.0000,656.98
618,0.202637,92.1875,499.25
619,0.119687,98.4375,625.98
620,0.095643,98.4375,502.86
621,0.246037,92.1875,546.88
622,0.109869,93.7500,552.30
623,0.177931,93.7500,500.98
624,0.099843,95.3125,644.60
625,0.105678,95.3125,524.75
626,0.076090,98.4375,584.66
627,0.062666,98.4375,496.59
628,0.108560,95.3125,573.47
629,0.126178,96.8750,522.20
630,0.051834,98.4375,515.41
631,0.066387,98.4375,609.91
632,0.044997,98.4375,551.10
633,0.159773,96.8750,547.27
634,0.147844,96.8750,556.86
635,0.077434,96.8750,497.64
636,0.070855,96.8750,549.87
637,0.155185,92.1875,534.23
638,0.080420,96.8750,582.60
639,0.105614,95.3125,518.23
640,0.204786,89.0625,592.62
641,0.047372,98.4375,499.17
642,0.134780,96.8750,547.62
643,0.179164,92.1875,537.09
644,0.119146,95.3125,497.55
645,0.077866,95.3125,651.65
646,0.164640,92.1875,496.71
647,0.280645,90.6250,561.64
648,0.236451,87.5000,498.13
649,0.027768,98.4375,498.30
650,0.089398,95.3125,598.86
651,0.135050,90.6250,498.47
652,0.147749,93.7500,602.06
653,0.199817,93.7500,498.77
654,0.111453,93.7500,639.35
655,0.124665,95.3125,498.67
656,0.067850,98.4375,588.81
657,0.114340,95.3125,500.43
658,0.073011,96.8750,550.02
659,0.128505,96.8750,553.54
660,0.095506,95.3125,498.25
661,0.036263,98.4375,570.54
662,0.360137,92.1875,500.61
663,0.041096,98.4375,598.99
664,0.024226,100.0000,500.25
665,0.099623,96.8750,573.26
666,0.265597,93.7500,503.24
667,0.247854,90.6250,586.58
668,0.136018,96.8750,499.54
669,0.263327,90.6250,547.96
670,0.256918,90.6250,525.62
671,0.069521,96.8750,501.24
672,0.117163,95.3125,596.24
673,0.207475,92.1875,499.03
674,0.066236,95.3125,587.19
675,0.140437,93.7500,504.92
676,0.121182,96.8750,559.27
677,0.110840,95.3125,494.46
678,0.249120,95.3125,581.52
679,0.239682,90.6250,496.43
680,0.028947,100.0000,567.09
681,0.124676,95.3125,498.07
682,0.183762,92.1875,586.59
683,0.102200,96.8750,497.76
684,0.064168,98.4375,586.13
685,0.041709,100.0000,499.19
686,0.121133,93.7500,595.43
687,0.087270,93.7500,497.99
688,0.174472,93.7500,634.33
689,0.215953,93.7500,502.18
690,0.147141,95.3125,546.33
691,0.089913,96.8750,551.23
692,0.089938,93.7500,501.49
693,0.145930,96.8750,644.11
694,0.066801,98.4375,499.00
695,0.212123,89.0625,571.37
696,0.226750,92.1875,507.94
697,0.173019,92.1875,499.21
698,0.042062,100.0000,611.22
699,0.143539,95.3125,491.88
700,0.089301,95.3125,643.21
701,0.173728,93.7500,506.62
702,0.279075,92.1875,581.55
703,0.101291,96.8750,528.62
704,0.095061,95.3125,552.06
705,0.066547,98.4375,498.01
706,0.194012,93.7500,596.83
707,0.082697,96.8750,496.67
708,0.099889,96.8750,498.02
709,0.072837,98.4375,600.14
710,0.231508,92.1875,493.53
711,0.111781,93.7500,581.78
712,0.206041,93.7500,490.00
713,0.101587,96.8750,563.00
714,0.158167,95.3125,518.66
715,0.101714,95.3125,570.62
716,0.025620,100.0000,497.16
717,0.070769,98.4375,504.32
718,0.154702,95.3125,643.00
719,0.157921,90.6250,506.54
720,0.175483,90.6250,609.44
721,0.165324,96.8750,500.70
722,0.109348,96.8750,592.65
723,0.262138,92.1875,503.91
724,0.055827,100.0000,550.93
725,0.132645,92.1875,546.86
726,0.078482,98.4375,504.28
727,0.148372,95.3125,644.32
728,0.035383,100.0000,500.88
729,0.099570,98.4375,558.70
730,0.143350,96.8750,501.26
731,0.079644,98.4375,553.29
732,0.201091,95.3125,501.27
733,0.091963,98.4375,498.59
734,0.082403,96.8750,593.37
735,0.160912,93.7500,498.35
736,0.090530,96.8750,563.17
737,0.187369,92.1875,495.47
738,0.111250,95.3125,541.86
739,0.322830,87.5000,538.60
740,0.159865,90.6250,509.89
741,0.096060,96.8750,606.11
742,0.132207,98.4375,515.99
743,0.074933,96.8750,569.39
744,0.119988,96.8750,533.03
745,0.141916,93.7500,552.71
746,0.226483,93.7500,498.39
747,0.189293,90.6250,554.09
748,0.179979,92.1875,502.81
749,0.089759,96.8750,559.56
750,0.086870,96.8750,499.74
751,0.117094,93.7500,559.40
752,0.136894,95.3125,504.00
753,0.073920,96.8750,498.92
754,0.155901,92.1875,624.36
755,0.066865,95.3125,493.59
756,0.146783,93.7500,561.43
757,0.108731,96.8750,508.26
758,0.041480,98.4375,498.70
759,0.186409,93.7500,642.98
760,0.098148,98.4375,529.69
761,0.234507,93.7500,568.37
762,0.113216,95.3125,496.43
763,0.139992,93.7500,615.00
764,0.069204,96.8750,498.30
765,0.220015,93.7500,592.09
766,0.077207,98.4375,498.35
767,0.155241,93.7500,650.70
768,0.046701,98.4375,500.32
769,0.161100,93.7500,583.49
770,0.110955,93.7500,501.41
771,0.168607,93.7500,497.76
772,0.082082,96.8750,647.72
773,0.243651,89.0625,497.12
774,0.062561,96.8750,627.62
775,0.162426,92.1875,499.64
776,0.147361,96.8750,567.67
777,0.126964,93.7500,516.82
778,0.109281,95.3125,498.97
779,0.160996,95.3125,606.54
780,0.061833,98.4375,497.25
781,0.110715,95.3125,548.24
782,0.206113,92.1875,522.11
783,0.079230,96.8750,557.71
784,0.191565,92.1875,510.23
785,0.129424,96.8750,532.59
786,0.175874,93.7500,560.98
787,0.128798,93.7500,513.85
788,0.137324,95.3125,580.48
789,0.108843,95.3125,501.83
790,0.321688,92.1875,562.28
791,0.220626,93.7500,500.61
792,0.124808,96.8750,527.49
793,0.071772,95.3125,554.03
794,0.121826,95.3125,495.99
795,0.047212,98.4375,583.77
796,0.138076,95.3125,504.89
797,0.261684,89.0625,515.76
798,0.153100,95.3125,580.96
799,0.113159,95.3125,498.25
800,0.046092,98.4375,630.60
801,0.139975,93.7500,499.72
802,0.175257,92.1875,656.62
803,0.156540,95.3125,501.42
804,0.061047,98.4375,541.76
805,0.224076,90.6250,530.29
806,0.043903,100.0000,560.21
807,0.191079,90.6250,501.70
808,0.082013,96.8750,547.40
809,0.051508,98.4375,538.73
810,0.113014,95.3125,497.26
811,0.070927,96.8750,633.01
812,0.196929,93.7500,496.80
813,0.137198,93.7500,655.13
814,0.131084,96.8750,498.92
815,0.153611,93.7500,561.03
816,0.116080,98.4375,500.59
817,0.057869,98.4375,503.29
818,0.074808,96.8750,647.34
819,0.085855,96.8750,504.12
820,0.196007,93.7500,609.44
821,0.064479,96.8750,503.53
822,0.124397,95.3125,585.53
823,0.027242,100.0000,498.91
824,0.150575,93.7500,628.99
825,0.147069,95.3125,496.09
826,0.183292,95.3125,613.08
827,0.197710,92.1875,488.99
828,0.074141,96.8750,592.54
829,0.134142,93.7500,492.63
830,0.039620,98.4375,551.58
831,0.147437,95.3125,507.59
832,0.077769,96.8750,552.23
833,0.175117,93.7500,513.04
834,0.079198,98.4375,494.86
835,0.057279,100.0000,589.59
836,0.160397,95.3125,494.89
837,0.123946,93.7500,576.64
838,0.081353,98.4375,497.79
839,0.101684,95.3125,549.32
840,0.177893,95.3125,545.75
841,0.042827,100.0000,504.73
842,0.060798,96.8750,577.57
843,0.113996,93.7500,502.63
844,0.108895,95.3125,553.86
845,0.316638,92.1875,532.57
846,0.135886,92.1875,524.60
847,0.105740,95.3125,595.48
848,0.112457,98.4375,501.85
849,0.085964,98.4375,586.78
850,0.204476,90.6250,513.85
851,0.220830,96.8750,585.65
852,0.161027,92.1875,503.98
853,0.137606,93.7500,503.89
854,0.078990,98.4375,624.66
855,0.045231,98.4375,499.88
856,0.156673,92.1875,622.63
857,0.019230,100.0000,501.78
858,0.067941,96.8750,641.34
859,0.265110,92.1875,503.53
860,0.085917,98.4375,563.56
861,0.154819,93.7500,506.15
862,0.055075,98.4375,567.07
863,0.209648,90.6250,498.49
864,0.167984,93.7500,500.62
865,0.335686,85.9375,653.56
866,0.130010,96.8750,500.50
867,0.193240,93.7500,566.16
868,0.164341,95.3125,497.43
869,0.186899,93.7500,496.35
870,0.304405,89.0625,670.99
871,0.046250,98.4375,496.04
872,0.034882,100.0000,581.80
873,0.051268,96.8750,493.91
874,0.284469,92.1875,497.59
875,0.107214,95.3125,591.94
876,0.182774,92.1875,497.16
877,0.210790,90.6250,550.00
878,0.210419,92.1875,497.48
879,0.159082,95.3125,503.26
880,0.111825,95.3125,580.88
881,0.130137,92.1875,500.65
882,0.216729,90.6250,583.04
883,0.139248,96.8750,497.38
884,0.173530,96.8750,500.79
885,0.267465,90.6250,598.99
886,0.083691,96.8750,502.83
887,0.054828,98.4375,622.33
888,0.126184,93.7500,501.21
889,0.141258,95.3125,557.98
890,0.158570,93.7500,499.18
891,0.016712,100.0000,561.29
892,0.147401,93.7500,496.57
893,0.187016,93.7500,494.53
894,0.202912,93.7500,648.56
895,0.088341,96.8750,493.98
896,0.227646,92.1875,555.96
897,0.198467,92.1875,519.52
898,0.160407,93.7500,556.04
899,0.035030,98.4375,491.81
900,0.162753,95.3125,491.15
901,0.150695,90.6250,640.07
902,0.184705,92.1875,488.07
903,0.103103,96.8750,525.94
904,0.202781,92.1875,537.49
905,0.289917,90.6250,489.73
906,0.231248,89.0625,574.15
907,0.098170,93.7500,494.60
908,0.090642,98.4375,489.79
909,0.217481,93.7500,658.22
910,0.236876,92.1875,490.61
911,0.149337,92.1875,535.09
912,0.090801,96.8750,555.23
913,0.139105,95.3125,497.76
914,0.089024,93.7500,615.28
915,0.122294,96.8750,499.65
916,0.062389,98.4375,563.10
917,0.229215,89.0625,501.34
918,0.193129,90.6250,519.35
919,0.131913,96.8750,595.02
920,0.096990,96.8750,507.69
921,0.053632,98.4375,577.99
922,0.238331,92.1875,525.10
923,0.081820,96.8750,500.91
924,0.138544,95.3125,658.20
925,0.071771,95.3125,513.13
926,0.192957,95.3125,554.19
927,0.206290,93.7500,528.90
928,0.288640,89.0625,500.38
929,0.115065,93.7500,564.28
930,0.205320,93.7500,501.47
931,0.078542,96.8750,587.23
932,0.129542,95.3125,501.28
933,0.085138,95.3125,563.65
934,0.274472,90.6250,504.30
935,0.121414,93.7500,536.41
936,0.151488,96.8750,561.58
937,0.151012,93.7500,502.78
938,0.080590,96.8750,587.44
939,0.098639,93.7500,500.36
940,0.114101,96.8750,566.01
941,0.168003,95.3125,498.47
942,0.158008,93.7500,580.03
943,0.097254,96.8750,502.14
944,0.056393,98.4375,658.71
945,0.110626,95.3125,501.41
946,0.092953,98.4375,551.08
947,0.117225,96.8750,539.39
948,0.117024,95.3125,556.42
949,0.388836,89.0625,506.78
950,0.072661,98.4375,520.03
951,0.184452,95.3125,582.96
952,0.125541,96.8750,507.00
953,0.183680,90.6250,617.93
954,0.108750,95.3125,498.31
955,0.182843,92.1875,532.26
956,0.156628,95.3125,553.84
957,0.096098,95.3125,503.15
958,0.040568,98.4375,568.49
959,0.229416,93.7500,499.83
960,0.185366,93.7500,498.36
961,0.174416,93.7500,652.62
962,0.080977,96.8750,499.24
963,0.114633,98.4375,544.78
964,0.099717,96.8750,548.44
965,0.096280,95.3125,510.39
966,0.086152,98.4375,581.52
967,0.096504,96.8750,503.08
968,0.077949,98.4375,588.18
969,0.176269,93.7500,494.96
970,0.156762,93.7500,559.20
971,0.170644,93.7500,499.49
972,0.157742,93.7500,517.06
973,0.292529,92.1875,587.45
974,0.209370,92.1875,502.79
975,0.097091,95.3125,572.67
976,0.215551,89.0625,502.23
977,0.105192,100.0000,549.24
978,0.135643,95.3125,552.63
979,0.248145,89.0625,573.20
980,0.115672,96.8750,517.17
981,0.138096,93.7500,573.47
982,0.198537,92.1875,495.16
983,0.195889,90.6250,538.43
984,0.152344,92.1875,544.92
985,0.059325,98.4375,507.72
986,0.063333,98.4375,593.55
987,0.094380,95.3125,501.76
988,0.090395,98.4375,641.78
989,0.028150,100.0000,498.99
990,0.153642,95.3125,516.01
991,0.138924,90.6250,588.05
992,0.064476,96.8750,499.86
993,0.167780,95.3125,585.96
994,0.019321,100.0000,503.52
995,0.204130,90.6250,564.77
996,0.134031,92.1875,503.56
997,0.121018,95.3125,529.63
998,0.233316,90.6250,569.45
999,0.124124,93.7500,568.69
1000,0.189814,90.6250,502.40
1001,0.062208,96.8750,561.83
1002,0.203371,92.1875,496.93
1003,0.156721,95.3125,496.16
1004,0.239397,92.1875,631.53
1005,0.288999,92.1875,498.94
1006,0.249001,92.1875,530.21
1007,0.202383,92.1875,573.20
1008,0.139280,93.7500,500.39
1009,0.074159,96.8750,598.78
1010,0.116660,93.7500,498.94
1011,0.196017,93.7500,584.49
1012,0.125978,95.3125,517.71
1013,0.121459,98.4375,548.63
1014,0.179780,95.3125,530.57
1015,0.177478,92.1875,571.45
1016,0.125156,95.3125,496.88
1017,0.272729,92.1875,567.25
1018,0.115403,95.3125,505.00
1019,0.170343,92.1875,575.83
1020,0.157284,92.1875,501.91
1021,0.144020,92.1875,498.11
1022,0.157796,95.3125,654.76
1023,0.143214,93.7500,496.07
1024,0.151328,95.3125,563.00
1025,0.081324,98.4375,497.95
1026,0.157951,93.7500,553.97
1027,0.082148,96.8750,530.90
1028,0.057693,96.8750,504.75
1029,0.067384,96.8750,660.03
1030,0.340307,89.0625,496.46
1031,0.192733,95.3125,567.39
1032,0.157846,96.8750,497.85
1033,0.184978,92.1875,549.80
1034,0.057755,98.4375,541.05
1035,0.130006,95.3125,530.00
1036,0.097183,95.3125,536.36
1037,0.245991,90.6250,550.22
1038,0.117458,98.4375,524.78
1039,0.078870,98.4375,574.04
1040,0.419103,90.6250,519.40
1041,0.065228,96.8750,516.43
1042,0.057089,98.4375,591.45
1043,0.127902,92.1875,531.36
1044,0.077373,96.8750,557.42
1045,0.072030,95.3125,497.22
1046,0.163782,95.3125,611.84
1047,0.092436,95.3125,497.92
1048,0.114198,95.3125,548.12
1049,0.146789,95.3125,527.46
1050,0.147466,92.1875,496.03
1051,0.209513,89.0625,605.15
1052,0.093121,95.3125,502.62
1053,0.073724,98.4375,597.97
1054,0.138240,95.3125,497.95
1055,0.097141,96.8750,501.06
1056,0.076898,98.4375,633.27
1057,0.094527,95.3125,537.61
1058,0.028839,100.0000,559.65
1059,0.187248,96.8750,500.86
1060,0.152535,93.7500,574.42
1061,0.108297,96.8750,500.31
1062,0.155910,95.3125,539.08
1063,0.214713,92.1875,527.58
1064,0.093871,95.3125,567.94
1065,0.070690,98.4375,498.32
1066,0.201677,95.3125,551.78
1067,0.093082,95.3125,541.89
1068,0.064742,98.4375,567.35
1069,0.072919,100.0000,499.83
1070,0.133119,95.3125,563.93
1071,0.127564,98.4375,497.09
1072,0.073339,95.3125,503.84
1073,0.044840,98.4375,610.22
1074,0.126070,93.7500,505.88
1075,0.185677,93.7500,532.57
1076,0.285261,90.6250,562.07
1077,0.047312,98.4375,551.27
1078,0.207212,92.1875,533.60
1079,0.053839,96.8750,558.20
1080,0.161455,93.7500,512.23
1081,0.163512,95.3125,556.04
1082,0.205429,95.3125,502.30
1083,0.249084,92.1875,499.20
1084,0.144118,95.3125,594.80
1085,0.207754,92.1875,501.56
1086,0.195046,90.6250,645.46
1087,0.057992,100.0000,497.40
1088,0.165232,93.7500,521.17
1089,0.051571,98.4375,569.66
1090,0.077551,98.4375,497.93
1091,0.143560,96.8750,580.95
1092,0.180994,93.7500,497.30
1093,0.049272,96.8750,566.76
1094,0.080805,95.3125,501.21
1095,0.065625,98.4375,562.86
1096,0.201439,95.3125,501.24
1097,0.134271,93.7500,504.39
1098,0.188337,92.1875,602.63
1099,0.122904,95.3125,498.48
1100,0.145388,96.8750,553.48
1101,0.048484,100.0000,531.05
1102,0.046015,98.4375,497.68
1103,0.040059,100.0000,602.58
1104,0.091205,98.4375,496.62
1105,0.084329,96.8750,653.38
1106,0.145488,96.8750,520.13
1107,0.093384,95.3125,591.13
1108,0.109120,96.8750,499.30
1109,0.087243,95.3125,586.76
1110,0.084265,96.8750,497.25
1111,0.191480,98.4375,589.80
1112,0.172976,95.3125,497.32
1113,0.209046,95.3125,550.78
1114,0.101423,96.8750,547.75
1115,0.088625,98.4375,494.02
1116,0.201414,90.6250,608.77
1117,0.088897,98.4375,540.07
1118,0.091443,95.3125,550.19
1119,0.117570,96.8750,500.76
1120,0.075677,95.3125,591.43
1121,0.228962,90.6250,500.79
1122,0.202728,92.1875,497.80
1123,0.113463,96.8750,639.75
1124,0.142894,93.7500,502.08
1125,0.253648,90.6250,588.42
1126,0.091618,95.3125,496.74
1127,0.244351,90.6250,556.80
1128,0.145371,92.1875,502.01
1129,0.092511,96.8750,510.00
1130,0.032576,98.4375,593.82
1131,0.112406,95.3125,505.34
1132,0.166338,93.7500,649.75
1133,0.138103,95.3125,498.95
1134,0.249125,92.1875,639.40
1135,0.042112,98.4375,491.63
1136,0.176800,90.6250,579.91
1137,0.135919,92.1875,490.97
1138,0.132831,95.3125,572.34
1139,0.247897,89.0625,495.17
1140,0.174937,93.7500,498.11
1141,0.141932,92.1875,591.00
1142,0.141859,95.3125,494.73
1143,0.306447,87.5000,592.27
1144,0.231682,89.0625,503.56
1145,0.103446,95.3125,586.20
1146,0.094202,96.8750,507.68
1147,0.157627,92.1875,573.08
1148,0.054429,98.4375,501.17
1149,0.069587,98.4375,500.99
1150,0.268097,89.0625,657.74
1151,0.076620,96.8750,505.70
1152,0.123130,95.3125,577.19
1153,0.088739,98.4375,499.07
1154,0.074027,98.4375,496.30
1155,0.156553,95.3125,659.60
1156,0.133569,96.8750,501.81
1157,0.285498,90.6250,566.09
1158,0.141010,93.7500,500.92
1159,0.117973,98.4375,496.49
1160,0.160737,95.3125,594.74
1161,0.085710,95.3125,500.14
1162,0.157051,93.7500,598.32
1163,0.313906,89.0625,498.00
1164,0.209148,90.6250,658.46
1165,0.046947,98.4375,496.18
1166,0.074657,95.3125,594.66
1167,0.181831,92.1875,499.64
1168,0.101187,95.3125,502.87
1169,0.094612,95.3125,632.26
1170,0.362937,90.6250,498.63
1171,0.233432,93.7500,593.75
1172,0.110800,98.4375,496.87
1173,0.107377,95.3125,538.43
1174,0.243696,90.6250,553.17
1175,0.196510,95.3125,502.30
1176,0.126922,95.3125,597.13
1177,0.179292,93.7500,554.00
1178,0.093346,96.8750,555.31
1179,0.120268,96.8750,516.43
1180,0.134661,95.3125,621.48
1181,0.087676,98.4375,495.01
1182,0.138449,95.3125,542.29
1183,0.145391,93.7500,528.63
1184,0.098545,96.8750,503.46
1185,0.113777,93.7500,599.52
1186,0.168316,95.3125,504.53
1187,0.159699,93.7500,564.79
1188,0.126454,93.7500,502.80
1189,0.235540,92.1875,498.20
1190,0.119148,96.8750,605.42
1191,0.033609,100.0000,537.62
1192,0.101423,98.4375,566.31
1193,0.085008,98.4375,528.53
1194,0.203721,93.7500,561.54
1195,0.137492,98.4375,505.12
1196,0.200608,92.1875,617.21
1197,0.079599,96.8750,500.12
1198,0.137932,96.8750,554.23
1199,0.200959,92.1875,552.45
1200,0.152108,92.1875,528.35
1201,0.048503,96.8750,550.67
1202,0.195074,93.7500,503.85
1203,0.064526,98.4375,625.49
1204,0.110908,95.3125,499.71
1205,0.054092,100.0000,644.77
1206,0.101061,96.8750,505.90
1207,0.168332,95.3125,641.56
1208,0.022650,100.0000,502.88
1209,0.135846,96.8750,611.24
1210,0.137957,95.3125,499.65
1211,0.128293,95.3125,584.27
1212,0.125362,93.7500,502.05
1213,0.193968,93.7500,563.68
1214,0.129670,96.8750,536.93
1215,0.114414,96.8750,557.88
1216,0.134081,95.3125,510.55
1217,0.089517,95.3125,505.11
1218,0.044320,98.4375,595.08
1219,0.113816,98.4375,507.21
1220,0.206593,90.6250,567.54
1221,0.034894,100.0000,501.22
1222,0.196758,90.6250,497.30
1223,0.184382,93.7500,615.19
1224,0.093316,95.3125,502.13
1225,0.096409,96.8750,550.68
1226,0.063372,98.4375,526.52
1227,0.126331,98.4375,537.29
1228,0.122508,96.8750,552.73
1229,0.066734,96.8750,500.16
1230,0.129895,93.7500,575.68
1231,0.224242,90.6250,498.19
1232,0.103578,96.8750,501.10
1233,0.169209,93.7500,598.21
1234,0.169829,93.7500,497.42
1235,0.134778,95.3125,581.34
1236,0.110066,95.3125,500.09
1237,0.104241,93.7500,499.05
1238,0.244293,90.6250,627.33
1239,0.092231,93.7500,506.78
1240,0.214590,89.0625,574.73
1241,0.058349,96.8750,499.45
1242,0.238650,90.6250,500.77
1243,0.143062,92.1875,638.96
1244,0.156021,93.7500,539.44
1245,0.074386,98.4375,549.53
1246,0.083716,96.8750,494.22
1247,0.151155,92.1875,557.51
1248,0.097733,95.3125,498.68
1249,0.159341,92.1875,498.65
1250,0.067508,96.8750,632.20
1251,0.099219,95.3125,497.47
1252,0.114703,96.8750,632.67
1253,0.139538,95.3125,496.07
1254,0.043976,98.4375,606.68
1255,0.163681,95.3125,492.74
1256,0.125085,95.3125,624.46
1257,0.116009,93.7500,498.39
1258,0.154651,92.1875,539.39
1259,0.210628,89.0625,549.52
1260,0.087423,93.7500,550.30
1261,0.070426,96.8750,517.70
1262,0.046430,98.4375,560.00
1263,0.055868,98.4375,498.63
1264,0.155023,93.7500,525.75
1265,0.162505,95.3125,578.54
1266,0.111484,96.8750,547.83
1267,0.193794,92.1875,556.66
1268,0.162790,96.8750,498.08
1269,0.070741,98.4375,586.23
1270,0.120216,95.3125,492.63
1271,0.106162,96.8750,565.98
1272,0.125824,95.3125,497.03
1273,0.064283,96.8750,569.56
1274,0.154799,92.1875,496.73
1275,0.146571,96.8750,563.57
1276,0.023533,100.0000,496.33
1277,0.042863,98.4375,497.97
1278,0.124661,95.3125,651.84
1279,0.122013,92.1875,497.73
1280,0.123503,96.8750,597.38
1281,0.233227,93.7500,528.63
1282,0.125326,96.8750,554.78
1283,0.238485,92.1875,546.06
1284,0.130113,92.1875,547.05
1285,0.094233,98.4375,503.85
1286,0.105575,95.3125,608.97
1287,0.125896,95.3125,505.08
1288,0.094110,96.8750,656.42
1289,0.133002,95.3125,496.82
1290,0.171512,93.7500,564.16
1291,0.136259,95.3125,511.58
1292,0.074281,98.4375,548.22
1293,0.132933,93.7500,544.17
1294,0.262760,95.3125,575.47
1295,0.151157,98.4375,498.41
1296,0.236542,92.1875,569.32
1297,0.064963,96.8750,498.46
1298,0.092996,95.3125,499.49
1299,0.238116,90.6250,648.75
1300,0.063740,96.8750,503.65
1301,0.129393,93.7500,636.90
1302,0.118646,93.7500,502.18
1303,0.154673,95.3125,647.95
1304,0.021254,100.0000,497.93
1305,0.168842,96.8750,520.84
1306,0.128646,96.8750,570.09
1307,0.036004,100.0000,539.34
1308,0.106275,95.3125,531.72
1309,0.342214,89.0625,499.93
1310,0.162163,95.3125,646.00
1311,0.070801,98.4375,499.25
1312,0.116757,96.8750,640.59
1313,0.181642,90.6250,499.56
1314,0.133704,93.7500,608.51
1315,0.098139,98.4375,496.93
1316,0.173359,93.7500,540.78
1317,0.268204,90.6250,542.18
1318,0.187658,95.3125,555.45
1319,0.125359,92.1875,512.79
1320,0.155623,95.3125,573.69
1321,0.188327,92.1875,499.78
1322,0.123402,93.7500,594.32
1323,0.076915,98.4375,498.15
1324,0.230695,93.7500,557.98
1325,0.123919,95.3125,497.95
1326,0.121722,96.8750,500.94
1327,0.088333,98.4375,604.50
1328,0.229434,93.7500,497.64
1329,0.147483,95.3125,553.20
1330,0.161278,96.8750,513.69
1331,0.193539,89.0625,567.12
1332,0.114032,96.8750,513.32
1333,0.055011,96.8750,586.62
1334,0.133148,95.3125,498.63
1335,0.135268,93.7500,502.66
1336,0.061895,96.8750,597.37
1337,0.112133,93.7500,535.86
1338,0.212207,90.6250,556.95
1339,0.209786,92.1875,567.62
1340,0.119113,93.7500,501.91
1341,0.131181,95.3125,496.55
1342,0.052469,98.4375,623.69
1343,0.135871,98.4375,498.55
1344,0.219275,92.1875,527.36
1345,0.085774,95.3125,543.51
1346,0.228166,92.1875,581.96
1347,0.145331,93.7500,513.37
1348,0.095075,98.4375,563.62
1349,0.044236,100.0000,499.43
1350,0.139126,93.7500,538.21
1351,0.073944,98.4375,560.37
1352,0.088638,96.8750,513.13
1353,0.056430,98.4375,571.90
1354,0.141539,95.3125,501.78
1355,0.103092,95.3125,605.66
1356,0.139495,93.7500,533.59
1357,0.129208,96.8750,556.30
1358,0.153076,95.3125,500.07
1359,0.170269,90.6250,602.63
1360,0.183527,95.3125,498.58
1361,0.153756,96.8750,554.76
1362,0.138056,93.7500,539.37
1363,0.030098,98.4375,501.18
1364,0.081485,96.8750,605.46
1365,0.082640,96.8750,501.10
1366,0.176463,92.1875,564.63
1367,0.278600,95.3125,505.48
1368,0.105986,96.8750,550.91
1369,0.132059,95.3125,559.13
1370,0.213522,92.1875,532.80
1371,0.079808,95.3125,554.64
1372,0.103889,95.3125,498.73
1373,0.057251,98.4375,592.94
1374,0.208902,92.1875,497.87
1375,0.074944,98.4375,560.24
1376,0.057564,100.0000,511.55
1377,0.062731,98.4375,495.88
1378,0.204068,90.6250,588.31
1379,0.108050,95.3125,502.53
1380,0.125674,93.7500,493.47
1381,0.090617,96.8750,622.07
1382,0.219918,95.3125,499.11
1383,0.095760,98.4375,581.00
1384,0.103402,95.3125,501.10
1385,0.096256,98.4375,576.48
1386,0.085653,98.4375,504.31
1387,0.252494,92.1875,590.14
1388,0.207697,92.1875,502.96
1389,0.155704,93.7500,500.26
1390,0.084794,96.8750,606.12
1391,0.042987,98.4375,546.13
1392,0.146346,90.6250,549.82
1393,0.167132,92.1875,496.20
1394,0.104391,96.8750,626.67
1395,0.119856,96.8750,497.65
1396,0.149454,93.7500,588.45
1397,0.196107,90.6250,495.71
1398,0.129402,95.3125,582.79
1399,0.204113,95.3125,499.67
1400,0.160276,95.3125,600.31
1401,0.096430,96.8750,497.04
1402,0.175115,92.1875,556.64
1403,0.256420,92.1875,535.22
1404,0.098740,96.8750,532.03
1405,0.176745,90.6250,571.35
1406,0.054046,98.4375,504.37
1407,0.246845,92.1875,636.41
1408,0.158886,92.1875,502.49
1409,0.056606,98.4375,550.48
1410,0.090587,95.3125,535.34
1411,0.067753,96.8750,499.31
1412,0.036420,100.0000,602.13
1413,0.105433,95.3125,502.72
1414,0.167889,90.6250,624.48
1415,0.235324,92.1875,497.26
1416,0.111059,93.7500,580.06
1417,0.130141,93.7500,496.76
1418,0.211515,90.6250,581.78
1419,0.164501,93.7500,498.10
1420,0.212836,93.7500,581.53
1421,0.039038,100.0000,497.13
1422,0.101974,95.3125,583.45
1423,0.186294,92.1875,499.44
1424,0.103505,96.8750,535.05
1425,0.086150,95.3125,562.43
1426,0.132322,92.1875,497.04
1427,0.038771,100.0000,558.14
1428,0.177533,92.1875,497.84
1429,0.150422,93.7500,577.06
1430,0.126305,98.4375,505.98
1431,0.106839,96.8750,501.61
1432,0.218583,93.7500,626.78
1433,0.127842,93.7500,495.56
1434,0.153941,96.8750,556.61
1435,0.089539,96.8750,515.37
1436,0.132539,93.7500,540.45
1437,0.079008,98.4375,528.92
1438,0.081487,96.8750,569.59
1439,0.109705,95.3125,511.53
1440,0.127799,96.8750,503.18
1441,0.048741,98.4375,605.84
1442,0.133267,95.3125,500.58
1443,0.025698,100.0000,569.25
1444,0.108913,96.8750,495.71
1445,0.142899,93.7500,503.26
1446,0.152002,93.7500,603.18
1447,0.087971,98.4375,495.76
1448,0.090813,98.4375,577.67
1449,0.209687,93.7500,497.17
1450,0.067033,96.8750,529.64
1451,0.107161,95.3125,557.83
1452,0.108081,95.3125,496.53
1453,0.230963,93.7500,615.27
1454,0.077247,98.4375,498.22
1455,0.122737,95.3125,547.66
1456,0.068141,96.8750,522.04
1457,0.145879,93.7500,498.50
1458,0.080234,95.3125,573.38
1459,0.126705,92.1875,501.74
1460,0.089437,96.8750,504.08
1461,0.145138,93.7500,630.35
1462,0.219319,93.7500,501.03
1463,0.105560,95.3125,612.22
1464,0.197312,93.7500,504.77
1465,0.043199,98.4375,599.45
1466,0.210326,96.8750,499.28
1467,0.152099,95.3125,574.99
1468,0.112533,95.3125,520.01
1469,0.070727,98.4375,500.40
1470,0.130333,93.7500,600.15
1471,0.108794,96.8750,501.77
1472,0.121488,96.8750,566.21
1473,0.132399,93.7500,509.19
1474,0.207503,92.1875,499.92
1475,0.112778,95.3125,586.52
1476,0.101383,93.7500,499.30
1477,0.157246,93.7500,560.57
1478,0.049729,100.0000,507.27
1479,0.156915,95.3125,578.10
1480,0.215988,95.3125,498.85
1481,0.077196,95.3125,552.83
1482,0.099950,96.8750,500.77
1483,0.151216,95.3125,502.03
1484,0.129187,95.3125,660.83
1485,0.193268,92.1875,500.88
1486,0.075432,98.4375,539.76
1487,0.143010,95.3125,556.18
1488,0.097847,93.7500,540.47
1489,0.157893,93.7500,546.63
1490,0.191912,95.3125,500.41
1491,0.177704,93.7500,650.84
1492,0.061213,100.0000,496.56
1493,0.184707,93.7500,532.69
1494,0.065963,98.4375,556.98
1495,0.058952,98.4375,500.19
1496,0.147437,95.3125,603.53
1497,0.168511,90.6250,502.43
1498,0.040008,98.4375,569.10
1499,0.061387,98.4375,500.12
1500,0.202381,93.7500,501.27
1501,0.104416,96.8750,604.69
1502,0.086398,98.4375,494.94
1503,0.143130,93.7500,614.01
1504,0.234396,90.6250,495.53
1505,0.148747,95.3125,577.42
1506,0.126838,95.3125,515.78
1507,0.155848,95.3125,522.05
1508,0.113087,95.3125,569.87
1509,0.069128,98.4375,499.70
1510,0.110289,95.3125,593.89
1511,0.050664,98.4375,497.91
1512,0.227530,92.1875,594.94
1513,0.160542,92.1875,499.78
1514,0.134112,93.7500,621.21
1515,0.201976,90.6250,511.79
1516,0.140062,96.8750,559.36
1517,0.066920,98.4375,497.90
1518,0.113093,95.3125,581.64
1519,0.114485,95.3125,502.23
1520,0.110528,96.8750,592.28
1521,0.308175,89.0625,516.43
1522,0.133375,95.3125,549.39
1523,0.119870,93.7500,548.46
1524,0.126738,95.3125,499.33
1525,0.080658,96.8750,574.64
1526,0.095431,96.8750,497.48
1527,0.322677,92.1875,564.50
1528,0.196059,95.3125,518.26
1529,0.090145,96.8750,565.19
1530,0.136646,93.7500,496.26
1531,0.166390,95.3125,501.42
1532,0.169752,96.8750,603.11
1533,0.208389,95.3125,499.55
1534,0.089971,93.7500,634.77
1535,0.101383,96.8750,493.99
1536,0.119803,96.8750,531.67
1537,0.149038,95.3125,558.48
1538,0.121965,92.1875,506.16
1539,0.191724,92.1875,597.29
1540,0.107308,98.4375,497.52
1541,0.109198,93.7500,644.38
1542,0.163621,93.7500,498.49
1543,0.254432,93.7500,578.69
1544,0.162294,93.7500,498.13
1545,0.189164,93.7500,543.03
1546,0.152501,95.3125,542.77
1547,0.122310,93.7500,536.06
1548,0.174833,96.8750,555.53
1549,0.090535,96.8750,499.88
1550,0.095003,96.8750,585.19
1551,0.104390,95.3125,498.73
1552,0.147325,95.3125,563.42
1553,0.152153,92.1875,495.27
1554,0.293351,92.1875,529.22
1555,0.066903,98.4375,552.73
1556,0.231004,90.6250,497.45
1557,0.051703,98.4375,591.60
1558,0.091906,96.8750,496.07
1559,0.189288,93.7500,612.96
1560,0.106015,95.3125,500.67
1561,0.101687,96.8750,547.92
1562,0.204158,92.1875,539.31
1563,0.097311,95.3125,497.36
1564,0.112255,95.3125,595.86
1565,0.163355,92.1875,504.80
1566,0.138646,95.3125,500.83
1567,0.100159,95.3125,598.09
1568,0.087976,95.3125,500.35
1569,0.171953,95.3125,557.44
1570,0.127484,95.3125,499.09
1571,0.166459,93.7500,568.45
1572,0.088030,95.3125,510.13
1573,0.135725,95.3125,575.25
1574,0.159628,95.3125,500.88
1575,0.170578,92.1875,519.81
1576,0.121922,93.7500,585.17
1577,0.188365,92.1875,550.65
1578,0.185137,92.1875,551.73
1579,0.124683,95.3125,503.46
1580,0.057479,98.4375,600.77
1581,0.165902,96.8750,529.34
1582,0.158120,95.3125,571.56
1583,0.149186,95.3125,503.94
1584,0.042861,100.0000,646.38
1585,0.066873,98.4375,497.26
1586,0.118021,95.3125,622.37
1587,0.130430,95.3125,495.53
1588,0.069188,98.4375,510.62
1589,0.108140,96.8750,603.93
1590,0.393406,89.0625,501.31
1591,0.155574,93.7500,574.94
1592,0.208672,98.4375,503.60
1593,0.091074,96.8750,578.47
1594,0.074909,98.4375,497.68
1595,0.186172,93.7500,580.63
1596,0.272956,93.7500,502.41
1597,0.067127,96.8750,667.23
1598,0.076670,96.8750,498.58
1599,0.098499,96.8750,590.48
1600,0.317949,93.7500,498.68
1601,0.073019,98.4375,637.62
1602,0.068005,96.8750,499.12
1603,0.088274,95.3125,582.54
1604,0.102432,96.8750,498.59
1605,0.069954,96.8750,568.38
1606,0.117288,95.3125,504.55
1607,0.230226,95.3125,502.90
1608,0.102403,95.3125,624.24
1609,0.087337,96.8750,494.75
1610,0.107512,96.8750,625.57
1611,0.074579,96.8750,497.60
1612,0.066387,96.8750,588.81
1613,0.168416,95.3125,500.04
1614,0.092126,96.8750,593.65
1615,0.068588,96.8750,500.91
1616,0.194668,90.6250,591.76
1617,0.088423,98.4375,498.92
1618,0.113953,95.3125,562.21
1619,0.173804,90.6250,518.69
1620,0.171526,92.1875,564.12
1621,0.197202,92.1875,499.00
1622,0.120290,93.7500,495.67
1623,0.105165,95.3125,589.57
1624,0.091607,96.8750,498.59
1625,0.029845,98.4375,575.91
1626,0.152048,92.1875,500.86
1627,0.103089,95.3125,498.54
1628,0.141114,93.7500,638.42
1629,0.154576,95.3125,499.31
1630,0.146594,98.4375,593.31
1631,0.098698,96.8750,503.63
1632,0.272212,93.7500,498.76
1633,0.133310,96.8750,604.20
1634,0.258615,90.6250,501.54
1635,0.112271,95.3125,642.06
1636,0.136264,95.3125,497.70
1637,0.052829,100.0000,567.33
1638,0.110904,95.3125,524.08
1639,0.135195,96.8750,497.86
1640,0.147748,90.6250,584.94
1641,0.083534,96.8750,500.03
1642,0.074085,98.4375,498.92
1643,0.130492,95.3125,626.40
1644,0.137465,95.3125,500.27
1645,0.171305,95.3125,641.35
1646,0.121175,95.3125,495.29
1647,0.168546,95.3125,607.45
1648,0.145426,95.3125,497.60
1649,0.160286,92.1875,567.67
1650,0.096759,96.8750,516.06
1651,0.120305,95.3125,498.38
1652,0.143666,93.7500,633.06
1653,0.106372,95.3125,503.97
1654,0.041038,100.0000,652.88
1655,0.110831,96.8750,500.50
1656,0.183204,93.7500,561.51
1657,0.067875,98.4375,523.26
1658,0.082245,96.8750,502.19
1659,0.121815,95.3125,651.23
1660,0.059065,98.4375,499.78
1661,0.066331,98.4375,573.76
1662,0.124750,95.3125,511.13
1663,0.230341,93.7500,554.81
1664,0.198114,93.7500,526.99
1665,0.132501,93.7500,541.35
1666,0.205244,90.6250,547.90
1667,0.094897,98.4375,571.72
1668,0.196928,92.1875,496.80
1669,0.289114,93.7500,505.83
1670,0.120291,95.3125,587.19
1671,0.189105,93.7500,503.64
1672,0.080041,98.4375,569.59
1673,0.082876,98.4375,520.65
1674,0.218314,92.1875,500.11
1675,0.169720,95.3125,632.01
1676,0.077446,100.0000,502.08
1677,0.097262,96.8750,586.57
1678,0.167219,98.4375,511.90
1679,0.098506,95.3125,562.54
1680,0.092407,96.8750,506.42
1681,0.077230,96.8750,535.80
1682,0.183696,93.7500,567.81
1683,0.101295,95.3125,562.61
1684,0.087131,95.3125,523.65
1685,0.292487,93.7500,565.15
1686,0.083840,96.8750,520.50
1687,0.066479,96.8750,503.04
1688,0.029804,98.4375,650.25
1689,0.255609,85.9375,502.18
1690,0.074627,96.8750,637.99
1691,0.241071,92.1875,507.06
1692,0.072950,96.8750,599.70
1693,0.208049,93.7500,503.74
1694,0.230769,90.6250,645.22
1695,0.155838,96.8750,498.17
1696,0.216090,90.6250,615.17
1697,0.208713,95.3125,497.06
1698,0.160068,95.3125,589.65
1699,0.145910,93.7500,504.20
1700,0.239332,89.0625,527.28
1701,0.245879,89.0625,594.71
1702,0.284714,89.0625,496.81
1703,0.129408,93.7500,571.40
1704,0.110808,96.8750,502.22
1705,0.074395,98.4375,501.16
1706,0.108744,95.3125,645.90
1707,0.092324,96.8750,501.54
1708,0.122377,95.3125,645.08
1709,0.196123,92.1875,500.16
1710,0.038980,100.0000,607.26
1711,0.068197,96.8750,518.24
1712,0.103636,96.8750,587.33
1713,0.149805,93.7500,533.90
1714,0.329008,89.0625,567.16
1715,0.124342,95.3125,500.97
1716,0.099068,96.8750,607.26
1717,0.158674,96.8750,515.65
1718,0.175692,95.3125,595.74
1719,0.219312,93.7500,499.01
1720,0.046429,98.4375,663.68
1721,0.258808,93.7500,505.14
1722,0.039778,98.4375,563.58
1723,0.102558,95.3125,505.62
1724,0.285141,93.7500,496.83
1725,0.192014,92.1875,595.53
1726,0.258578,92.1875,497.03
1727,0.135065,93.7500,502.57
1728,0.081317,95.3125,608.32
1729,0.078236,98.4375,501.99
1730,0.087448,96.8750,629.41
1731,0.074033,96.8750,517.85
1732,0.135292,93.7500,596.00
1733,0.199678,93.7500,497.45
1734,0.169596,90.6250,567.74
1735,0.116264,95.3125,508.58
1736,0.219582,93.7500,523.76
1737,0.225237,95.3125,587.29
1738,0.147098,96.8750,549.53
1739,0.056533,98.4375,537.29
1740,0.118089,93.7500,502.03
1741,0.319415,90.6250,591.58
1742,0.114183,93.7500,529.73
1743,0.103430,95.3125,584.59
1744,0.113674,95.3125,502.52
1745,0.075990,96.8750,620.16
1746,0.126613,93.7500,495.84
1747,0.167008,93.7500,567.82
1748,0.215068,93.7500,513.82
1749,0.102311,93.7500,569.59
1750,0.099180,95.3125,496.73
1751,0.189971,90.6250,500.27
1752,0.079246,96.8750,649.57
1753,0.075682,98.4375,495.71
1754,0.131548,96.8750,585.94
1755,0.262428,92.1875,495.21
1756,0.071043,96.8750,547.76
1757,0.050066,98.4375,538.77
1758,0.048777,98.4375,504.65
1759,0.268941,89.0625,658.23
1760,0.165631,92.1875,500.16
1761,0.157498,95.3125,648.02
1762,0.061554,98.4375,502.75
1763,0.137172,95.3125,566.25
1764,0.120754,95.3125,496.01
1765,0.184980,95.3125,515.90
1766,0.159319,93.7500,590.24
1767,0.311351,92.1875,543.99
1768,0.094761,95.3125,537.96
1769,0.177384,95.3125,563.73
1770,0.063600,98.4375,496.69
1771,0.099944,96.8750,577.52
1772,0.168299,92.1875,502.01
1773,0.118745,96.8750,525.53
1774,0.142923,92.1875,559.46
1775,0.202516,93.7500,568.37
1776,0.250461,92.1875,514.73
1777,0.071461,98.4375,500.04
1778,0.113935,96.8750,605.50
1779,0.267365,92.1875,502.36
1780,0.242110,95.3125,624.57
1781,0.076716,96.8750,499.08
1782,0.160422,95.3125,653.84
1783,0.130835,93.7500,500.79
1784,0.120517,95.3125,608.30
1785,0.069845,96.8750,501.81
1786,0.152452,93.7500,597.00
1787,0.174734,92.1875,505.13
1788,0.035316,100.0000,566.75
1789,0.108085,98.4375,503.08
1790,0.137803,93.7500,501.16
1791,0.157150,93.7500,645.91
1792,0.058283,98.4375,505.87
1793,0.042079,98.4375,631.67
1794,0.045177,100.0000,522.62
1795,0.192177,95.3125,593.00
1796,0.092555,95.3125,555.62
1797,0.145431,93.7500,518.49
1798,0.175955,90.6250,573.06
1799,0.322259,90.6250,500.01
1800,0.145845,95.3125,594.95
1801,0.103812,95.3125,503.19
1802,0.113697,95.3125,587.54
1803,0.053023,98.4375,502.87
1804,0.168849,93.7500,591.90
1805,0.099497,96.8750,501.67
1806,0.117988,95.3125,507.49
1807,0.106526,96.8750,601.14
1808,0.203013,96.8750,506.02
1809,0.119011,95.3125,601.98
1810,0.192092,90.6250,545.35
1811,0.103044,95.3125,553.88
1812,0.041761,98.4375,501.61
1813,0.148414,92.1875,619.62
1814,0.079594,98.4375,501.88
1815,0.091879,98.4375,582.85
1816,0.225543,95.3125,500.24
1817,0.207028,89.0625,523.71
1818,0.196481,92.1875,600.15
1819,0.077517,96.8750,501.70
1820,0.125203,95.3125,598.64
1821,0.133546,93.7500,494.10
1822,0.052619,98.4375,552.49
1823,0.223434,92.1875,550.34
1824,0.082549,96.8750,498.84
1825,0.153877,92.1875,608.23
1826,0.071237,96.8750,501.11
1827,0.074763,96.8750,574.89
1828,0.061750,98.4375,504.57
1829,0.213569,89.0625,595.45
1830,0.076611,96.8750,494.52
1831,0.077036,98.4375,543.69
1832,0.115697,95.3125,552.67
1833,0.059177,98.4375,501.28
1834,0.087730,95.3125,588.56
1835,0.191425,93.7500,503.33
1836,0.123416,95.3125,565.11
1837,0.148480,95.3125,499.23
1838,0.150583,95.3125,604.76
1839,0.189755,96.8750,501.65
1840,0.267968,93.7500,498.55
1841,0.072276,95.3125,639.11
1842,0.090698,96.8750,499.34
1843,0.236135,93.7500,628.43
1844,0.060069,96.8750,506.02
1845,0.132524,93.7500,587.77
1846,0.036818,98.4375,501.68
1847,0.145264,96.8750,584.82
1848,0.184920,92.1875,499.17
1849,0.257639,93.7500,577.70
1850,0.101736,98.4375,502.08
1851,0.139359,92.1875,653.08
1852,0.030844,100.0000,495.83
1853,0.042889,98.4375,624.40
1854,0.062195,98.4375,500.29
1855,0.138546,95.3125,574.65
1856,0.116308,95.3125,497.29
1857,0.093897,95.3125,503.76
1858,0.209262,92.1875,599.48
1859,0.075984,98.4375,507.60
1860,0.119264,93.7500,638.03
1861,0.174523,93.7500,505.26
1862,0.228434,95.3125,585.67
1863,0.039382,98.4375,495.41
1864,0.186709,92.1875,576.33
1865,0.141576,93.7500,515.22
1866,0.052297,98.4375,500.49
1867,0.124803,93.7500,643.69
1868,0.129573,95.3125,498.78
1869,0.065215,98.4375,608.66
1870,0.152570,92.1875,496.04
1871,0.101876,95.3125,595.18
1872,0.116658,96.8750,497.83
1873,0.156236,93.7500,529.25
1874,0.116820,95.3125,559.11
1875,0.175661,93.7500,548.55
1876,0.165815,92.1875,549.68
1877,0.174981,90.6250,499.26
1878,0.112549,95.3125,631.45
1879,0.141612,96.8750,498.95
1880,0.035856,100.0000,559.90
1881,0.050478,100.0000,507.06
1882,0.087921,96.8750,594.33
1883,0.192822,92.1875,501.19
1884,0.167008,93.7500,499.78
1885,0.171012,95.3125,602.11
1886,0.127810,95.3125,501.35
1887,0.074601,98.4375,591.52
1888,0.111713,95.3125,501.18
1889,0.115974,96.8750,596.23
1890,0.199025,93.7500,511.19
1891,0.081689,95.3125,553.30
1892,0.242521,89.0625,524.18
1893,0.162064,93.7500,558.52
1894,0.106151,96.8750,498.49
1895,0.142508,93.7500,596.76
1896,0.193840,93.7500,505.93
1897,0.039851,98.4375,500.37
1898,0.094079,96.8750,626.02
1899,0.138184,93.7500,503.75
1900,0.188010,93.7500,616.15
1901,0.181140,95.3125,501.70
1902,0.211434,92.1875,563.36
1903,0.112306,95.3125,499.16
1904,0.170533,95.3125,588.35
1905,0.209338,89.0625,502.20
1906,0.081812,96.8750,574.03
1907,0.074172,96.8750,498.97
1908,0.128195,95.3125,548.41
1909,0.213047,89.0625,521.83
1910,0.282987,92.1875,500.24
1911,0.143127,95.3125,611.94
1912,0.052214,98.4375,501.17
1913,0.186363,92.1875,610.01
1914,0.011992,100.0000,499.83
1915,0.055319,100.0000,563.71
1916,0.072700,98.4375,506.38
1917,0.186424,93.7500,573.94
1918,0.085229,96.8750,508.11
1919,0.261379,87.5000,552.79
1920,0.088913,96.8750,530.42
1921,0.099104,96.8750,550.28
1922,0.146545,96.8750,539.59
1923,0.266708,92.1875,548.34
1924,0.104571,95.3125,556.34
1925,0.141483,92.1875,500.45
1926,0.113889,96.8750,613.07
1927,0.201593,90.6250,503.65
1928,0.175523,89.0625,562.00
1929,0.091325,96.8750,538.28
1930,0.282848,90.6250,521.54
1931,0.123232,93.7500,573.00
1932,0.130395,95.3125,499.04
1933,0.034766,98.4375,604.78
1934,0.151431,95.3125,501.15
1935,0.109621,92.1875,619.39
1936,0.087611,96.8750,517.30
1937,0.116035,92.1875,591.44
1938,0.052614,100.0000,581.15
1939,0.070276,98.4375,520.04
1940,0.139929,93.7500,505.38
1941,0.206968,90.6250,621.45
1942,0.200072,90.6250,499.12
1943,0.088624,98.4375,511.55
1944,0.101539,96.8750,609.78
1945,0.057298,96.8750,522.02
1946,0.126782,98.4375,574.83
1947,0.035018,100.0000,539.98
1948,0.161215,93.7500,550.53
1949,0.250583,90.6250,498.97
1950,0.039606,98.4375,587.02
1951,0.045926,100.0000,499.43
1952,0.152518,93.7500,569.98
1953,0.089640,96.8750,504.00
1954,0.065666,98.4375,558.67
1955,0.215303,90.6250,507.42
1956,0.125533,96.8750,505.00
1957,0.147367,93.7500,666.66
1958,0.160237,95.3125,497.29
1959,0.073513,96.8750,574.59
1960,0.087259,96.8750,500.89
1961,0.161583,93.7500,589.78
1962,0.112237,93.7500,498.64
1963,0.033124,98.4375,543.62
1964,0.072420,96.8750,551.40
1965,0.064609,95.3125,503.50
1966,0.090165,96.8750,601.32
1967,0.043666,100.0000,501.74
1968,0.103095,96.8750,527.60
1969,0.118829,95.3125,555.55
1970,0.166091,95.3125,499.22
1971,0.090728,98.4375,557.46
1972,0.151840,93.7500,497.42
1973,0.037797,98.4375,547.85
1974,0.089036,98.4375,528.03
1975,0.199907,92.1875,519.39
1976,0.149218,95.3125,587.40
1977,0.105047,95.3125,493.93
1978,0.224547,90.6250,609.49
1979,0.159695,95.3125,569.20
1980,0.068849,96.8750,529.26
1981,0.068861,98.4375,527.55
1982,0.084654,96.8750,547.54
1983,0.126212,96.8750,500.13
1984,0.082132,96.8750,624.68
1985,0.139504,93.7500,503.00
1986,0.146163,95.3125,522.94
1987,0.174010,93.7500,575.22
1988,0.109543,95.3125,519.81
1989,0.099586,98.4375,574.71
1990,0.251827,95.3125,505.36
1991,0.107339,96.8750,601.03
1992,0.056750,96.8750,503.56
1993,0.093771,98.4375,633.46
1994,0.230965,92.1875,499.22
1995,0.107789,96.8750,598.10
1996,0.079174,96.8750,502.48
1997,0.202739,95.3125,606.66
1998,0.202875,93.7500,534.47
1999,0.044974,100.0000,562.50
2000,0.261231,90.6250,503.60
2001,0.115966,95.3125,582.13
2002,0.185681,93.7500,499.04
2003,0.197493,92.1875,607.85
2004,0.129924,95.3125,503.14
2005,0.105177,95.3125,578.92
2006,0.042400,96.8750,496.38
2007,0.161166,98.4375,500.38
2008,0.076944,96.8750,612.71
2009,0.212145,93.7500,500.19
2010,0.080443,96.8750,567.67
2011,0.196124,93.7500,501.31
2012,0.225843,90.6250,503.65
2013,0.189291,93.7500,611.97
2014,0.067704,100.0000,497.59
2015,0.052420,100.0000,609.18
2016,0.180782,93.7500,498.51
2017,0.158307,96.8750,656.62
2018,0.126526,95.3125,502.45
2019,0.131020,93.7500,652.61
2020,0.050017,100.0000,498.55
2021,0.058837,100.0000,563.21
2022,0.194630,92.1875,500.28
2023,0.057912,96.8750,504.07
2024,0.154833,98.4375,597.25
2025,0.054958,98.4375,549.64
2026,0.184363,92.1875,520.32
2027,0.197171,89.0625,494.29
2028,0.113944,95.3125,610.70
2029,0.087624,98.4375,504.32
2030,0.102263,93.7500,589.61
2031,0.059828,98.4375,499.52
2032,0.115987,95.3125,589.16
2033,0.033870,100.0000,501.22
2034,0.098999,96.8750,568.09
2035,0.092573,96.8750,499.91
2036,0.105088,95.3125,544.79
2037,0.208730,95.3125,525.45
2038,0.096964,95.3125,548.37
2039,0.227016,95.3125,537.51
2040,0.150804,93.7500,503.46
2041,0.068519,96.8750,599.13
2042,0.109050,96.8750,498.68
2043,0.211927,90.6250,499.64
2044,0.071150,98.4375,602.26
2045,0.100757,98.4375,543.66
2046,0.101794,95.3125,552.47
2047,0.048037,98.4375,496.54
2048,0.057451,98.4375,598.96
2049,0.194157,93.7500,501.36
2050,0.245818,90.6250,557.83
2051,0.278375,90.6250,557.51
2052,0.312427,89.0625,561.74
2053,0.103988,98.4375,506.41
2054,0.280789,93.7500,503.81
2055,0.072766,98.4375,652.69
2056,0.069000,96.8750,500.20
2057,0.058540,100.0000,553.46
2058,0.430070,90.6250,519.40
2059,0.146318,95.3125,554.17
2060,0.109345,96.8750,549.95
2061,0.213643,93.7500,498.31
2062,0.144424,95.3125,600.35
2063,0.180816,92.1875,501.24
2064,0.099735,98.4375,575.09
2065,0.181247,92.1875,504.88
2066,0.086720,98.4375,502.09
2067,0.113551,95.3125,645.84
2068,0.220674,92.1875,502.97
2069,0.063281,98.4375,582.15
2070,0.053256,98.4375,502.29
2071,0.070623,96.8750,574.17
2072,0.134219,95.3125,498.92
2073,0.122782,98.4375,517.10
2074,0.101981,96.8750,588.02
2075,0.177951,95.3125,503.42
2076,0.132365,93.7500,633.44
2077,0.217503,92.1875,505.65
2078,0.095253,95.3125,574.17
2079,0.089826,96.8750,497.78
2080,0.189558,93.7500,557.12
2081,0.081343,96.8750,524.00
2082,0.137511,93.7500,494.95
2083,0.135051,93.7500,633.46
2084,0.029805,100.0000,502.39
2085,0.266825,89.0625,553.75
2086,0.112254,95.3125,510.66
2087,0.134908,93.7500,496.97
2088,0.174460,96.8750,570.87
2089,0.121245,93.7500,494.73
2090,0.128162,93.7500,574.97
2091,0.085226,96.8750,498.81
2092,0.072851,98.4375,501.95
2093,0.169336,93.7500,615.94
2094,0.024552,100.0000,499.28
2095,0.137932,95.3125,561.87
2096,0.106540,95.3125,495.26
2097,0.069112,98.4375,494.71
2098,0.071170,98.4375,603.74
2099,0.078351,95.3125,499.22
2100,0.201830,95.3125,602.39
2101,0.141590,92.1875,531.92
2102,0.104008,96.8750,567.99
2103,0.129156,95.3125,505.78
2104,0.038631,98.4375,609.70
2105,0.170207,93.7500,498.85
2106,0.065803,98.4375,590.81
2107,0.079881,95.3125,501.48
2108,0.160084,89.0625,576.01
2109,0.214353,92.1875,495.19
2110,0.069197,98.4375,514.33
2111,0.188642,93.7500,577.51
2112,0.070210,95.3125,498.95
2113,0.049475,98.4375,558.26
2114,0.068332,96.8750,517.27
2115,0.114362,98.4375,571.09
2116,0.082191,98.4375,503.42
2117,0.131124,96.8750,501.34
2118,0.119894,96.8750,637.12
2119,0.168613,92.1875,500.97
2120,0.137758,93.7500,529.14
2121,0.151010,93.7500,562.24
2122,0.189208,93.7500,501.09
2123,0.118317,98.4375,590.86
2124,0.146000,93.7500,501.29
2125,0.237908,90.6250,501.74
2126,0.119394,95.3125,597.88
2127,0.199948,90.6250,535.10
2128,0.205031,95.3125,543.60
2129,0.064274,95.3125,503.98
2130,0.267999,90.6250,616.32
2131,0.082270,98.4375,499.89
2132,0.131380,95.3125,573.60
2133,0.155565,95.3125,505.36
2134,0.038847,100.0000,576.44
2135,0.075318,96.8750,499.35
2136,0.089423,95.3125,507.60
2137,0.140335,96.8750,589.08
2138,0.130248,95.3125,524.86
2139,0.086198,98.4375,590.34
2140,0.055942,98.4375,498.65
2141,0.237632,90.6250,642.31
2142,0.168941,95.3125,502.05
2143,0.127800,95.3125,568.09
2144,0.138118,93.7500,528.67
2145,0.071221,98.4375,502.71
2146,0.128849,95.3125,633.44
2147,0.184067,90.6250,499.47
2148,0.117270,93.7500,575.81
2149,0.122456,95.3125,500.52
2150,0.130231,90.6250,499.62
2151,0.133177,96.8750,606.51
2152,0.077092,96.8750,495.28
2153,0.115436,95.3125,646.95
2154,0.173685,95.3125,505.56
2155,0.098111,96.8750,618.82
2156,0.143400,93.7500,510.82
2157,0.063028,96.8750,593.16
2158,0.092348,96.8750,499.89
2159,0.176118,98.4375,664.87
2160,0.134632,95.3125,505.34
2161,0.133201,93.7500,657.31
2162,0.103657,95.3125,498.41
2163,0.123079,96.8750,631.58
2164,0.097816,96.8750,499.78
2165,0.088080,96.8750,639.57
2166,0.024429,100.0000,497.11
2167,0.267087,92.1875,560.94
2168,0.081419,98.4375,503.10
2169,0.072610,98.4375,592.20
2170,0.178735,93.7500,497.72
2171,0.119058,95.3125,511.46
2172,0.130823,95.3125,592.75
2173,0.272160,90.6250,586.73
2174,0.109911,96.8750,514.64
2175,0.108017,95.3125,509.57
2176,0.199110,93.7500,643.83
2177,0.085529,93.7500,503.18
2178,0.236138,90.6250,631.75
2179,0.082466,98.4375,502.75
2180,0.079330,96.8750,601.81
2181,0.127074,95.3125,552.72
2182,0.119015,98.4375,550.06
2183,0.103523,96.8750,521.42
2184,0.101400,95.3125,590.84
2185,0.069159,98.4375,559.26
2186,0.130073,95.3125,533.25
2187,0.079743,98.4375,525.59
2188,0.087039,95.3125,572.68
2189,0.139211,95.3125,495.58
2190,0.078606,96.8750,634.71
2191,0.190919,92.1875,503.18
2192,0.127982,92.1875,642.12
2193,0.159108,95.3125,496.62
2194,0.127986,96.8750,608.67
2195,0.044138,100.0000,497.01
2196,0.139725,95.3125,651.32
2197,0.159148,93.7500,502.20
2198,0.039795,98.4375,577.60
2199,0.080445,98.4375,499.23
2200,0.212774,92.1875,561.21
2201,0.146931,95.3125,513.11
2202,0.194418,90.6250,500.18
2203,0.139776,93.7500,605.24
2204,0.028600,100.0000,496.16
2205,0.032246,100.0000,607.05
2206,0.068899,96.8750,497.29
2207,0.148270,92.1875,566.76
2208,0.167283,95.3125,526.74
2209,0.138186,96.8750,516.04
2210,0.187229,95.3125,600.21
2211,0.088446,96.8750,506.25
2212,0.098959,95.3125,580.70
2213,0.048927,98.4375,499.62
2214,0.256338,90.6250,553.61
2215,0.168648,92.1875,523.80
2216,0.196136,92.1875,501.96
2217,0.196317,93.7500,641.40
2218,0.068677,96.8750,499.63
2219,0.235921,93.7500,590.22
2220,0.088229,96.8750,507.20
2221,0.061019,98.4375,637.96
2222,0.246637,93.7500,498.17
2223,0.084894,96.8750,579.66
2224,0.117781,96.8750,497.97
2225,0.131232,96.8750,621.64
2226,0.092581,96.8750,501.37
2227,0.078025,98.4375,652.01
2228,0.032305,100.0000,502.19
2229,0.096934,96.8750,597.10
2230,0.095410,96.8750,503.07
2231,0.051184,98.4375,620.84
2232,0.253888,93.7500,501.68
2233,0.108397,95.3125,581.50
2234,0.037638,98.4375,500.62
2235,0.081109,96.8750,552.02
2236,0.167616,95.3125,549.52
2237,0.089560,96.8750,507.27
2238,0.130318,93.7500,611.69
2239,0.201362,92.1875,500.93
2240,0.053088,98.4375,531.10
2241,0.114110,96.8750,571.86
2242,0.140039,93.7500,574.95
2243,0.106792,98.4375,515.40
2244,0.240260,93.7500,499.15
2245,0.243026,95.3125,634.82
2246,0.097396,95.3125,499.08
2247,0.125531,96.8750,604.35
2248,0.089492,95.3125,507.66
2249,0.143308,93.7500,652.74
2250,0.069279,95.3125,498.35
2251,0.231261,90.6250,568.90
2252,0.148813,93.7500,502.07
2253,0.049718,98.4375,496.28
2254,0.120274,95.3125,652.70
2255,0.075986,95.3125,501.94
2256,0.107467,98.4375,657.87
2257,0.071304,96.8750,500.38
2258,0.105118,95.3125,588.15
2259,0.091698,98.4375,501.53
2260,0.072868,98.4375,563.90
2261,0.096343,96.8750,524.42
2262,0.155950,95.3125,506.41
2263,0.168762,92.1875,605.44
2264,0.067010,96.8750,494.87
2265,0.094814,96.8750,571.25
2266,0.119285,95.3125,499.88
2267,0.290371,89.0625,546.90
2268,0.097919,96.8750,529.96
2269,0.137705,96.8750,503.21
2270,0.081020,98.4375,657.59
2271,0.131170,95.3125,498.32
2272,0.102488,98.4375,608.25
2273,0.228686,93.7500,502.66
2274,0.083161,95.3125,498.63
2275,0.114456,95.3125,614.32
2276,0.048092,96.8750,499.85
2277,0.143519,95.3125,591.85
2278,0.270546,92.1875,503.26
2279,0.085119,96.8750,496.98
2280,0.184285,95.3125,594.82
2281,0.121713,95.3125,498.04
2282,0.101521,98.4375,600.13
2283,0.184226,93.7500,497.61
2284,0.103540,96.8750,663.73
2285,0.169089,95.3125,499.22
2286,0.121845,96.8750,588.83
2287,0.020718,100.0000,501.20
2288,0.111215,96.8750,496.43
2289,0.247433,89.0625,606.67
2290,0.102052,93.7500,500.07
2291,0.143056,93.7500,605.73
2292,0.193087,92.1875,498.89
2293,0.152110,92.1875,633.18
2294,0.133025,92.1875,500.71
2295,0.175704,89.0625,601.62
2296,0.145394,93.7500,500.49
2297,0.131436,95.3125,635.86
2298,0.124963,95.3125,495.92
2299,0.099647,96.8750,553.83
2300,0.061857,96.8750,525.49
2301,0.151559,95.3125,498.80
2302,0.128829,96.8750,590.24
2303,0.142840,93.7500,499.12
2304,0.047366,98.4375,607.85
2305,0.039989,98.4375,498.43
2306,0.064264,96.8750,496.35
2307,0.085652,96.8750,622.74
2308,0.062235,98.4375,495.87
2309,0.190391,90.6250,557.15
2310,0.068446,98.4375,497.24
2311,0.191791,92.1875,497.80
2312,0.115211,96.8750,634.45
2313,0.151635,92.1875,497.51
2314,0.052019,98.4375,549.48
2315,0.070275,96.8750,538.82
2316,0.112907,95.3125,497.93
2317,0.118343,95.3125,645.68
2318,0.344393,92.1875,499.13
2319,0.191054,90.6250,605.67
2320,0.080253,96.8750,536.73
2321,0.212365,92.1875,543.80
2322,0.064301,96.8750,500.28
2323,0.045371,98.4375,616.51
2324,0.211351,93.7500,532.46
2325,0.146466,96.8750,566.14
2326,0.242588,89.0625,499.16
2327,0.121395,96.8750,629.20
2328,0.100012,95.3125,510.78
2329,0.188678,93.7500,592.61
2330,0.093270,96.8750,555.55
2331,0.057314,96.8750,539.16
2332,0.075107,98.4375,519.92
2333,0.103873,93.7500,584.23
2334,0.048075,98.4375,535.26
2335,0.045709,98.4375,540.48
2336,0.156190,92.1875,500.21
2337,0.088527,96.8750,594.82
2338,0.048138,100.0000,698.96
2339,0.087887,96.8750,564.10
2340,0.155782,92.1875,501.90
2341,0.143155,96.8750,521.86
2342,0.208593,93.7500,592.71
2343,0.176714,93.7500,498.47
2344,0.094828,96.8750,607.64
2345,0.168442,92.1875,541.81
2346,0.084523,98.4375,571.66
2347,0.034833,100.0000,551.14
2348,0.129275,96.8750,521.95
2349,0.115564,96.8750,497.02
2350,0.225096,92.1875,643.69
2351,0.050217,96.8750,524.60
2352,0.110220,93.7500,575.64
2353,0.071009,98.4375,537.53
2354,0.065280,96.8750,549.59
2355,0.129632,95.3125,550.07
2356,0.076680,98.4375,500.63
2357,0.105448,95.3125,571.51
2358,0.071950,98.4375,643.15
2359,0.124947,95.3125,508.45
2360,0.108227,96.8750,591.18
2361,0.147816,92.1875,498.14
2362,0.149055,90.6250,578.42
2363,0.026309,100.0000,497.50
2364,0.094558,98.4375,659.12
2365,0.178009,95.3125,502.05
2366,0.101449,95.3125,641.61
2367,0.053379,96.8750,501.80
2368,0.083897,95.3125,550.20
2369,0.186586,90.6250,540.28
2370,0.123635,96.8750,537.53
2371,0.216697,92.1875,548.58
2372,0.129473,95.3125,496.96
2373,0.181027,92.1875,590.84
2374,0.112482,96.8750,498.88
2375,0.036628,98.4375,543.27
2376,0.244841,90.6250,559.02
2377,0.189217,90.6250,497.51
2378,0.214099,92.1875,564.23
2379,0.198368,93.7500,499.05
2380,0.038315,100.0000,503.09
2381,0.193952,93.7500,597.88
2382,0.201664,93.7500,505.58
2383,0.098336,95.3125,581.33
2384,0.064449,98.4375,501.19
2385,0.128635,95.3125,498.44
2386,0.123436,93.7500,641.16
2387,0.117206,93.7500,526.17
2388,0.205579,92.1875,589.68
2389,0.104527,96.8750,496.74
2390,0.055461,96.8750,583.10
2391,0.094342,98.4375,500.23
2392,0.079618,96.8750,600.64
2393,0.112738,96.8750,506.11
2394,0.056145,98.4375,627.18
2395,0.173722,93.7500,499.59
2396,0.066814,98.4375,581.05
2397,0.122740,95.3125,516.51
2398,0.212512,95.3125,551.32
2399,0.064236,96.8750,546.79
2400,0.128762,96.8750,530.99
2401,0.070109,96.8750,562.70
2402,0.084192,98.4375,501.77
2403,0.098592,98.4375,548.02
2404,0.108722,93.7500,505.48
2405,0.036945,98.4375,564.56
2406,0.118488,95.3125,504.40
2407,0.173268,93.7500,536.15
2408,0.156564,93.7500,563.15
2409,0.075347,96.8750,500.71
2410,0.139377,95.3125,635.22
2411,0.172204,92.1875,497.89
2412,0.037930,98.4375,656.49
2413,0.142161,96.8750,503.45
2414,0.142479,93.7500,579.83
2415,0.199656,92.1875,500.21
2416,0.136224,93.7500,567.62
2417,0.064109,96.8750,500.04
2418,0.138483,90.6250,519.60
2419,0.128546,93.7500,607.47
2420,0.105749,95.3125,507.49
2421,0.102872,98.4375,613.53
2422,0.102541,96.8750,500.91
2423,0.178695,93.7500,554.14
2424,0.114293,95.3125,524.72
2425,0.296676,92.1875,500.68
2426,0.208762,93.7500,640.58
2427,0.107315,95.3125,498.59
2428,0.042387,98.4375,596.69
2429,0.216521,92.1875,499.94
2430,0.222105,92.1875,565.12
2431,0.299881,87.5000,509.66
2432,0.150447,95.3125,554.16
2433,0.090763,96.8750,530.85
2434,0.188023,92.1875,495.39
2435,0.125449,96.8750,606.66
2436,0.198794,92.1875,494.44
2437,0.081744,96.8750,585.46
2438,0.098256,96.8750,497.57
2439,0.071757,96.8750,575.85
2440,0.366374,87.5000,496.65
2441,0.113825,96.8750,496.36
2442,0.260192,93.7500,589.65
2443,0.078422,96.8750,495.83
2444,0.096298,96.8750,575.96
2445,0.264892,90.6250,504.91
2446,0.156130,92.1875,553.06
2447,0.094254,96.8750,682.92
2448,0.209568,90.6250,500.27
2449,0.075058,98.4375,613.24
2450,0.206877,93.7500,506.69
2451,0.086907,95.3125,586.09
2452,0.132694,95.3125,500.04
2453,0.102744,98.4375,595.09
2454,0.132911,95.3125,501.32
2455,0.177848,92.1875,562.49
2456,0.124850,95.3125,518.12
2457,0.208235,93.7500,501.46
2458,0.039080,100.0000,643.20
2459,0.200820,90.6250,496.36
2460,0.055064,98.4375,586.67
2461,0.205426,95.3125,498.81
2462,0.065223,96.8750,649.61
2463,0.198404,96.8750,493.74
2464,0.029571,100.0000,528.20
2465,0.219033,89.0625,556.09
2466,0.079859,98.4375,499.15
2467,0.204401,96.8750,600.54
2468,0.073492,95.3125,506.01
2469,0.054487,98.4375,500.54
2470,0.076587,98.4375,638.96
2471,0.082926,96.8750,497.73
2472,0.079528,96.8750,615.76
2473,0.122676,96.8750,498.34
2474,0.048599,100.0000,576.89
2475,0.069812,96.8750,502.67
2476,0.204714,95.3125,615.05
2477,0.137956,95.3125,500.86
2478,0.129569,96.8750,546.44
2479,0.266773,89.0625,535.61
2480,0.189769,95.3125,497.77
2481,0.091865,96.8750,625.30
2482,0.094280,98.4375,500.32
2483,0.147748,95.3125,593.75
2484,0.121601,95.3125,501.33
2485,0.190086,93.7500,593.84
2486,0.242549,92.1875,500.76
2487,0.059930,98.4375,641.85
2488,0.058490,98.4375,501.07
2489,0.074578,96.8750,533.94
2490,0.070035,98.4375,562.17
2491,0.123322,95.3125,503.84
2492,0.144239,93.7500,622.12
2493,0.163573,93.7500,500.22
2494,0.290371,92.1875,570.67
2495,0.033203,98.4375,500.03
2496,0.085812,98.4375,499.26
2497,0.154822,93.7500,603.16
2498,0.204560,96.8750,544.65
2499,0.047771,100.0000,550.45
2500,0.053298,98.4375,535.11
2501,0.129445,95.3125,558.46
2502,0.101073,93.7500,498.58
2503,0.133046,95.3125,557.86
2504,0.079041,96.8750,502.40
2505,0.206208,92.1875,587.73
2506,0.190179,93.7500,497.54
2507,0.118398,95.3125,634.54
2508,0.259445,95.3125,498.29
2509,0.089081,96.8750,613.90
2510,0.104116,98.4375,496.78
2511,0.136240,93.7500,593.06
2512,0.091947,93.7500,503.69
2513,0.096853,95.3125,605.58
2514,0.051139,98.4375,499.02
2515,0.170458,95.3125,633.68
2516,0.101680,95.3125,526.75
2517,0.055473,98.4375,521.97
2518,0.132235,96.8750,599.17
2519,0.076526,95.3125,539.17
2520,0.121188,95.3125,545.78
2521,0.169309,93.7500,577.91
2522,0.077338,96.8750,504.37
2523,0.078112,98.4375,568.29
2524,0.152963,95.3125,501.57
2525,0.132527,95.3125,589.53
2526,0.121309,95.3125,498.38
2527,0.218933,93.7500,496.74
2528,0.104403,93.7500,595.08
2529,0.082942,96.8750,500.94
2530,0.172273,90.6250,585.61
2531,0.101854,95.3125,504.30
2532,0.149768,95.3125,541.27
2533,0.076751,98.4375,592.72
2534,0.153858,92.1875,844.19
2535,0.119466,95.3125,891.65
2536,0.073848,96.8750,908.91
2537,0.199611,95.3125,882.45
2538,0.239018,90.6250,881.37
2539,0.085536,96.8750,922.91
2540,0.221950,92.1875,908.90
2541,0.047520,98.4375,892.59
2542,0.047810,100.0000,497.53
2543,0.160718,92.1875,502.28
2544,0.112007,96.8750,638.22
2545,0.034498,100.0000,500.56
2546,0.211085,90.6250,601.99
2547,0.086886,96.8750,509.53
2548,0.069944,98.4375,583.54
2549,0.162556,96.8750,522.47
2550,0.052440,96.8750,565.55
2551,0.096268,95.3125,503.82
2552,0.152633,95.3125,565.40
2553,0.179272,93.7500,498.46
2554,0.233069,92.1875,505.36
2555,0.141966,92.1875,595.23
2556,0.128185,95.3125,502.73
2557,0.206687,93.7500,592.72
2558,0.136661,92.1875,504.31
2559,0.166602,89.0625,596.96
2560,0.041147,100.0000,500.05
2561,0.041419,98.4375,654.82
2562,0.101370,96.8750,501.83
2563,0.122639,98.4375,599.29
2564,0.146562,95.3125,500.21
2565,0.072719,95.3125,577.53
2566,0.245290,90.6250,499.05
2567,0.101441,95.3125,501.96
2568,0.181147,92.1875,593.25
2569,0.081776,98.4375,499.68
2570,0.283990,87.5000,102.14
