batch_idx,loss,accuracy,time_ms
1,0.257443,93.7500,591.25
2,0.176326,92.1875,494.74
3,0.287554,89.0625,501.87
4,0.330240,90.6250,650.86
5,0.211728,90.6250,497.98
6,0.093597,98.4375,664.54
7,0.367587,84.3750,515.84
8,0.211977,93.7500,627.04
9,0.187108,90.6250,509.26
10,0.255227,89.0625,596.54
11,0.139911,93.7500,505.60
12,0.147464,95.3125,597.40
13,0.312354,90.6250,509.35
14,0.283239,90.6250,506.72
15,0.086287,98.4375,604.47
16,0.342550,85.9375,507.69
17,0.171832,95.3125,652.91
18,0.102969,95.3125,526.30
19,0.239640,92.1875,590.08
20,0.308632,89.0625,509.63
21,0.582838,84.3750,577.21
22,0.160470,96.8750,507.82
23,0.142493,95.3125,507.43
24,0.203967,93.7500,618.95
25,0.056374,98.4375,510.92
26,0.082176,98.4375,589.89
27,0.129731,95.3125,512.16
28,0.232569,93.7500,641.85
29,0.219378,93.7500,506.64
30,0.277060,92.1875,653.46
31,0.142405,93.7500,510.07
32,0.267843,90.6250,593.39
33,0.274869,92.1875,510.16
34,0.198359,92.1875,588.24
35,0.339694,85.9375,510.49
36,0.240344,92.1875,581.92
37,0.161676,93.7500,511.12
38,0.320189,89.0625,516.77
39,0.261020,92.1875,603.40
40,0.226643,92.1875,507.69
41,0.410294,89.0625,593.34
42,0.097272,96.8750,515.80
43,0.227916,93.7500,548.91
44,0.112219,96.8750,542.78
45,0.294688,89.0625,546.05
46,0.184319,93.7500,673.56
47,0.284363,90.6250,525.33
48,0.271593,90.6250,601.92
49,0.195035,93.7500,505.48
50,0.224749,92.1875,590.88
51,0.149483,93.7500,509.87
52,0.224710,93.7500,567.80
53,0.179964,90.6250,507.44
54,0.218141,93.7500,598.92
55,0.180329,93.7500,513.75
56,0.155795,93.7500,641.08
57,0.284401,85.9375,513.14
58,0.124286,96.8750,526.58
59,0.209002,93.7500,583.94
60,0.222968,89.0625,557.72
61,0.108612,96.8750,526.47
62,0.282444,93.7500,558.55
63,0.095525,98.4375,563.98
64,0.101138,96.8750,571.83
65,0.178371,93.7500,513.32
66,0.190671,92.1875,619.60
67,0.246570,92.1875,518.32
68,0.135286,93.7500,633.86
69,0.073399,98.4375,551.60
70,0.157614,92.1875,560.67
71,0.155512,95.3125,572.82
72,0.168790,93.7500,525.78
73,0.254978,93.7500,563.51
74,0.253968,95.3125,513.21
75,0.150058,93.7500,595.26
76,0.355605,90.6250,509.08
77,0.259619,92.1875,558.39
78,0.205580,92.1875,565.38
79,0.218844,92.1875,509.25
80,0.199409,95.3125,646.77
81,0.210410,92.1875,508.03
82,0.219013,90.6250,579.14
83,0.266182,92.1875,508.78
84,0.215358,92.1875,583.65
85,0.434973,87.5000,506.21
86,0.163816,98.4375,559.07
87,0.161039,95.3125,543.97
88,0.173985,93.7500,508.96
89,0.138648,96.8750,646.30
90,0.180090,92.1875,538.11
91,0.103148,95.3125,572.42
92,0.028449,100.0000,509.45
93,0.189795,92.1875,586.40
94,0.079329,96.8750,514.67
95,0.265537,92.1875,567.75
96,0.150424,92.1875,567.07
97,0.306496,92.1875,491.63
98,0.295838,87.5000,494.91
99,0.197406,90.6250,611.84
100,0.053145,96.8750,495.10
101,0.226958,92.1875,548.06
102,0.153539,95.3125,542.50
103,0.310828,95.3125,535.31
104,0.227170,92.1875,539.40
105,0.172413,95.3125,494.34
106,0.104293,95.3125,582.94
107,0.148960,96.8750,496.47
108,0.239670,89.0625,506.01
109,0.152197,93.7500,565.05
110,0.374719,85.9375,513.11
111,0.161295,98.4375,567.10
112,0.280322,90.6250,495.73
113,0.262649,95.3125,552.18
114,0.149110,96.8750,496.26
115,0.232565,92.1875,496.48
116,0.174108,93.7500,626.03
117,0.270970,93.7500,489.83
118,0.210678,92.1875,539.67
119,0.130457,96.8750,529.86
120,0.206927,92.1875,490.72
121,0.225909,93.7500,618.09
122,0.152611,93.7500,496.09
123,0.098121,95.3125,600.23
124,0.188219,92.1875,493.31
125,0.142672,96.8750,557.69
126,0.134564,95.3125,490.89
127,0.183790,90.6250,542.26
128,0.237253,92.1875,543.28
129,0.201952,90.6250,498.48
130,0.187209,89.0625,625.06
131,0.249149,90.6250,494.64
132,0.300991,92.1875,519.00
133,0.173903,93.7500,539.59
134,0.227401,89.0625,495.54
135,0.164838,92.1875,583.11
136,0.197589,93.7500,490.04
137,0.261799,85.9375,646.57
138,0.273922,85.9375,487.17
139,0.249396,92.1875,573.66
140,0.182575,93.7500,504.69
141,0.145326,90.6250,615.61
142,0.219038,92.1875,488.86
143,0.142551,95.3125,486.49
144,0.076774,96.8750,579.24
145,0.285369,93.7500,485.78
146,0.215885,93.7500,640.61
147,0.215818,92.1875,491.36
148,0.163763,90.6250,634.87
149,0.227183,90.6250,494.46
150,0.170453,96.8750,559.02
151,0.299860,87.5000,493.03
152,0.133597,95.3125,582.65
153,0.154343,93.7500,492.59
154,0.196067,93.7500,559.80
155,0.175368,96.8750,494.70
156,0.168513,92.1875,519.59
157,0.232069,92.1875,560.95
158,0.112383,96.8750,494.60
159,0.110296,93.7500,598.44
160,0.208942,90.6250,495.13
161,0.170097,95.3125,602.71
162,0.297178,90.6250,493.19
163,0.093731,96.8750,598.89
164,0.078167,96.8750,496.81
165,0.108644,96.8750,582.32
166,0.156124,95.3125,497.62
167,0.403470,85.9375,497.32
168,0.112454,95.3125,646.95
169,0.164887,96.8750,494.09
170,0.230580,92.1875,630.19
171,0.221762,93.7500,495.17
172,0.061098,98.4375,495.47
173,0.140845,93.7500,590.75
174,0.222485,92.1875,490.88
175,0.088698,96.8750,653.47
176,0.091004,95.3125,502.94
177,0.219754,90.6250,547.78
178,0.309060,85.9375,542.28
179,0.122231,96.8750,538.54
180,0.272055,92.1875,524.36
181,0.103222,95.3125,543.28
182,0.252319,89.0625,544.09
183,0.199194,90.6250,497.07
184,0.287093,87.5000,599.92
185,0.132912,95.3125,495.32
186,0.138262,95.3125,556.41
187,0.234427,92.1875,495.43
188,0.258112,90.6250,494.48
189,0.058577,100.0000,581.67
190,0.230979,89.0625,497.22
191,0.148260,95.3125,575.63
192,0.273970,89.0625,493.10
193,0.139069,93.7500,524.54
194,0.258712,90.6250,553.22
195,0.274775,90.6250,492.26
196,0.205896,89.0625,580.06
197,0.234706,90.6250,493.49
198,0.121952,96.8750,494.31
199,0.293531,93.7500,593.25
200,0.158687,93.7500,494.40
201,0.296455,92.1875,634.45
202,0.063007,96.8750,491.80
203,0.163454,89.0625,568.57
204,0.256926,90.6250,494.44
205,0.297518,85.9375,493.47
206,0.147253,93.7500,609.45
207,0.194857,93.7500,492.44
208,0.270136,90.6250,607.45
209,0.243524,90.6250,494.17
210,0.147688,93.7500,576.85
211,0.161952,96.8750,492.55
212,0.193887,93.7500,490.98
213,0.199480,95.3125,639.79
214,0.100167,98.4375,506.24
215,0.180829,96.8750,548.12
216,0.197392,93.7500,533.10
217,0.123937,95.3125,493.20
218,0.132582,95.3125,578.38
219,0.203271,95.3125,493.36
220,0.174250,95.3125,534.50
221,0.114731,96.8750,548.15
222,0.322172,89.0625,499.23
223,0.131435,96.8750,599.87
224,0.114381,96.8750,494.76
225,0.204379,95.3125,542.35
226,0.140853,95.3125,524.71
227,0.195979,92.1875,494.14
228,0.150189,95.3125,602.00
229,0.134402,95.3125,491.62
230,0.130776,93.7500,569.63
231,0.154997,93.7500,491.28
232,0.222334,90.6250,554.51
233,0.177753,95.3125,494.26
234,0.183495,95.3125,492.18
235,0.144526,92.1875,614.10
236,0.167843,92.1875,494.57
237,0.213287,89.0625,544.89
238,0.240436,85.9375,522.20
239,0.244148,92.1875,495.96
240,0.095460,96.8750,581.77
241,0.232110,90.6250,494.32
242,0.191723,95.3125,569.51
243,0.153567,93.7500,491.27
244,0.200763,95.3125,555.42
245,0.152771,95.3125,495.46
246,0.158840,92.1875,571.58
247,0.342886,89.0625,493.34
248,0.384741,84.3750,553.68
249,0.264143,92.1875,491.79
250,0.175663,95.3125,562.67
251,0.252377,92.1875,504.11
252,0.194781,95.3125,553.10
253,0.137309,95.3125,492.51
254,0.172729,95.3125,492.67
255,0.355809,85.9375,627.86
256,0.297347,87.5000,494.78
257,0.156855,95.3125,553.12
258,0.211464,90.6250,495.21
259,0.207513,90.6250,493.67
260,0.050565,100.0000,615.66
261,0.092316,96.8750,493.81
262,0.302274,90.6250,640.53
263,0.149457,96.8750,494.69
264,0.275222,89.0625,536.75
265,0.182067,93.7500,514.75
266,0.284842,89.0625,565.14
267,0.137917,95.3125,498.58
268,0.248384,92.1875,558.97
269,0.108982,95.3125,510.09
270,0.156907,95.3125,501.30
271,0.128380,95.3125,634.28
272,0.142877,92.1875,493.41
273,0.165745,95.3125,494.23
274,0.158813,93.7500,594.23
275,0.207783,93.7500,529.53
276,0.077730,95.3125,517.52
277,0.139187,95.3125,535.60
278,0.135127,92.1875,542.05
279,0.146682,93.7500,500.09
280,0.178818,92.1875,605.83
281,0.319274,87.5000,499.55
282,0.251790,98.4375,646.59
283,0.261407,95.3125,493.59
284,0.166416,92.1875,615.69
285,0.271891,87.5000,514.66
286,0.138593,95.3125,579.37
287,0.080105,96.8750,491.87
288,0.141713,93.7500,602.58
289,0.157953,93.7500,505.65
290,0.303826,92.1875,638.89
291,0.147039,95.3125,496.74
292,0.126629,95.3125,560.33
293,0.140543,95.3125,493.71
294,0.192591,93.7500,495.91
295,0.340095,85.9375,641.97
296,0.204511,90.6250,495.18
297,0.206155,92.1875,641.80
298,0.139217,96.8750,493.18
299,0.233160,92.1875,559.03
300,0.175372,92.1875,494.72
301,0.229445,87.5000,548.61
302,0.178896,92.1875,521.18
303,0.103467,98.4375,554.76
304,0.218166,90.6250,497.22
305,0.317459,92.1875,537.49
306,0.146276,96.8750,553.45
307,0.096253,95.3125,524.86
308,0.348066,84.3750,559.95
309,0.163987,95.3125,495.20
310,0.060189,96.8750,584.76
311,0.155598,95.3125,496.67
312,0.155886,93.7500,583.61
313,0.359406,85.9375,494.17
314,0.153374,93.7500,548.80
315,0.187148,90.6250,494.00
316,0.195440,92.1875,592.36
317,0.129377,93.7500,491.01
318,0.173001,95.3125,508.95
319,0.208440,92.1875,593.98
320,0.237047,92.1875,492.47
321,0.181079,93.7500,547.35
322,0.158560,93.7500,491.74
323,0.186076,90.6250,564.53
324,0.322191,92.1875,494.31
325,0.079021,96.8750,562.99
326,0.124525,96.8750,499.11
327,0.175452,93.7500,491.87
328,0.109519,96.8750,602.43
329,0.134052,96.8750,509.20
330,0.264476,90.6250,570.09
331,0.146900,93.7500,493.08
332,0.098257,95.3125,617.01
333,0.193234,92.1875,489.90
334,0.174561,92.1875,555.53
335,0.310795,92.1875,498.60
336,0.084874,96.8750,515.16
337,0.116041,95.3125,570.13
338,0.176178,95.3125,498.40
339,0.205729,95.3125,615.93
340,0.169992,93.7500,493.46
341,0.325342,87.5000,549.63
342,0.359178,87.5000,538.08
343,0.214712,92.1875,492.17
344,0.076109,98.4375,650.14
345,0.160872,93.7500,501.87
346,0.131655,95.3125,538.23
347,0.245759,90.6250,547.43
348,0.151262,95.3125,527.42
349,0.104048,95.3125,558.45
350,0.126446,93.7500,561.33
351,0.255309,92.1875,494.34
352,0.118392,95.3125,560.50
353,0.165625,93.7500,499.24
354,0.176897,92.1875,544.69
355,0.085468,96.8750,529.58
356,0.220317,92.1875,495.86
357,0.315526,85.9375,554.40
358,0.226427,95.3125,493.78
359,0.071093,96.8750,497.30
360,0.170638,93.7500,592.38
361,0.225555,92.1875,493.92
362,0.247214,93.7500,659.35
363,0.214089,92.1875,510.17
364,0.219522,92.1875,629.68
365,0.225434,89.0625,496.68
366,0.156383,95.3125,628.00
367,0.229353,90.6250,493.12
368,0.128361,95.3125,655.78
369,0.245943,89.0625,496.42
370,0.346314,89.0625,576.72
371,0.119729,95.3125,511.13
372,0.230696,87.5000,505.56
373,0.163581,92.1875,627.76
374,0.110199,95.3125,516.67
375,0.221613,90.6250,572.13
376,0.125827,95.3125,501.71
377,0.068658,98.4375,577.66
378,0.176923,95.3125,522.04
379,0.120013,95.3125,549.61
380,0.155931,92.1875,518.49
381,0.106658,95.3125,541.32
382,0.151756,95.3125,533.46
383,0.130198,95.3125,492.04
384,0.151967,93.7500,597.78
385,0.186496,90.6250,494.12
386,0.189155,93.7500,597.85
387,0.223942,92.1875,500.47
388,0.092795,95.3125,595.83
389,0.112890,95.3125,498.80
390,0.321561,87.5000,580.48
391,0.155288,92.1875,495.35
392,0.287386,89.0625,559.54
393,0.272074,89.0625,498.53
394,0.158518,93.7500,498.75
395,0.172086,93.7500,609.96
396,0.125610,95.3125,536.08
397,0.198968,92.1875,562.29
398,0.071044,98.4375,545.59
399,0.188217,90.6250,514.37
400,0.154099,93.7500,562.90
401,0.129065,96.8750,518.76
402,0.093315,100.0000,499.39
403,0.054847,98.4375,647.93
404,0.142259,96.8750,507.15
405,0.262918,92.1875,571.81
406,0.121431,96.8750,500.43
407,0.094503,96.8750,495.68
408,0.358068,93.7500,639.02
409,0.224698,90.6250,500.15
410,0.258339,93.7500,608.11
411,0.074382,98.4375,505.37
412,0.183503,90.6250,646.11
413,0.137716,96.8750,494.33
414,0.298339,93.7500,626.22
415,0.280428,85.9375,495.74
416,0.178876,93.7500,546.85
417,0.331488,87.5000,523.93
418,0.215992,95.3125,547.89
419,0.087279,98.4375,539.19
420,0.095818,93.7500,499.00
421,0.260715,92.1875,579.09
422,0.133170,93.7500,498.26
423,0.087080,98.4375,496.51
424,0.122630,98.4375,639.04
425,0.388344,85.9375,500.31
426,0.140061,96.8750,599.90
427,0.284827,90.6250,498.39
428,0.332564,90.6250,622.04
429,0.358127,90.6250,494.16
430,0.173921,93.7500,531.02
431,0.127615,93.7500,520.67
432,0.145351,96.8750,490.21
433,0.138800,95.3125,585.79
434,0.087658,98.4375,494.01
435,0.285543,85.9375,513.87
436,0.329033,89.0625,580.66
437,0.213791,93.7500,505.88
438,0.145092,93.7500,610.74
439,0.219680,93.7500,500.14
440,0.142352,96.8750,601.49
441,0.149041,92.1875,498.17
442,0.156014,92.1875,580.70
443,0.283801,92.1875,525.49
444,0.274338,85.9375,554.13
445,0.189921,93.7500,498.06
446,0.145612,95.3125,632.38
447,0.188923,92.1875,495.57
448,0.108070,95.3125,579.93
449,0.370897,85.9375,497.06
450,0.142527,95.3125,590.07
451,0.153998,95.3125,496.75
452,0.200256,93.7500,554.53
453,0.194810,90.6250,493.18
454,0.142367,95.3125,545.35
455,0.105977,95.3125,518.45
456,0.155211,92.1875,497.71
457,0.150007,95.3125,614.04
458,0.127804,98.4375,493.06
459,0.390781,89.0625,635.22
460,0.140622,95.3125,498.00
461,0.204100,90.6250,563.53
462,0.192849,93.7500,496.32
463,0.185894,90.6250,497.79
464,0.065011,98.4375,613.65
465,0.159729,93.7500,494.09
466,0.203569,92.1875,556.95
467,0.152682,92.1875,499.93
468,0.185486,92.1875,496.67
469,0.173131,92.1875,595.94
470,0.167895,93.7500,494.24
471,0.061225,98.4375,580.53
472,0.129766,95.3125,495.48
473,0.151294,95.3125,505.90
474,0.067098,98.4375,619.89
475,0.159360,96.8750,497.32
476,0.207421,90.6250,563.35
477,0.315010,89.0625,502.60
478,0.270565,90.6250,552.10
479,0.319499,87.5000,543.18
480,0.367862,89.0625,495.13
481,0.173047,93.7500,591.33
482,0.079549,96.8750,496.66
483,0.122963,95.3125,658.93
484,0.177157,93.7500,495.89
485,0.264510,89.0625,589.99
486,0.137463,95.3125,491.93
487,0.090674,100.0000,579.93
488,0.188377,92.1875,492.57
489,0.321687,89.0625,588.28
490,0.167181,92.1875,494.56
491,0.169082,95.3125,496.46
492,0.370263,85.9375,641.39
493,0.098108,98.4375,493.27
494,0.316405,93.7500,608.02
495,0.177112,92.1875,495.22
496,0.119649,95.3125,629.28
497,0.254580,90.6250,494.98
498,0.156574,92.1875,625.88
499,0.270099,90.6250,492.60
500,0.186520,92.1875,653.20
501,0.163627,93.7500,495.97
502,0.316716,90.6250,555.07
503,0.118652,96.8750,516.12
504,0.123933,95.3125,501.34
505,0.056022,98.4375,605.52
506,0.183226,93.7500,490.93
507,0.177553,95.3125,569.19
508,0.290378,89.0625,493.55
509,0.207506,95.3125,495.66
510,0.244613,87.5000,608.09
511,0.172585,92.1875,509.55
512,0.256976,87.5000,630.76
513,0.140056,93.7500,492.73
514,0.133021,96.8750,548.10
515,0.137383,98.4375,496.48
516,0.218793,93.7500,508.99
517,0.387087,89.0625,587.08
518,0.205857,92.1875,496.31
519,0.191333,92.1875,607.42
520,0.110475,95.3125,492.90
521,0.229521,92.1875,559.10
522,0.282223,87.5000,497.05
523,0.095336,98.4375,498.83
524,0.176215,90.6250,647.17
525,0.070633,96.8750,491.65
526,0.230809,92.1875,590.70
527,0.305537,85.9375,492.32
528,0.258388,92.1875,578.03
529,0.302997,93.7500,493.15
530,0.396946,87.5000,640.51
531,0.191338,92.1875,495.88
532,0.203932,92.1875,582.50
533,0.348831,87.5000,495.49
534,0.107323,95.3125,579.37
535,0.151840,92.1875,492.82
536,0.271243,87.5000,529.42
537,0.213708,90.6250,542.22
538,0.147618,95.3125,574.65
539,0.082221,96.8750,495.39
540,0.104791,96.8750,494.45
541,0.210107,90.6250,580.64
542,0.203214,93.7500,493.28
543,0.092640,96.8750,628.80
544,0.189115,92.1875,499.33
545,0.112876,96.8750,512.51
546,0.216494,90.6250,582.20
547,0.169232,93.7500,519.91
548,0.187427,92.1875,595.82
549,0.159326,92.1875,506.26
550,0.196377,89.0625,591.77
551,0.301031,89.0625,493.60
552,0.361160,89.0625,637.84
553,0.186404,95.3125,493.29
554,0.176550,92.1875,599.10
555,0.046879,100.0000,498.40
556,0.235950,95.3125,643.53
557,0.213600,93.7500,495.79
558,0.241110,90.6250,566.15
559,0.138083,96.8750,501.53
560,0.088418,98.4375,587.94
561,0.206733,92.1875,495.85
562,0.237139,89.0625,494.09
563,0.113849,95.3125,592.99
564,0.184549,93.7500,491.80
565,0.073540,100.0000,542.30
566,0.244479,89.0625,510.91
567,0.134464,96.8750,563.43
568,0.168503,96.8750,489.16
569,0.243459,93.7500,587.61
570,0.170945,92.1875,484.97
571,0.091739,95.3125,594.47
572,0.196365,95.3125,487.99
573,0.333217,90.6250,587.03
574,0.164728,93.7500,491.60
575,0.282491,90.6250,508.14
576,0.088885,98.4375,573.98
577,0.222052,90.6250,493.84
578,0.149477,95.3125,615.78
579,0.208493,89.0625,492.76
580,0.058192,98.4375,579.19
581,0.106676,96.8750,494.53
582,0.162065,93.7500,531.83
583,0.114789,95.3125,556.84
584,0.140856,93.7500,509.70
585,0.116026,98.4375,643.62
586,0.150053,93.7500,492.86
587,0.168069,95.3125,539.22
588,0.024659,100.0000,524.27
589,0.259755,92.1875,547.57
590,0.153011,96.8750,531.47
591,0.296260,92.1875,547.35
592,0.077733,98.4375,534.58
593,0.182249,92.1875,542.85
594,0.111733,93.7500,520.13
595,0.119707,95.3125,499.15
596,0.184368,93.7500,580.92
597,0.265734,90.6250,499.12
598,0.184521,95.3125,546.60
599,0.155911,95.3125,535.20
600,0.323920,92.1875,558.17
601,0.166695,90.6250,493.40
602,0.215564,92.1875,541.87
603,0.156541,93.7500,533.25
604,0.173398,92.1875,527.58
605,0.192491,90.6250,561.03
606,0.143235,95.3125,500.06
607,0.137973,96.8750,631.47
608,0.153208,95.3125,493.62
609,0.067950,98.4375,517.37
610,0.186233,95.3125,582.94
611,0.183965,92.1875,502.59
612,0.109635,95.3125,576.84
613,0.294209,90.6250,497.57
614,0.156136,96.8750,515.22
615,0.210414,92.1875,577.56
616,0.139764,95.3125,512.25
617,0.054936,100.0000,571.05
618,0.208741,92.1875,495.39
619,0.181829,93.7500,566.37
620,0.117856,96.8750,494.70
621,0.380201,87.5000,504.10
622,0.165292,93.7500,636.16
623,0.181159,95.3125,494.17
624,0.154850,95.3125,590.81
625,0.126802,95.3125,492.16
626,0.158729,92.1875,494.92
627,0.116549,96.8750,605.17
628,0.128827,96.8750,496.10
629,0.205759,93.7500,546.42
630,0.137332,95.3125,503.09
631,0.185309,92.1875,494.21
632,0.082074,98.4375,585.60
633,0.145377,98.4375,492.18
634,0.136021,95.3125,499.23
635,0.182597,92.1875,637.17
636,0.081144,96.8750,494.68
637,0.205533,90.6250,579.71
638,0.072085,96.8750,493.73
639,0.166406,93.7500,559.56
640,0.227255,90.6250,516.18
641,0.114943,95.3125,563.72
642,0.277911,89.0625,493.49
643,0.229690,92.1875,556.24
644,0.275688,92.1875,507.97
645,0.093781,96.8750,512.86
646,0.164105,92.1875,562.47
647,0.302974,89.0625,487.64
648,0.176694,96.8750,546.45
649,0.116684,96.8750,487.81
650,0.087031,95.3125,536.98
651,0.107289,95.3125,514.88
652,0.325643,90.6250,487.45
653,0.278311,90.6250,587.03
654,0.104202,95.3125,491.01
655,0.196346,93.7500,551.15
656,0.113589,98.4375,508.78
657,0.097633,95.3125,488.16
658,0.140140,93.7500,632.69
659,0.229563,90.6250,500.13
660,0.119652,93.7500,617.71
661,0.138390,96.8750,488.77
662,0.276393,92.1875,581.06
663,0.107343,96.8750,493.06
664,0.073592,98.4375,557.34
665,0.122809,93.7500,487.69
666,0.379720,87.5000,488.23
667,0.283261,90.6250,586.46
668,0.197829,93.7500,496.99
669,0.359198,92.1875,601.83
670,0.299140,90.6250,495.91
671,0.160580,92.1875,553.22
672,0.166290,95.3125,497.98
673,0.167285,95.3125,494.25
674,0.113756,96.8750,642.15
675,0.156160,95.3125,518.99
676,0.196540,95.3125,575.98
677,0.164726,93.7500,558.63
678,0.270475,95.3125,541.83
679,0.184119,90.6250,560.92
680,0.040267,98.4375,501.61
681,0.211757,92.1875,496.79
682,0.120973,95.3125,644.20
683,0.164075,93.7500,512.72
684,0.138209,95.3125,649.88
685,0.100206,95.3125,498.22
686,0.173234,90.6250,650.69
687,0.107163,95.3125,494.36
688,0.266936,92.1875,528.71
689,0.213580,87.5000,550.28
690,0.135675,96.8750,501.02
691,0.185156,92.1875,644.45
692,0.176349,90.6250,513.28
693,0.168601,96.8750,582.21
694,0.116342,96.8750,562.04
695,0.222326,90.6250,529.45
696,0.227011,89.0625,566.91
697,0.234758,89.0625,496.48
698,0.091830,96.8750,495.52
699,0.170532,95.3125,592.92
700,0.086777,98.4375,498.78
701,0.265123,90.6250,568.23
702,0.170302,95.3125,495.72
703,0.102255,96.8750,495.37
704,0.192868,92.1875,631.16
705,0.090654,96.8750,498.13
706,0.426505,87.5000,593.80
707,0.129521,95.3125,494.63
708,0.226608,89.0625,606.71
709,0.104993,95.3125,498.87
710,0.315029,85.9375,615.54
711,0.123393,95.3125,495.85
712,0.205179,90.6250,576.16
713,0.177615,96.8750,499.82
714,0.136598,95.3125,526.05
715,0.213499,93.7500,549.48
716,0.057603,98.4375,515.03
717,0.092039,96.8750,581.15
718,0.144815,95.3125,494.22
719,0.162317,93.7500,624.44
720,0.235590,89.0625,492.90
721,0.126735,95.3125,495.81
722,0.151205,95.3125,597.94
723,0.245358,92.1875,494.42
724,0.119848,93.7500,575.74
725,0.228711,95.3125,494.24
726,0.183534,92.1875,615.96
727,0.187722,92.1875,497.01
728,0.141415,93.7500,599.95
729,0.270226,89.0625,494.92
730,0.121119,96.8750,541.28
731,0.062958,98.4375,543.61
732,0.256013,89.0625,498.94
733,0.109043,95.3125,608.40
734,0.094794,98.4375,504.77
735,0.230658,89.0625,542.82
736,0.142996,92.1875,520.63
737,0.171425,93.7500,498.12
738,0.164224,92.1875,598.45
739,0.504255,84.3750,495.65
740,0.217499,92.1875,494.71
741,0.216143,92.1875,625.54
742,0.304487,89.0625,497.22
743,0.215978,95.3125,568.47
744,0.087329,95.3125,491.45
745,0.083305,96.8750,528.67
746,0.275161,92.1875,557.49
747,0.210123,92.1875,496.17
748,0.276949,84.3750,633.89
749,0.145796,93.7500,495.15
750,0.135444,95.3125,534.73
751,0.178757,93.7500,534.63
752,0.151693,95.3125,493.70
753,0.074044,98.4375,585.37
754,0.162879,93.7500,497.73
755,0.170715,92.1875,643.42
756,0.261780,92.1875,496.14
757,0.302839,89.0625,636.73
758,0.126154,96.8750,492.68
759,0.272623,93.7500,552.74
760,0.147887,93.7500,493.69
761,0.181657,92.1875,525.29
762,0.075119,98.4375,538.51
763,0.141982,95.3125,521.86
764,0.116414,95.3125,550.09
765,0.133992,92.1875,505.19
766,0.175037,93.7500,598.15
767,0.215661,93.7500,502.27
768,0.170000,93.7500,576.47
769,0.204668,95.3125,496.84
770,0.151315,95.3125,566.39
771,0.214545,89.0625,489.47
772,0.114534,96.8750,574.28
773,0.216081,90.6250,492.35
774,0.108732,95.3125,490.71
775,0.163934,93.7500,589.42
776,0.222610,93.7500,491.07
777,0.193734,93.7500,556.76
778,0.110298,93.7500,497.76
779,0.116649,95.3125,505.87
780,0.065392,98.4375,587.09
781,0.107107,95.3125,497.28
782,0.236817,93.7500,626.34
783,0.088872,98.4375,493.88
784,0.258783,92.1875,589.92
785,0.155421,92.1875,492.10
786,0.150204,93.7500,528.68
787,0.117898,96.8750,565.40
788,0.266955,93.7500,510.40
789,0.180120,95.3125,565.32
790,0.452590,92.1875,497.37
791,0.221060,93.7500,631.93
792,0.118627,95.3125,490.60
793,0.093834,96.8750,613.01
794,0.080430,96.8750,499.33
795,0.151218,95.3125,584.06
796,0.180557,90.6250,495.59
797,0.312301,89.0625,563.49
798,0.113045,96.8750,491.71
799,0.248624,85.9375,492.53
800,0.080663,98.4375,588.94
801,0.205176,93.7500,501.19
802,0.151492,93.7500,497.99
803,0.190284,87.5000,628.40
804,0.108960,96.8750,493.92
805,0.161686,93.7500,568.66
806,0.044576,100.0000,512.38
807,0.183706,95.3125,508.72
808,0.087613,98.4375,600.34
809,0.073702,98.4375,496.24
810,0.111681,98.4375,516.24
811,0.083996,98.4375,582.85
812,0.252091,92.1875,498.52
813,0.217102,90.6250,601.23
814,0.271838,90.6250,496.23
815,0.178459,92.1875,631.25
816,0.101237,96.8750,499.84
817,0.101292,96.8750,622.51
818,0.121774,96.8750,501.17
819,0.104063,96.8750,552.13
820,0.281293,92.1875,526.08
821,0.101806,96.8750,503.16
822,0.134460,96.8750,596.48
823,0.112165,93.7500,502.64
824,0.197653,93.7500,564.19
825,0.108721,96.8750,498.17
826,0.217216,93.7500,578.54
827,0.220576,92.1875,493.58
828,0.118860,96.8750,587.38
829,0.187258,96.8750,497.36
830,0.024456,100.0000,497.92
831,0.252544,89.0625,629.40
832,0.187514,92.1875,497.01
833,0.169697,93.7500,560.28
834,0.162180,93.7500,502.03
835,0.185757,93.7500,498.59
836,0.179568,95.3125,598.03
837,0.156114,93.7500,493.43
838,0.086978,96.8750,583.95
839,0.156294,95.3125,495.59
840,0.271335,93.7500,514.22
841,0.081506,98.4375,582.28
842,0.052992,98.4375,495.36
843,0.123016,95.3125,646.60
844,0.098430,96.8750,505.37
845,0.218377,93.7500,601.49
846,0.166170,93.7500,494.78
847,0.135532,95.3125,573.65
848,0.183791,93.7500,494.71
849,0.165676,95.3125,528.90
850,0.205901,89.0625,557.51
851,0.373289,90.6250,517.31
852,0.245197,92.1875,586.05
853,0.206310,93.7500,501.19
854,0.145348,92.1875,572.72
855,0.129977,96.8750,501.54
856,0.152524,92.1875,576.31
857,0.049961,98.4375,500.28
858,0.123415,95.3125,560.50
859,0.226465,90.6250,516.67
860,0.114868,96.8750,555.24
861,0.272194,95.3125,497.33
862,0.071822,98.4375,495.23
863,0.238217,90.6250,599.44
864,0.237318,93.7500,494.24
865,0.313096,84.3750,551.49
866,0.184744,92.1875,494.61
867,0.306873,92.1875,496.07
868,0.226344,95.3125,585.11
869,0.257031,92.1875,494.99
870,0.193301,93.7500,589.59
871,0.137765,93.7500,494.17
872,0.104234,95.3125,623.98
873,0.036448,98.4375,498.50
874,0.198299,92.1875,570.03
875,0.155545,93.7500,496.96
876,0.282822,89.0625,516.54
877,0.337224,89.0625,567.69
878,0.262258,92.1875,543.12
879,0.171217,95.3125,526.59
880,0.122109,96.8750,495.73
881,0.232958,93.7500,570.50
882,0.245803,90.6250,509.46
883,0.133140,96.8750,498.34
884,0.157338,95.3125,622.49
885,0.220871,92.1875,494.31
886,0.092048,96.8750,507.68
887,0.139493,95.3125,588.00
888,0.124938,96.8750,502.35
889,0.176928,92.1875,583.56
890,0.185638,93.7500,519.05
891,0.040819,98.4375,560.78
892,0.186008,93.7500,524.57
893,0.320092,90.6250,558.95
894,0.326192,89.0625,496.55
895,0.170509,93.7500,563.21
896,0.192348,95.3125,497.10
897,0.182177,92.1875,543.16
898,0.289412,89.0625,498.47
899,0.131184,96.8750,555.66
900,0.142180,96.8750,495.21
901,0.166588,96.8750,544.23
902,0.266338,90.6250,509.99
903,0.078945,100.0000,553.81
904,0.160272,95.3125,487.40
905,0.292857,90.6250,491.77
906,0.266009,89.0625,579.11
907,0.127091,92.1875,489.21
908,0.211736,90.6250,621.79
909,0.263307,89.0625,765.02
910,0.282471,93.7500,738.78
911,0.139947,96.8750,516.58
912,0.094964,98.4375,599.18
913,0.176930,92.1875,501.66
914,0.097297,93.7500,644.71
915,0.167840,96.8750,504.56
916,0.119341,95.3125,580.99
917,0.515305,85.9375,502.89
918,0.200569,93.7500,537.64
919,0.178756,89.0625,555.55
920,0.127283,95.3125,500.60
921,0.116728,95.3125,624.29
922,0.221809,90.6250,495.99
923,0.265753,92.1875,548.10
924,0.178163,95.3125,523.85
925,0.090905,96.8750,547.94
926,0.173137,90.6250,487.21
927,0.353016,87.5000,542.64
928,0.308867,87.5000,523.00
929,0.160347,92.1875,491.65
930,0.246192,93.7500,631.07
931,0.165862,96.8750,494.54
932,0.203433,93.7500,642.56
933,0.064113,98.4375,499.28
934,0.308299,89.0625,544.28
935,0.105545,96.8750,537.53
936,0.103544,98.4375,498.14
937,0.120461,95.3125,626.16
938,0.063661,96.8750,497.58
939,0.229652,93.7500,575.72
940,0.180537,93.7500,503.16
941,0.067628,98.4375,602.51
942,0.250706,89.0625,504.25
943,0.126429,96.8750,591.50
944,0.117391,96.8750,497.06
945,0.098319,96.8750,584.19
946,0.177985,95.3125,503.03
947,0.128308,95.3125,578.16
948,0.115306,95.3125,503.93
949,0.310883,90.6250,567.17
950,0.131735,95.3125,501.51
951,0.155540,95.3125,564.41
952,0.137365,93.7500,497.83
953,0.069904,96.8750,499.88
954,0.209547,90.6250,646.66
955,0.187348,90.6250,511.75
956,0.238438,90.6250,609.39
957,0.120945,96.8750,504.21
958,0.077093,96.8750,560.06
959,0.164965,93.7500,503.58
960,0.152787,93.7500,571.69
961,0.209294,92.1875,501.43
962,0.122015,95.3125,583.69
963,0.116610,95.3125,499.90
964,0.176192,95.3125,508.59
965,0.058006,98.4375,588.89
966,0.090521,95.3125,511.60
967,0.150808,92.1875,622.80
968,0.090610,95.3125,499.06
969,0.118518,96.8750,630.75
970,0.156736,95.3125,502.34
971,0.193579,92.1875,562.38
972,0.181112,92.1875,514.93
973,0.261738,90.6250,568.42
974,0.209481,93.7500,496.05
975,0.093620,93.7500,553.57
976,0.141991,90.6250,498.39
977,0.139664,95.3125,574.59
978,0.168560,92.1875,502.10
979,0.214675,90.6250,601.27
980,0.192646,89.0625,497.55
981,0.206150,93.7500,586.97
982,0.126405,95.3125,505.59
983,0.153325,95.3125,550.10
984,0.158311,90.6250,510.22
985,0.089692,96.8750,552.74
986,0.096602,96.8750,525.36
987,0.081636,100.0000,501.63
988,0.183496,92.1875,567.98
989,0.101891,96.8750,501.14
990,0.132075,96.8750,501.71
991,0.124702,96.8750,620.23
992,0.188380,93.7500,502.62
993,0.174782,92.1875,521.65
994,0.042926,100.0000,567.92
995,0.423588,89.0625,503.44
996,0.167667,95.3125,612.24
997,0.189140,93.7500,500.20
998,0.170380,89.0625,564.17
999,0.078164,98.4375,499.74
1000,0.087319,96.8750,592.30
1001,0.071137,96.8750,502.16
1002,0.278120,90.6250,506.62
1003,0.200806,92.1875,601.25
1004,0.184807,93.7500,524.11
1005,0.407130,87.5000,589.02
1006,0.245995,90.6250,504.75
1007,0.257861,89.0625,568.72
1008,0.178581,92.1875,499.82
1009,0.072398,96.8750,547.05
1010,0.172269,90.6250,541.73
1011,0.178229,95.3125,508.49
1012,0.126712,95.3125,633.18
1013,0.139182,93.7500,500.76
1014,0.112154,96.8750,636.03
1015,0.294760,89.0625,499.17
1016,0.166229,95.3125,581.03
1017,0.349354,90.6250,501.91
1018,0.225808,93.7500,498.27
1019,0.241687,90.6250,624.79
1020,0.201081,90.6250,501.23
1021,0.267449,89.0625,612.81
1022,0.164943,95.3125,504.50
1023,0.195449,95.3125,574.85
1024,0.187787,92.1875,515.07
1025,0.098912,95.3125,555.76
1026,0.170314,90.6250,548.43
1027,0.123526,96.8750,562.77
1028,0.053928,96.8750,506.69
1029,0.054641,98.4375,548.54
1030,0.211787,90.6250,532.32
1031,0.117162,96.8750,501.29
1032,0.204434,92.1875,638.90
1033,0.241958,89.0625,501.98
1034,0.125824,98.4375,559.66
1035,0.103897,96.8750,501.83
1036,0.110915,98.4375,502.70
1037,0.270418,89.0625,603.13
1038,0.173176,95.3125,496.49
1039,0.115171,96.8750,533.51
1040,0.234345,92.1875,563.46
1041,0.092612,98.4375,495.08
1042,0.048721,100.0000,638.94
1043,0.105080,96.8750,497.31
1044,0.207475,92.1875,581.32
1045,0.291437,89.0625,497.23
1046,0.306410,90.6250,530.05
1047,0.118630,93.7500,571.27
1048,0.108082,96.8750,495.47
1049,0.164941,92.1875,626.92
1050,0.167192,95.3125,500.78
1051,0.341527,89.0625,640.03
1052,0.133067,93.7500,498.88
1053,0.113127,96.8750,602.93
1054,0.274957,92.1875,498.17
1055,0.173682,90.6250,651.24
1056,0.109224,93.7500,522.19
1057,0.157985,89.0625,566.38
1058,0.197023,95.3125,502.78
1059,0.199870,92.1875,622.59
1060,0.218249,95.3125,501.41
1061,0.140615,95.3125,563.64
1062,0.224551,87.5000,504.55
1063,0.224877,92.1875,496.76
1064,0.273041,92.1875,604.40
1065,0.146784,90.6250,511.39
1066,0.126430,95.3125,621.41
1067,0.130752,96.8750,513.12
1068,0.191384,95.3125,589.83
1069,0.143496,93.7500,501.53
1070,0.187168,90.6250,622.27
1071,0.177274,92.1875,501.58
1072,0.179064,95.3125,576.34
1073,0.098239,96.8750,500.20
1074,0.152311,93.7500,573.16
1075,0.218190,92.1875,519.07
1076,0.347699,90.6250,552.76
1077,0.149027,95.3125,545.28
1078,0.312840,93.7500,559.53
1079,0.116073,95.3125,515.12
1080,0.171306,95.3125,555.69
1081,0.117519,96.8750,512.55
1082,0.193142,92.1875,496.68
1083,0.380383,87.5000,668.37
1084,0.181602,95.3125,501.38
1085,0.237772,90.6250,584.13
1086,0.129749,98.4375,499.66
1087,0.107393,98.4375,553.78
1088,0.216570,92.1875,497.45
1089,0.043169,100.0000,494.65
1090,0.127420,93.7500,630.64
1091,0.145697,93.7500,494.93
1092,0.154946,92.1875,580.78
1093,0.117298,95.3125,498.89
1094,0.152502,93.7500,542.67
1095,0.106336,95.3125,524.83
1096,0.192214,95.3125,512.92
1097,0.134588,95.3125,597.89
1098,0.204525,92.1875,496.31
1099,0.171010,92.1875,609.52
1100,0.303059,89.0625,500.24
1101,0.169919,95.3125,644.52
1102,0.099829,98.4375,508.90
1103,0.091715,96.8750,588.38
1104,0.154046,93.7500,502.13
1105,0.220075,90.6250,589.82
1106,0.136169,96.8750,500.36
1107,0.136041,96.8750,635.62
1108,0.131452,95.3125,498.71
1109,0.112459,96.8750,636.33
1110,0.276629,92.1875,505.33
1111,0.236450,93.7500,650.52
1112,0.184449,93.7500,500.72
1113,0.399928,90.6250,643.85
1114,0.107588,98.4375,498.53
1115,0.197146,93.7500,563.38
1116,0.451861,85.9375,501.92
1117,0.096707,98.4375,499.07
1118,0.214590,90.6250,603.49
1119,0.167473,92.1875,497.43
1120,0.234515,92.1875,580.25
1121,0.265325,90.6250,500.05
1122,0.285444,93.7500,577.88
1123,0.357742,92.1875,502.47
1124,0.171059,95.3125,542.61
1125,0.204723,92.1875,549.39
1126,0.120422,98.4375,499.58
1127,0.286557,90.6250,603.32
1128,0.111666,98.4375,504.01
1129,0.094171,98.4375,644.67
1130,0.121893,93.7500,494.64
1131,0.196425,93.7500,657.91
1132,0.165849,96.8750,503.28
1133,0.315766,85.9375,567.63
1134,0.323122,90.6250,505.61
1135,0.074999,96.8750,538.93
1136,0.320735,87.5000,552.05
1137,0.234119,93.7500,495.67
1138,0.192739,93.7500,612.54
1139,0.227804,89.0625,497.97
1140,0.150570,95.3125,651.20
1141,0.103843,96.8750,502.31
1142,0.276930,90.6250,571.07
1143,0.252818,90.6250,499.30
1144,0.274148,92.1875,567.55
1145,0.215704,92.1875,501.41
1146,0.248582,92.1875,501.19
1147,0.200343,92.1875,613.52
1148,0.184864,92.1875,531.96
1149,0.091274,98.4375,558.11
1150,0.298735,93.7500,556.72
1151,0.268820,93.7500,514.66
1152,0.195247,93.7500,515.17
1153,0.171617,93.7500,581.19
1154,0.089831,96.8750,499.18
1155,0.136109,95.3125,584.05
1156,0.278834,93.7500,499.78
1157,0.264031,89.0625,528.42
1158,0.242468,89.0625,565.33
1159,0.359635,90.6250,502.78
1160,0.158879,92.1875,597.50
1161,0.215988,93.7500,504.37
1162,0.204362,96.8750,551.31
1163,0.216593,90.6250,508.73
1164,0.169635,95.3125,558.46
1165,0.047692,100.0000,499.88
1166,0.157948,95.3125,594.10
1167,0.284043,89.0625,502.16
1168,0.144725,92.1875,496.52
1169,0.160653,95.3125,615.85
1170,0.210117,95.3125,503.96
1171,0.213696,93.7500,559.53
1172,0.238610,96.8750,532.08
1173,0.185954,96.8750,564.73
1174,0.189110,92.1875,516.52
1175,0.269340,92.1875,505.28
1176,0.158171,93.7500,601.60
1177,0.269672,93.7500,526.22
1178,0.088379,98.4375,568.22
1179,0.190741,92.1875,501.59
1180,0.227162,93.7500,637.04
1181,0.184975,98.4375,501.52
1182,0.150046,96.8750,584.76
1183,0.120854,95.3125,500.44
1184,0.204117,92.1875,572.75
1185,0.143040,95.3125,500.39
1186,0.148956,90.6250,577.85
1187,0.141288,93.7500,505.56
1188,0.126825,93.7500,556.62
1189,0.341191,85.9375,500.97
1190,0.159032,95.3125,496.82
1191,0.071496,98.4375,633.43
1192,0.102392,95.3125,496.12
1193,0.198911,90.6250,566.46
1194,0.211423,92.1875,525.76
1195,0.156372,95.3125,498.84
1196,0.228710,92.1875,644.48
1197,0.125841,96.8750,499.65
1198,0.196850,92.1875,531.83
1199,0.217441,92.1875,555.47
1200,0.142447,93.7500,500.85
1201,0.091577,96.8750,591.50
1202,0.135098,95.3125,503.99
1203,0.076721,96.8750,584.39
1204,0.277296,85.9375,499.15
1205,0.129026,95.3125,501.30
1206,0.226464,89.0625,638.43
1207,0.375835,90.6250,502.59
1208,0.068047,98.4375,647.06
1209,0.177205,95.3125,499.96
1210,0.232303,92.1875,611.21
1211,0.132155,95.3125,502.69
1212,0.244750,85.9375,644.23
1213,0.242143,92.1875,494.93
1214,0.271732,95.3125,559.48
1215,0.183102,92.1875,491.77
1216,0.170975,98.4375,494.87
1217,0.135819,93.7500,621.11
1218,0.058132,100.0000,489.31
1219,0.210393,95.3125,606.99
1220,0.270458,93.7500,496.78
1221,0.080324,96.8750,519.27
1222,0.218828,92.1875,555.93
1223,0.149678,93.7500,493.39
1224,0.204895,92.1875,573.96
1225,0.086047,95.3125,497.07
1226,0.136303,93.7500,524.49
1227,0.256684,92.1875,565.43
1228,0.238474,93.7500,495.31
1229,0.072865,100.0000,587.60
1230,0.185591,93.7500,492.66
1231,0.216539,93.7500,619.54
1232,0.148380,93.7500,494.05
1233,0.160424,96.8750,534.75
1234,0.193923,93.7500,558.52
1235,0.109533,96.8750,559.52
1236,0.135112,93.7500,502.30
1237,0.131724,95.3125,502.54
1238,0.214230,96.8750,602.55
1239,0.163351,92.1875,507.95
1240,0.222404,89.0625,560.51
1241,0.113155,95.3125,497.44
1242,0.317412,89.0625,548.02
1243,0.196044,93.7500,516.64
1244,0.121672,96.8750,499.41
1245,0.131611,93.7500,573.52
1246,0.124722,96.8750,491.51
1247,0.248028,93.7500,494.70
1248,0.154921,95.3125,643.03
1249,0.293148,90.6250,511.39
1250,0.110939,96.8750,566.54
1251,0.095356,95.3125,502.39
1252,0.201337,92.1875,497.25
1253,0.177091,95.3125,619.87
1254,0.121904,95.3125,499.01
1255,0.305678,90.6250,568.24
1256,0.202908,92.1875,500.32
1257,0.080186,96.8750,525.84
1258,0.260987,93.7500,550.49
1259,0.133407,95.3125,493.75
1260,0.089067,98.4375,576.08
1261,0.104822,96.8750,496.76
1262,0.089015,96.8750,580.37
1263,0.168838,92.1875,504.46
1264,0.161796,95.3125,555.25
1265,0.215453,93.7500,536.12
1266,0.128543,95.3125,576.80
1267,0.220805,92.1875,505.27
1268,0.177974,90.6250,509.15
1269,0.106199,96.8750,603.00
1270,0.219644,93.7500,560.10
1271,0.203439,92.1875,527.53
1272,0.070276,96.8750,574.51
1273,0.223397,87.5000,503.87
1274,0.116775,95.3125,506.56
1275,0.271170,95.3125,605.48
1276,0.152446,93.7500,504.04
1277,0.060072,100.0000,634.07
1278,0.095550,95.3125,500.76
1279,0.106116,98.4375,554.34
1280,0.181805,93.7500,535.15
1281,0.284876,89.0625,512.21
1282,0.224345,92.1875,593.56
1283,0.325342,87.5000,501.35
1284,0.194619,93.7500,511.76
1285,0.196186,95.3125,600.78
1286,0.069030,96.8750,565.96
1287,0.201065,93.7500,501.55
1288,0.175441,92.1875,573.62
1289,0.144765,92.1875,500.81
1290,0.242697,90.6250,508.99
1291,0.298078,90.6250,591.26
1292,0.180763,93.7500,503.47
1293,0.235799,93.7500,615.94
1294,0.395123,89.0625,501.05
1295,0.224188,93.7500,634.72
1296,0.244427,92.1875,499.32
1297,0.094174,96.8750,598.05
1298,0.175324,92.1875,501.16
1299,0.278697,90.6250,560.35
1300,0.101748,95.3125,500.83
1301,0.281990,87.5000,543.14
1302,0.206687,92.1875,547.53
1303,0.308049,87.5000,502.45
1304,0.029782,100.0000,603.20
1305,0.256158,90.6250,502.01
1306,0.186351,93.7500,567.21
1307,0.147930,95.3125,502.89
1308,0.151617,93.7500,501.29
1309,0.379751,90.6250,613.38
1310,0.202017,95.3125,502.35
1311,0.085038,93.7500,614.57
1312,0.151288,95.3125,497.88
1313,0.275684,89.0625,656.92
1314,0.271486,95.3125,499.36
1315,0.105901,93.7500,579.82
1316,0.169176,92.1875,501.53
1317,0.213464,89.0625,496.32
1318,0.235784,95.3125,612.56
1319,0.175712,92.1875,499.41
1320,0.206619,95.3125,563.26
1321,0.212775,93.7500,504.35
1322,0.215323,93.7500,504.20
1323,0.140953,95.3125,630.76
1324,0.151217,95.3125,498.23
1325,0.169707,95.3125,627.47
1326,0.094624,98.4375,498.33
1327,0.159988,92.1875,586.36
1328,0.192444,92.1875,509.47
1329,0.330175,89.0625,545.36
1330,0.313652,90.6250,552.23
1331,0.340558,87.5000,504.95
1332,0.182984,92.1875,596.37
1333,0.120097,93.7500,496.50
1334,0.111859,95.3125,630.21
1335,0.165747,93.7500,500.02
1336,0.072144,98.4375,616.03
1337,0.107379,95.3125,499.39
1338,0.226094,90.6250,570.43
1339,0.217233,93.7500,497.61
1340,0.191817,92.1875,547.23
1341,0.173607,93.7500,550.61
1342,0.131032,96.8750,506.56
1343,0.165902,90.6250,603.92
1344,0.179209,92.1875,499.67
1345,0.149448,95.3125,667.67
1346,0.149746,95.3125,497.71
1347,0.197506,92.1875,586.95
1348,0.085648,96.8750,500.00
1349,0.083199,95.3125,569.54
1350,0.198140,89.0625,499.05
1351,0.114992,98.4375,551.27
1352,0.088646,96.8750,522.44
1353,0.141457,93.7500,507.89
1354,0.170852,96.8750,636.86
1355,0.153345,95.3125,502.33
1356,0.119491,96.8750,617.50
1357,0.078419,98.4375,505.55
1358,0.159363,96.8750,632.96
1359,0.144782,90.6250,502.98
1360,0.142061,96.8750,596.13
1361,0.130022,95.3125,498.81
1362,0.353584,92.1875,644.61
1363,0.052312,98.4375,506.15
1364,0.084977,98.4375,549.59
1365,0.072787,95.3125,551.02
1366,0.159804,93.7500,538.80
1367,0.236182,89.0625,548.78
1368,0.239705,93.7500,499.42
1369,0.134635,95.3125,577.61
1370,0.170582,96.8750,499.14
1371,0.090397,96.8750,498.82
1372,0.116982,95.3125,651.70
1373,0.183415,93.7500,513.35
1374,0.176147,95.3125,595.76
1375,0.091361,95.3125,499.28
1376,0.221989,92.1875,627.04
1377,0.142663,93.7500,497.73
1378,0.203343,93.7500,615.00
1379,0.304180,92.1875,498.95
1380,0.136369,93.7500,612.00
1381,0.187822,95.3125,542.03
1382,0.241868,92.1875,554.79
1383,0.090003,98.4375,501.91
1384,0.127171,96.8750,631.71
1385,0.254260,93.7500,501.72
1386,0.126240,95.3125,568.31
1387,0.209507,92.1875,500.58
1388,0.085376,98.4375,534.41
1389,0.113001,96.8750,601.67
1390,0.090215,95.3125,504.92
1391,0.033468,100.0000,663.24
1392,0.190599,89.0625,498.99
1393,0.235782,93.7500,553.62
1394,0.217950,93.7500,533.57
1395,0.217892,92.1875,513.78
1396,0.240440,90.6250,621.76
1397,0.168356,92.1875,498.50
1398,0.161556,95.3125,633.78
1399,0.176256,93.7500,499.11
1400,0.286854,85.9375,571.79
1401,0.105329,95.3125,505.97
1402,0.210014,95.3125,570.74
1403,0.238030,95.3125,502.12
1404,0.185677,95.3125,500.40
1405,0.241189,92.1875,591.02
1406,0.071736,96.8750,500.12
1407,0.180735,93.7500,606.27
1408,0.154187,92.1875,501.78
1409,0.122886,95.3125,582.35
1410,0.081152,98.4375,496.04
1411,0.143538,96.8750,605.83
1412,0.203845,92.1875,499.36
1413,0.127476,96.8750,582.66
1414,0.138611,93.7500,500.41
1415,0.311443,90.6250,497.42
1416,0.159232,93.7500,597.87
1417,0.154534,96.8750,498.51
1418,0.218180,90.6250,610.68
1419,0.124172,95.3125,497.48
1420,0.200076,92.1875,610.49
1421,0.048938,100.0000,494.37
1422,0.100195,95.3125,562.11
1423,0.125646,96.8750,519.51
1424,0.183418,95.3125,530.84
1425,0.188332,93.7500,551.70
1426,0.164958,87.5000,501.23
1427,0.088214,95.3125,556.33
1428,0.146301,95.3125,501.28
1429,0.139973,95.3125,558.46
1430,0.270331,96.8750,510.56
1431,0.133350,92.1875,502.22
1432,0.283655,89.0625,636.28
1433,0.181541,92.1875,503.27
1434,0.169667,93.7500,604.44
1435,0.175679,93.7500,498.51
1436,0.162494,92.1875,639.19
1437,0.095102,96.8750,500.21
1438,0.084490,96.8750,625.05
1439,0.126246,96.8750,500.50
1440,0.122133,95.3125,583.59
1441,0.083051,96.8750,503.79
1442,0.124361,93.7500,538.17
1443,0.122982,95.3125,534.19
1444,0.160940,93.7500,506.69
1445,0.173102,96.8750,641.92
1446,0.159963,92.1875,502.23
1447,0.124803,92.1875,576.54
1448,0.134654,98.4375,520.68
1449,0.180756,90.6250,589.36
1450,0.164188,98.4375,502.51
1451,0.084397,98.4375,643.13
1452,0.145548,93.7500,499.02
1453,0.192024,92.1875,535.75
1454,0.082104,95.3125,568.83
1455,0.227195,96.8750,504.79
1456,0.071423,98.4375,568.91
1457,0.271050,92.1875,502.60
1458,0.102810,96.8750,543.40
1459,0.148444,95.3125,536.64
1460,0.139160,95.3125,511.27
1461,0.205107,93.7500,579.16
1462,0.245207,89.0625,507.62
1463,0.056915,100.0000,502.99
1464,0.132076,96.8750,620.76
1465,0.045897,98.4375,533.75
1466,0.337417,90.6250,558.54
1467,0.131309,96.8750,497.59
1468,0.180592,95.3125,629.99
1469,0.077301,96.8750,543.30
1470,0.296794,90.6250,565.38
1471,0.190249,92.1875,500.37
1472,0.321004,87.5000,601.54
1473,0.150977,93.7500,504.33
1474,0.254506,92.1875,598.02
1475,0.130535,95.3125,504.85
1476,0.191834,92.1875,629.00
1477,0.101555,93.7500,500.03
1478,0.100564,93.7500,607.15
1479,0.200264,90.6250,497.08
1480,0.204665,92.1875,604.54
1481,0.252497,92.1875,495.77
1482,0.283384,90.6250,576.03
1483,0.149360,96.8750,499.77
1484,0.147540,96.8750,564.31
1485,0.175877,93.7500,497.36
1486,0.231438,89.0625,587.64
1487,0.113194,96.8750,499.82
1488,0.129043,95.3125,644.93
1489,0.102494,95.3125,497.08
1490,0.192710,92.1875,529.03
1491,0.109027,96.8750,565.78
1492,0.057072,98.4375,533.02
1493,0.182962,95.3125,556.08
1494,0.132495,95.3125,493.24
1495,0.069882,95.3125,574.54
1496,0.192716,92.1875,498.40
1497,0.231227,90.6250,499.98
1498,0.116839,95.3125,643.25
1499,0.104093,93.7500,499.68
1500,0.204336,92.1875,555.27
1501,0.239999,90.6250,500.20
1502,0.098355,96.8750,499.86
1503,0.156367,95.3125,620.18
1504,0.215941,93.7500,502.48
1505,0.134444,95.3125,584.29
1506,0.163231,96.8750,502.81
1507,0.114058,95.3125,555.29
1508,0.129683,93.7500,501.76
1509,0.116407,96.8750,565.29
1510,0.095421,93.7500,505.59
1511,0.114270,93.7500,552.35
1512,0.231331,93.7500,502.43
1513,0.223825,93.7500,502.75
1514,0.151984,95.3125,603.48
1515,0.286925,87.5000,533.67
1516,0.179099,93.7500,565.21
1517,0.147407,93.7500,501.17
1518,0.173164,93.7500,598.99
1519,0.188817,93.7500,501.22
1520,0.090406,98.4375,496.43
1521,0.356442,89.0625,601.61
1522,0.121141,96.8750,502.26
1523,0.214284,92.1875,566.09
1524,0.091453,95.3125,500.01
1525,0.168239,96.8750,581.66
1526,0.220523,93.7500,501.38
1527,0.260103,90.6250,504.63
1528,0.219819,95.3125,604.70
1529,0.144886,93.7500,500.15
1530,0.139184,95.3125,590.32
1531,0.189331,93.7500,497.90
1532,0.206206,95.3125,497.61
1533,0.319398,87.5000,614.64
1534,0.104985,93.7500,537.22
1535,0.283568,92.1875,556.53
1536,0.221124,92.1875,580.27
1537,0.142194,95.3125,512.71
1538,0.181332,90.6250,497.47
1539,0.179178,93.7500,597.82
1540,0.221622,90.6250,495.66
1541,0.127758,92.1875,559.45
1542,0.164526,95.3125,508.57
1543,0.280947,93.7500,557.68
1544,0.329583,85.9375,545.40
1545,0.191551,96.8750,582.22
1546,0.179420,93.7500,514.30
1547,0.210096,93.7500,544.51
1548,0.238779,90.6250,559.68
1549,0.180315,92.1875,505.28
1550,0.149152,95.3125,622.71
1551,0.145656,95.3125,502.91
1552,0.200740,92.1875,586.15
1553,0.095572,96.8750,503.02
1554,0.301946,85.9375,500.49
1555,0.107868,96.8750,642.57
1556,0.266352,90.6250,500.97
1557,0.096327,96.8750,652.61
1558,0.223098,90.6250,502.17
1559,0.288586,93.7500,596.43
1560,0.199590,90.6250,497.97
1561,0.156547,93.7500,601.50
1562,0.210346,89.0625,498.82
1563,0.181371,92.1875,518.20
1564,0.217244,93.7500,583.38
1565,0.190561,95.3125,502.86
1566,0.249572,92.1875,636.59
1567,0.129966,93.7500,500.26
1568,0.080874,96.8750,586.00
1569,0.207658,95.3125,500.87
1570,0.160397,95.3125,544.40
1571,0.193552,90.6250,563.49
1572,0.205347,93.7500,498.93
1573,0.117915,96.8750,652.50
1574,0.158001,95.3125,499.10
1575,0.141722,95.3125,603.86
1576,0.080942,96.8750,499.06
1577,0.246411,89.0625,549.43
1578,0.259159,90.6250,526.17
1579,0.243128,93.7500,506.16
1580,0.058474,98.4375,622.20
1581,0.321190,90.6250,501.37
1582,0.210544,95.3125,536.34
1583,0.235517,89.0625,560.15
1584,0.138471,96.8750,504.53
1585,0.038871,100.0000,607.04
1586,0.193271,92.1875,497.72
1587,0.109482,96.8750,568.17
1588,0.254848,89.0625,500.57
1589,0.109822,96.8750,500.94
1590,0.395717,90.6250,645.69
1591,0.247137,89.0625,499.37
1592,0.225879,96.8750,618.86
1593,0.088814,98.4375,500.38
1594,0.174031,95.3125,632.20
1595,0.152911,96.8750,498.68
1596,0.290377,92.1875,661.37
1597,0.065323,100.0000,505.31
1598,0.136453,96.8750,621.67
1599,0.169601,93.7500,508.99
1600,0.272788,95.3125,650.82
1601,0.225509,90.6250,509.41
1602,0.094081,98.4375,570.76
1603,0.118701,95.3125,505.04
1604,0.185594,90.6250,513.47
1605,0.184451,92.1875,601.48
1606,0.144668,93.7500,501.19
1607,0.308282,90.6250,594.16
1608,0.129661,93.7500,504.31
1609,0.117477,96.8750,600.80
1610,0.176857,93.7500,507.87
1611,0.086540,98.4375,589.30
1612,0.075089,100.0000,506.16
1613,0.344857,92.1875,536.16
1614,0.160503,95.3125,553.04
1615,0.145599,92.1875,508.87
1616,0.227115,92.1875,572.82
1617,0.152927,92.1875,508.99
1618,0.128011,95.3125,592.82
1619,0.231620,89.0625,510.25
1620,0.175600,92.1875,516.32
1621,0.237006,90.6250,654.59
1622,0.155275,92.1875,505.79
1623,0.186097,92.1875,544.62
1624,0.200021,92.1875,547.92
1625,0.045911,98.4375,499.52
1626,0.219922,93.7500,603.84
1627,0.120137,95.3125,507.79
1628,0.147315,93.7500,587.17
1629,0.314794,90.6250,508.21
1630,0.116854,96.8750,502.60
1631,0.138236,92.1875,649.21
1632,0.182348,95.3125,496.75
1633,0.133710,95.3125,575.19
1634,0.180400,92.1875,520.65
1635,0.123996,96.8750,519.93
1636,0.178471,96.8750,578.97
1637,0.171708,95.3125,502.33
1638,0.159394,93.7500,629.39
1639,0.146175,95.3125,501.85
1640,0.194797,92.1875,542.23
1641,0.371175,89.0625,555.98
1642,0.177569,95.3125,504.55
1643,0.334503,89.0625,583.15
1644,0.137349,93.7500,500.99
1645,0.183653,92.1875,500.24
1646,0.160159,93.7500,599.89
1647,0.144460,93.7500,505.78
1648,0.133613,92.1875,582.53
1649,0.132718,93.7500,501.06
1650,0.131713,96.8750,500.34
1651,0.163142,96.8750,613.53
1652,0.182195,92.1875,505.95
1653,0.173807,95.3125,566.61
1654,0.066587,98.4375,497.91
1655,0.111403,96.8750,584.40
1656,0.180139,92.1875,505.37
1657,0.141359,93.7500,575.28
1658,0.148953,95.3125,499.07
1659,0.125774,95.3125,537.58
1660,0.112194,96.8750,533.74
1661,0.083104,95.3125,579.83
1662,0.369671,85.9375,498.60
1663,0.318911,89.0625,589.98
1664,0.221963,92.1875,504.77
1665,0.174518,92.1875,495.70
1666,0.188273,92.1875,657.34
1667,0.087980,96.8750,512.85
1668,0.251980,92.1875,603.27
1669,0.144722,96.8750,504.90
1670,0.077341,98.4375,557.96
1671,0.235129,90.6250,538.79
1672,0.150457,95.3125,502.88
1673,0.049154,100.0000,636.23
1674,0.123316,92.1875,501.25
1675,0.192919,95.3125,658.18
1676,0.085930,98.4375,504.51
1677,0.091661,96.8750,635.91
1678,0.177131,93.7500,498.67
1679,0.093807,96.8750,625.44
1680,0.220869,95.3125,494.83
1681,0.042299,100.0000,544.95
1682,0.167603,92.1875,503.56
1683,0.099764,98.4375,563.29
1684,0.158537,95.3125,495.89
1685,0.406623,85.9375,492.91
1686,0.144260,96.8750,577.70
1687,0.080105,98.4375,496.55
1688,0.066243,96.8750,500.66
1689,0.395829,89.0625,626.96
1690,0.073577,96.8750,502.12
1691,0.149926,92.1875,541.59
1692,0.110391,96.8750,543.40
1693,0.298681,92.1875,508.36
1694,0.196639,95.3125,652.91
1695,0.254019,92.1875,510.18
1696,0.183924,93.7500,655.55
1697,0.112898,96.8750,504.83
1698,0.196085,90.6250,588.07
1699,0.189973,90.6250,499.41
1700,0.162886,95.3125,502.21
1701,0.234622,92.1875,606.25
1702,0.213844,89.0625,501.51
1703,0.253520,93.7500,606.61
1704,0.243920,93.7500,498.92
1705,0.156000,96.8750,601.14
1706,0.099869,98.4375,500.24
1707,0.155818,93.7500,662.62
1708,0.189318,90.6250,499.80
1709,0.283041,90.6250,651.40
1710,0.111437,96.8750,502.01
1711,0.078971,96.8750,630.79
1712,0.129095,95.3125,504.39
1713,0.179608,95.3125,611.45
1714,0.308203,84.3750,515.89
1715,0.078447,96.8750,579.22
1716,0.152345,93.7500,495.57
1717,0.135547,95.3125,646.76
1718,0.132336,93.7500,500.58
1719,0.187675,92.1875,654.86
1720,0.073333,96.8750,498.59
1721,0.256755,92.1875,529.75
1722,0.153937,95.3125,565.81
1723,0.188448,93.7500,497.18
1724,0.273920,93.7500,641.74
1725,0.183927,92.1875,501.48
1726,0.207988,90.6250,516.84
1727,0.129268,96.8750,561.60
1728,0.177042,92.1875,499.13
1729,0.145009,93.7500,571.82
1730,0.089453,96.8750,499.48
1731,0.250042,93.7500,574.12
1732,0.114302,93.7500,498.60
1733,0.138182,95.3125,576.06
1734,0.160882,93.7500,502.07
1735,0.131752,96.8750,559.69
1736,0.208420,95.3125,493.12
1737,0.260879,89.0625,551.71
1738,0.130711,93.7500,544.00
1739,0.170013,93.7500,568.05
1740,0.175277,95.3125,500.24
1741,0.133417,93.7500,590.90
1742,0.130344,93.7500,497.28
1743,0.118413,95.3125,586.79
1744,0.191769,92.1875,504.38
1745,0.074106,96.8750,497.24
1746,0.157456,95.3125,605.51
1747,0.182818,93.7500,493.38
1748,0.175851,92.1875,623.92
1749,0.196642,93.7500,502.04
1750,0.070543,96.8750,590.72
1751,0.204755,92.1875,496.56
1752,0.094172,98.4375,498.84
1753,0.195394,93.7500,616.70
1754,0.147101,93.7500,497.87
1755,0.281410,87.5000,630.37
1756,0.116356,95.3125,496.76
1757,0.134159,96.8750,549.56
1758,0.132843,95.3125,528.20
1759,0.118156,96.8750,541.63
1760,0.137594,93.7500,549.66
1761,0.096136,95.3125,525.15
1762,0.101317,95.3125,603.16
1763,0.093240,96.8750,499.45
1764,0.151114,92.1875,624.21
1765,0.187463,96.8750,495.59
1766,0.113269,95.3125,588.21
1767,0.281169,92.1875,510.82
1768,0.133058,96.8750,560.91
1769,0.085437,96.8750,540.68
1770,0.126793,96.8750,557.32
1771,0.134866,95.3125,546.56
1772,0.234777,90.6250,501.12
1773,0.126065,95.3125,582.72
1774,0.180732,92.1875,501.60
1775,0.273986,89.0625,592.49
1776,0.266961,92.1875,505.88
1777,0.093267,96.8750,648.29
1778,0.219588,93.7500,493.98
1779,0.357892,89.0625,605.20
1780,0.232022,93.7500,499.18
1781,0.075790,98.4375,504.35
1782,0.169411,93.7500,604.65
1783,0.279321,90.6250,498.56
1784,0.220834,92.1875,561.18
1785,0.091954,95.3125,502.61
1786,0.225570,89.0625,587.05
1787,0.176671,87.5000,506.08
1788,0.065087,98.4375,590.98
1789,0.144631,93.7500,498.28
1790,0.175769,93.7500,501.82
1791,0.113068,95.3125,599.15
1792,0.123419,95.3125,500.88
1793,0.087435,95.3125,615.47
1794,0.129528,96.8750,531.45
1795,0.205434,90.6250,558.84
1796,0.109537,95.3125,498.42
1797,0.191883,93.7500,648.73
1798,0.141123,92.1875,503.71
1799,0.331773,89.0625,619.57
1800,0.118538,95.3125,498.15
1801,0.142985,93.7500,561.44
1802,0.190538,95.3125,514.56
1803,0.049827,98.4375,561.73
1804,0.215756,92.1875,520.34
1805,0.093051,98.4375,498.04
1806,0.080269,96.8750,627.98
1807,0.158701,95.3125,499.54
1808,0.227066,92.1875,633.11
1809,0.104515,96.8750,494.49
1810,0.188825,92.1875,569.37
1811,0.203268,92.1875,492.85
1812,0.095920,96.8750,564.08
1813,0.150967,96.8750,495.43
1814,0.205023,95.3125,499.06
1815,0.102533,96.8750,612.88
1816,0.136031,96.8750,501.73
1817,0.154052,92.1875,556.89
1818,0.146165,95.3125,497.27
1819,0.141479,95.3125,497.65
1820,0.174784,90.6250,588.48
1821,0.168241,93.7500,499.90
1822,0.106022,96.8750,634.26
1823,0.268692,90.6250,502.56
1824,0.098959,95.3125,585.93
1825,0.208472,92.1875,507.05
1826,0.069777,98.4375,589.53
1827,0.218661,90.6250,502.98
1828,0.024673,100.0000,497.26
1829,0.126211,93.7500,596.30
1830,0.064101,98.4375,497.57
1831,0.091663,95.3125,610.47
1832,0.249002,92.1875,501.83
1833,0.086228,95.3125,587.18
1834,0.098918,95.3125,505.94
1835,0.315436,92.1875,589.76
1836,0.141733,93.7500,507.10
1837,0.225462,90.6250,547.03
1838,0.111520,95.3125,536.69
1839,0.219929,90.6250,498.30
1840,0.078117,98.4375,633.24
1841,0.070276,96.8750,502.21
1842,0.113817,95.3125,570.54
1843,0.246755,93.7500,502.19
1844,0.096698,98.4375,549.19
1845,0.166765,93.7500,527.07
1846,0.053675,98.4375,562.93
1847,0.129534,96.8750,502.94
1848,0.129889,93.7500,497.40
1849,0.268232,89.0625,640.57
1850,0.126769,96.8750,497.52
1851,0.166542,92.1875,647.83
1852,0.103481,93.7500,497.07
1853,0.117795,95.3125,565.82
1854,0.119371,96.8750,518.75
1855,0.065610,98.4375,495.70
1856,0.121746,95.3125,643.89
1857,0.130211,96.8750,495.85
1858,0.352322,90.6250,622.02
1859,0.139821,93.7500,502.00
1860,0.210898,92.1875,500.24
1861,0.160357,93.7500,607.65
1862,0.346662,92.1875,504.23
1863,0.065351,100.0000,536.75
1864,0.089150,96.8750,543.60
1865,0.211677,93.7500,495.02
1866,0.116561,96.8750,655.19
1867,0.148054,95.3125,497.04
1868,0.091218,96.8750,547.69
1869,0.090268,96.8750,544.16
1870,0.381884,89.0625,495.67
1871,0.119223,96.8750,617.07
1872,0.214372,92.1875,501.49
1873,0.222580,93.7500,642.28
1874,0.271158,89.0625,497.42
1875,0.181717,93.7500,549.05
1876,0.214115,93.7500,512.83
1877,0.126031,95.3125,570.15
1878,0.241618,93.7500,500.45
1879,0.067049,98.4375,528.56
1880,0.164637,95.3125,564.36
1881,0.087105,95.3125,498.68
1882,0.040707,100.0000,567.57
1883,0.168843,95.3125,498.68
1884,0.209200,93.7500,503.35
1885,0.247150,90.6250,651.12
1886,0.197962,96.8750,501.38
1887,0.228770,87.5000,622.00
1888,0.148181,93.7500,498.67
1889,0.084281,95.3125,638.73
1890,0.186467,92.1875,498.78
1891,0.087134,95.3125,611.13
1892,0.346660,90.6250,502.12
1893,0.239456,92.1875,569.58
1894,0.159069,93.7500,499.52
1895,0.139994,96.8750,562.89
1896,0.145124,95.3125,503.49
1897,0.097646,98.4375,555.89
1898,0.145539,95.3125,517.29
1899,0.162799,95.3125,502.24
1900,0.267206,93.7500,595.62
1901,0.210010,93.7500,496.14
1902,0.117445,96.8750,547.04
1903,0.225286,93.7500,553.08
1904,0.190761,93.7500,551.73
1905,0.206905,93.7500,550.17
1906,0.148665,96.8750,502.55
1907,0.103317,95.3125,594.21
1908,0.142738,95.3125,507.96
1909,0.190729,89.0625,585.17
1910,0.266668,90.6250,497.92
1911,0.182597,92.1875,499.87
1912,0.123873,96.8750,596.14
1913,0.203283,92.1875,503.73
1914,0.072710,98.4375,578.35
1915,0.100166,95.3125,500.70
1916,0.103752,96.8750,500.20
1917,0.160976,92.1875,596.59
1918,0.184205,92.1875,497.07
1919,0.190319,93.7500,560.46
1920,0.167474,95.3125,499.02
1921,0.122146,93.7500,570.06
1922,0.206481,92.1875,496.43
1923,0.262647,87.5000,496.26
1924,0.146124,95.3125,635.85
1925,0.256339,87.5000,498.75
1926,0.189940,92.1875,579.33
1927,0.293401,90.6250,499.32
1928,0.306230,89.0625,585.86
1929,0.172934,92.1875,500.80
1930,0.230418,90.6250,658.99
1931,0.246102,90.6250,502.27
1932,0.291244,90.6250,569.90
1933,0.058759,98.4375,502.63
1934,0.217774,92.1875,497.85
1935,0.176880,92.1875,599.84
1936,0.089076,98.4375,497.54
1937,0.124177,96.8750,644.21
1938,0.124797,95.3125,499.67
1939,0.053706,96.8750,562.43
1940,0.112448,96.8750,496.26
1941,0.117623,93.7500,567.04
1942,0.142109,93.7500,499.63
1943,0.216985,92.1875,565.22
1944,0.148127,92.1875,499.81
1945,0.070045,98.4375,507.80
1946,0.168867,93.7500,647.00
1947,0.070103,96.8750,501.94
1948,0.193068,89.0625,557.41
1949,0.282672,89.0625,494.06
1950,0.055634,98.4375,575.25
1951,0.121159,95.3125,498.79
1952,0.253769,92.1875,503.23
1953,0.224382,89.0625,641.82
1954,0.085556,98.4375,556.91
1955,0.131972,96.8750,558.91
1956,0.287750,92.1875,500.92
1957,0.269505,90.6250,637.70
1958,0.223160,92.1875,499.23
1959,0.106292,96.8750,596.30
1960,0.140021,90.6250,495.28
1961,0.256396,93.7500,625.88
1962,0.094206,96.8750,497.33
1963,0.109128,96.8750,539.64
1964,0.129991,95.3125,547.72
1965,0.063658,96.8750,498.81
1966,0.211084,92.1875,616.59
1967,0.122019,96.8750,499.13
1968,0.128207,95.3125,610.88
1969,0.145510,95.3125,496.98
1970,0.346280,89.0625,633.15
1971,0.112708,96.8750,498.44
1972,0.205009,93.7500,631.82
1973,0.130804,95.3125,507.87
1974,0.166721,92.1875,596.85
1975,0.093295,96.8750,497.92
1976,0.119081,98.4375,557.38
1977,0.146505,95.3125,498.78
1978,0.197271,95.3125,519.30
1979,0.300715,93.7500,592.87
1980,0.081827,95.3125,554.85
1981,0.134750,93.7500,517.19
1982,0.179510,92.1875,506.40
1983,0.077853,98.4375,597.65
1984,0.085238,95.3125,496.46
1985,0.101066,92.1875,651.64
1986,0.157232,95.3125,499.84
1987,0.167558,95.3125,566.60
1988,0.267007,93.7500,503.19
1989,0.144560,96.8750,563.59
1990,0.147506,95.3125,502.11
1991,0.161965,93.7500,569.18
1992,0.052827,100.0000,517.22
1993,0.121095,95.3125,497.15
1994,0.232180,90.6250,653.38
1995,0.143461,95.3125,500.21
1996,0.078909,96.8750,652.82
1997,0.211161,93.7500,504.00
1998,0.207095,93.7500,555.52
1999,0.137125,96.8750,499.59
2000,0.330160,93.7500,500.77
2001,0.093724,95.3125,640.59
2002,0.165201,93.7500,497.68
2003,0.239027,90.6250,631.02
2004,0.119736,95.3125,500.69
2005,0.159858,93.7500,561.76
2006,0.123888,96.8750,522.35
2007,0.131405,95.3125,502.87
2008,0.083810,96.8750,635.52
2009,0.238828,89.0625,505.16
2010,0.092240,96.8750,561.81
2011,0.254067,90.6250,499.43
2012,0.346569,87.5000,518.39
2013,0.215672,93.7500,577.24
2014,0.157598,92.1875,502.61
2015,0.149088,93.7500,564.71
2016,0.159229,95.3125,508.48
2017,0.228316,93.7500,497.36
2018,0.191085,92.1875,586.53
2019,0.247076,92.1875,500.84
2020,0.099803,98.4375,583.44
2021,0.061780,100.0000,496.83
2022,0.132018,95.3125,500.82
2023,0.193935,90.6250,638.60
2024,0.108429,96.8750,497.45
2025,0.074205,96.8750,649.11
2026,0.208379,93.7500,497.50
2027,0.244362,89.0625,571.46
2028,0.193430,93.7500,517.49
2029,0.091849,96.8750,504.56
2030,0.084207,98.4375,601.94
2031,0.089531,96.8750,504.51
2032,0.124619,96.8750,546.59
2033,0.151609,93.7500,498.93
2034,0.133507,95.3125,500.28
2035,0.114573,95.3125,581.84
2036,0.133493,95.3125,498.64
2037,0.159108,92.1875,654.36
2038,0.138655,95.3125,500.53
2039,0.237008,95.3125,541.43
2040,0.096175,95.3125,531.41
2041,0.093312,98.4375,564.65
2042,0.096612,96.8750,504.39
2043,0.090934,96.8750,572.73
2044,0.124510,93.7500,504.44
2045,0.210209,87.5000,574.87
2046,0.152398,95.3125,504.73
2047,0.141097,93.7500,547.02
2048,0.087626,96.8750,519.75
2049,0.074655,98.4375,502.68
2050,0.219077,90.6250,640.88
2051,0.201953,90.6250,499.59
2052,0.279949,90.6250,666.87
2053,0.091847,98.4375,502.74
2054,0.222115,90.6250,563.08
2055,0.174263,98.4375,507.13
2056,0.137083,95.3125,507.74
2057,0.147136,96.8750,614.99
2058,0.269520,95.3125,504.01
2059,0.285138,92.1875,570.55
2060,0.145976,92.1875,505.78
2061,0.161149,92.1875,497.88
2062,0.118238,96.8750,618.87
2063,0.370485,89.0625,497.91
2064,0.109065,96.8750,657.64
2065,0.135368,96.8750,500.12
2066,0.161130,96.8750,533.96
2067,0.159963,93.7500,562.65
2068,0.194120,90.6250,501.33
2069,0.144162,95.3125,598.03
2070,0.159479,93.7500,516.62
2071,0.091984,96.8750,592.95
2072,0.187693,93.7500,561.87
2073,0.259433,92.1875,519.90
2074,0.127053,93.7500,533.93
2075,0.277985,92.1875,558.57
2076,0.116490,95.3125,548.07
2077,0.228499,92.1875,524.64
2078,0.080811,98.4375,498.76
2079,0.140011,96.8750,643.47
2080,0.263626,92.1875,505.45
2081,0.174274,93.7500,576.76
2082,0.224169,90.6250,497.04
2083,0.258862,90.6250,528.23
2084,0.044924,100.0000,550.73
2085,0.368607,82.8125,541.10
2086,0.143874,90.6250,516.65
2087,0.093702,98.4375,490.66
2088,0.188409,95.3125,596.33
2089,0.236887,92.1875,497.79
2090,0.138538,90.6250,539.17
2091,0.227426,92.1875,546.59
2092,0.117035,93.7500,586.96
2093,0.225410,90.6250,516.40
2094,0.102679,95.3125,585.91
2095,0.158171,93.7500,499.48
2096,0.102008,93.7500,497.99
2097,0.089355,98.4375,630.60
2098,0.103102,98.4375,500.67
2099,0.185656,95.3125,573.33
2100,0.172990,93.7500,496.05
2101,0.150841,92.1875,551.60
2102,0.226221,90.6250,534.93
2103,0.096349,95.3125,499.56
2104,0.054375,96.8750,579.39
2105,0.168086,92.1875,501.29
2106,0.076555,96.8750,530.00
2107,0.109002,95.3125,555.40
2108,0.185153,92.1875,501.98
2109,0.145193,93.7500,588.41
2110,0.167862,92.1875,497.19
2111,0.171687,90.6250,502.83
2112,0.118099,93.7500,610.54
2113,0.114754,95.3125,498.50
2114,0.091200,92.1875,605.82
2115,0.095250,95.3125,499.19
2116,0.123130,98.4375,573.59
2117,0.193304,90.6250,523.47
2118,0.125610,95.3125,576.34
2119,0.189877,93.7500,523.27
2120,0.144331,92.1875,500.25
2121,0.118371,95.3125,632.03
2122,0.160756,95.3125,499.28
2123,0.193720,93.7500,579.27
2124,0.128982,96.8750,497.08
2125,0.212010,92.1875,501.34
2126,0.072223,98.4375,653.91
2127,0.232932,89.0625,518.74
2128,0.186821,90.6250,587.27
2129,0.046118,100.0000,509.08
2130,0.300034,90.6250,590.30
2131,0.121267,96.8750,499.22
2132,0.148336,93.7500,582.27
2133,0.255629,95.3125,497.23
2134,0.103448,96.8750,597.45
2135,0.127736,93.7500,501.42
2136,0.056838,98.4375,505.29
2137,0.126858,95.3125,598.43
2138,0.111158,95.3125,505.25
2139,0.103152,96.8750,610.36
2140,0.139217,95.3125,531.17
2141,0.230538,87.5000,555.37
2142,0.139650,95.3125,564.45
2143,0.123927,95.3125,512.15
2144,0.195390,93.7500,495.49
2145,0.082838,98.4375,629.06
2146,0.129099,96.8750,490.08
2147,0.132174,93.7500,545.76
2148,0.373475,90.6250,527.00
2149,0.203111,89.0625,497.43
2150,0.199221,92.1875,648.06
2151,0.236332,95.3125,499.01
2152,0.076385,98.4375,597.85
2153,0.182469,95.3125,501.53
2154,0.182487,95.3125,553.49
2155,0.185501,93.7500,528.98
2156,0.110340,95.3125,558.46
2157,0.096455,98.4375,531.07
2158,0.087416,96.8750,503.92
2159,0.129912,95.3125,653.19
2160,0.085296,96.8750,505.03
2161,0.153879,92.1875,634.62
2162,0.130715,95.3125,498.86
2163,0.196755,93.7500,573.66
2164,0.119300,93.7500,512.70
2165,0.120771,95.3125,502.73
2166,0.052744,96.8750,657.81
2167,0.352435,92.1875,508.33
2168,0.105775,96.8750,549.18
2169,0.096879,96.8750,498.89
2170,0.224381,93.7500,535.69
2171,0.123189,95.3125,553.20
2172,0.142269,95.3125,500.81
2173,0.178801,93.7500,622.92
2174,0.154696,95.3125,508.26
2175,0.113797,95.3125,588.81
2176,0.110720,95.3125,502.71
2177,0.094179,96.8750,501.90
2178,0.189571,90.6250,600.02
2179,0.127410,93.7500,497.73
2180,0.131030,93.7500,597.02
2181,0.066403,100.0000,500.07
2182,0.146203,90.6250,506.19
2183,0.138305,93.7500,635.31
2184,0.197555,89.0625,502.93
2185,0.096886,93.7500,607.51
2186,0.162574,92.1875,525.87
2187,0.078269,98.4375,552.82
2188,0.093335,95.3125,563.04
2189,0.252562,90.6250,504.81
2190,0.158722,93.7500,497.76
2191,0.119912,96.8750,585.64
2192,0.225211,89.0625,495.74
2193,0.419194,87.5000,599.67
2194,0.316373,89.0625,501.53
2195,0.115604,95.3125,519.45
2196,0.196832,92.1875,581.64
2197,0.113329,93.7500,494.39
2198,0.079368,98.4375,582.87
2199,0.129939,93.7500,500.93
2200,0.206724,90.6250,506.53
2201,0.229165,95.3125,605.16
2202,0.183698,92.1875,544.85
2203,0.216983,95.3125,547.31
2204,0.148112,96.8750,500.18
2205,0.041245,100.0000,644.54
2206,0.086807,98.4375,527.59
2207,0.199901,92.1875,547.74
2208,0.197479,95.3125,547.08
2209,0.137304,92.1875,538.04
2210,0.164433,93.7500,516.44
2211,0.166053,92.1875,582.19
2212,0.214645,96.8750,554.04
2213,0.086812,98.4375,497.70
2214,0.304102,92.1875,502.17
2215,0.267419,92.1875,618.65
2216,0.197160,96.8750,498.79
2217,0.317751,90.6250,562.32
2218,0.101708,96.8750,499.71
2219,0.240932,87.5000,499.30
2220,0.087954,98.4375,594.90
2221,0.177016,93.7500,500.75
2222,0.198687,95.3125,568.68
2223,0.088335,96.8750,517.52
2224,0.168938,95.3125,560.95
2225,0.091727,98.4375,501.11
2226,0.163631,95.3125,518.30
2227,0.109001,96.8750,571.87
2228,0.058146,100.0000,505.38
2229,0.215370,93.7500,551.50
2230,0.169903,92.1875,501.10
2231,0.200070,92.1875,496.11
2232,0.157807,95.3125,591.16
2233,0.140019,92.1875,501.70
2234,0.165659,93.7500,589.56
2235,0.108725,96.8750,498.31
2236,0.213829,90.6250,560.29
2237,0.113724,93.7500,512.23
2238,0.139925,96.8750,541.45
2239,0.154273,95.3125,560.44
2240,0.077980,96.8750,541.38
2241,0.157927,93.7500,551.20
2242,0.083655,96.8750,502.28
2243,0.090185,96.8750,594.84
2244,0.286422,89.0625,504.34
2245,0.189973,93.7500,583.65
2246,0.121241,95.3125,501.87
2247,0.240304,92.1875,508.13
2248,0.108928,96.8750,639.14
2249,0.107900,98.4375,503.58
2250,0.125938,95.3125,567.51
2251,0.160858,93.7500,507.69
2252,0.099620,98.4375,507.07
2253,0.057805,98.4375,645.79
2254,0.179982,95.3125,501.99
2255,0.118755,93.7500,601.01
2256,0.060539,96.8750,500.05
2257,0.222936,95.3125,520.30
2258,0.200637,93.7500,587.92
2259,0.123724,95.3125,503.14
2260,0.126071,96.8750,646.60
2261,0.129260,96.8750,500.76
2262,0.186431,90.6250,582.12
2263,0.124894,93.7500,505.29
2264,0.096099,96.8750,559.59
2265,0.171711,90.6250,503.60
2266,0.218383,93.7500,532.16
2267,0.322677,90.6250,564.86
2268,0.113256,95.3125,566.02
2269,0.315740,87.5000,531.56
2270,0.097681,95.3125,503.42
2271,0.147449,95.3125,656.28
2272,0.129348,93.7500,506.29
2273,0.108187,96.8750,652.06
2274,0.120649,96.8750,503.28
2275,0.121395,98.4375,594.70
2276,0.072747,98.4375,512.09
2277,0.256203,92.1875,548.23
2278,0.194228,93.7500,544.49
2279,0.137137,92.1875,569.84
2280,0.222730,92.1875,499.29
2281,0.265709,92.1875,502.25
2282,0.192065,93.7500,599.58
2283,0.176947,93.7500,505.03
2284,0.152615,95.3125,561.13
2285,0.261543,92.1875,504.50
2286,0.174416,92.1875,553.88
2287,0.058315,96.8750,534.24
2288,0.168194,95.3125,571.58
2289,0.200259,93.7500,518.35
2290,0.128943,95.3125,574.26
2291,0.126513,93.7500,501.55
2292,0.302589,93.7500,501.94
2293,0.098886,96.8750,601.94
2294,0.206549,95.3125,502.85
2295,0.266801,92.1875,635.67
2296,0.117756,93.7500,497.09
2297,0.219688,95.3125,618.84
2298,0.139520,95.3125,515.75
2299,0.239893,89.0625,573.87
2300,0.103202,96.8750,552.82
2301,0.278289,93.7500,541.12
2302,0.122902,95.3125,499.26
2303,0.154441,93.7500,586.88
2304,0.080456,95.3125,501.72
2305,0.114738,95.3125,550.99
2306,0.054404,98.4375,502.10
2307,0.243982,92.1875,498.32
2308,0.083363,96.8750,606.62
2309,0.235323,95.3125,539.16
2310,0.182739,95.3125,561.83
2311,0.178670,90.6250,495.91
2312,0.103271,93.7500,576.60
2313,0.218420,92.1875,503.09
2314,0.022443,100.0000,552.07
2315,0.112456,96.8750,534.69
2316,0.146121,95.3125,567.43
2317,0.044709,100.0000,500.09
2318,0.293264,90.6250,501.61
2319,0.188275,93.7500,591.78
2320,0.073321,98.4375,498.94
2321,0.230251,90.6250,619.10
2322,0.104289,96.8750,503.18
2323,0.093965,96.8750,632.04
2324,0.415620,89.0625,501.13
2325,0.189998,93.7500,596.17
2326,0.215175,92.1875,500.53
2327,0.119507,93.7500,563.81
2328,0.264131,90.6250,501.64
2329,0.243827,92.1875,500.04
2330,0.052958,98.4375,605.51
2331,0.116748,95.3125,504.08
2332,0.108770,96.8750,565.29
2333,0.226001,93.7500,501.47
2334,0.141357,96.8750,499.10
2335,0.056871,98.4375,648.76
2336,0.296703,87.5000,501.56
2337,0.165654,95.3125,565.97
2338,0.045353,100.0000,503.71
2339,0.291520,92.1875,572.17
2340,0.234041,89.0625,506.56
2341,0.273763,90.6250,534.86
2342,0.231023,93.7500,555.08
2343,0.185638,93.7500,497.30
2344,0.117277,95.3125,595.72
2345,0.175573,92.1875,498.08
2346,0.078589,98.4375,582.19
2347,0.084523,96.8750,499.49
2348,0.183095,95.3125,652.07
2349,0.222338,90.6250,503.71
2350,0.282637,93.7500,579.54
2351,0.176909,93.7500,521.66
2352,0.123014,95.3125,494.56
2353,0.123829,96.8750,613.45
2354,0.101467,95.3125,499.02
2355,0.204466,90.6250,544.84
2356,0.120015,95.3125,543.76
2357,0.270840,89.0625,520.80
2358,0.029593,100.0000,607.31
2359,0.179692,92.1875,500.00
2360,0.162874,92.1875,575.98
2361,0.197304,92.1875,502.54
2362,0.105239,93.7500,499.33
2363,0.112704,98.4375,590.48
2364,0.063815,100.0000,498.19
2365,0.270634,87.5000,650.51
2366,0.127851,96.8750,496.88
2367,0.130623,93.7500,566.33
2368,0.138126,92.1875,501.03
2369,0.131016,93.7500,586.79
2370,0.123510,98.4375,503.29
2371,0.285683,92.1875,576.27
2372,0.144455,95.3125,503.85
2373,0.223164,89.0625,588.00
2374,0.156708,96.8750,497.78
2375,0.051573,100.0000,582.95
2376,0.229496,95.3125,501.69
2377,0.214467,92.1875,580.38
2378,0.348961,89.0625,496.99
2379,0.156695,95.3125,552.58
2380,0.147611,96.8750,549.40
2381,0.126339,96.8750,572.07
2382,0.141495,93.7500,501.55
2383,0.146638,93.7500,530.84
2384,0.127573,95.3125,550.54
2385,0.181690,93.7500,520.80
2386,0.091796,98.4375,571.81
2387,0.251204,89.0625,547.27
2388,0.204246,90.6250,541.71
2389,0.110867,96.8750,549.60
2390,0.101905,95.3125,531.97
2391,0.158423,93.7500,498.65
2392,0.132596,96.8750,582.27
2393,0.093081,96.8750,498.64
2394,0.087092,98.4375,599.16
2395,0.127020,95.3125,501.97
2396,0.145478,95.3125,610.20
2397,0.119479,96.8750,499.07
2398,0.123193,96.8750,543.57
2399,0.061872,96.8750,532.46
2400,0.288370,87.5000,494.97
2401,0.128318,95.3125,626.38
2402,0.069986,98.4375,503.15
2403,0.161844,92.1875,614.24
2404,0.145849,96.8750,494.40
2405,0.088311,95.3125,589.18
2406,0.107170,96.8750,507.52
2407,0.243892,89.0625,551.89
2408,0.197799,93.7500,529.53
2409,0.241774,95.3125,564.29
2410,0.165629,93.7500,505.40
2411,0.290106,87.5000,500.48
2412,0.099688,98.4375,615.93
2413,0.167434,93.7500,497.73
2414,0.091978,96.8750,614.32
2415,0.247338,87.5000,499.83
2416,0.083699,98.4375,565.11
2417,0.104092,96.8750,499.29
2418,0.107113,95.3125,566.90
2419,0.216143,93.7500,496.96
2420,0.107696,96.8750,554.98
2421,0.113754,96.8750,499.20
2422,0.113758,95.3125,498.47
2423,0.114021,98.4375,651.73
2424,0.078772,98.4375,504.10
2425,0.216059,92.1875,643.09
2426,0.243024,90.6250,502.99
2427,0.082141,98.4375,592.79
2428,0.106115,95.3125,513.63
2429,0.197825,90.6250,588.52
2430,0.368980,90.6250,502.72
2431,0.233254,85.9375,563.94
2432,0.120644,96.8750,503.09
2433,0.215158,93.7500,501.50
2434,0.160320,92.1875,651.27
2435,0.207523,95.3125,502.52
2436,0.196560,89.0625,518.99
2437,0.152938,96.8750,588.29
2438,0.218466,90.6250,501.48
2439,0.117091,96.8750,587.80
2440,0.289470,92.1875,501.35
2441,0.198929,92.1875,583.49
2442,0.311640,90.6250,505.56
2443,0.121009,95.3125,624.31
2444,0.088886,96.8750,501.55
2445,0.279449,93.7500,581.91
2446,0.171094,95.3125,499.41
2447,0.168227,93.7500,527.42
2448,0.170710,93.7500,567.23
2449,0.129431,93.7500,507.31
2450,0.154987,95.3125,651.07
2451,0.093207,96.8750,500.50
2452,0.172903,93.7500,637.91
2453,0.139076,95.3125,499.71
2454,0.256753,89.0625,553.99
2455,0.148597,93.7500,523.47
2456,0.156704,95.3125,563.63
2457,0.237941,89.0625,498.57
2458,0.067075,98.4375,565.40
2459,0.329205,92.1875,497.28
2460,0.112024,95.3125,596.90
2461,0.144596,93.7500,500.09
2462,0.073348,96.8750,497.67
2463,0.241855,90.6250,594.62
2464,0.217469,95.3125,504.29
2465,0.243054,90.6250,638.25
2466,0.144965,95.3125,497.82
2467,0.172594,95.3125,642.90
2468,0.185021,93.7500,506.08
2469,0.077971,98.4375,559.13
2470,0.049704,98.4375,500.05
2471,0.119293,96.8750,572.31
2472,0.061065,98.4375,499.67
2473,0.138852,93.7500,499.81
2474,0.140380,93.7500,604.80
2475,0.139230,95.3125,499.07
2476,0.139248,93.7500,596.93
2477,0.142164,95.3125,501.60
2478,0.089118,96.8750,569.11
2479,0.250736,92.1875,500.23
2480,0.214051,90.6250,557.73
2481,0.201004,93.7500,498.80
2482,0.161983,98.4375,502.53
2483,0.193819,90.6250,596.91
2484,0.122163,93.7500,551.56
2485,0.257426,92.1875,550.69
2486,0.153901,93.7500,502.53
2487,0.047508,100.0000,578.13
2488,0.096786,96.8750,503.42
2489,0.132846,96.8750,578.54
2490,0.073065,96.8750,503.27
2491,0.153367,93.7500,502.12
2492,0.181205,90.6250,603.44
2493,0.182072,96.8750,512.47
2494,0.191394,96.8750,596.81
2495,0.130559,95.3125,501.09
2496,0.096664,96.8750,563.15
2497,0.159151,93.7500,508.88
2498,0.136936,95.3125,594.22
2499,0.085721,96.8750,499.50
2500,0.100058,96.8750,497.93
2501,0.158658,95.3125,617.44
2502,0.113955,93.7500,500.25
2503,0.107614,95.3125,583.24
2504,0.078930,98.4375,502.66
2505,0.349813,90.6250,655.16
2506,0.148875,96.8750,501.68
2507,0.159212,95.3125,570.52
2508,0.197685,92.1875,500.83
2509,0.136335,96.8750,581.83
2510,0.127754,95.3125,504.89
2511,0.113950,95.3125,499.72
2512,0.130386,96.8750,615.27
2513,0.082578,98.4375,514.91
2514,0.084044,95.3125,580.71
2515,0.103014,96.8750,498.08
2516,0.103082,96.8750,658.15
2517,0.108661,96.8750,502.02
2518,0.107461,96.8750,528.98
2519,0.168376,95.3125,566.35
2520,0.063458,100.0000,521.41
2521,0.187229,93.7500,592.47
2522,0.040595,98.4375,500.88
2523,0.047537,98.4375,557.41
2524,0.253937,92.1875,502.73
2525,0.104587,95.3125,562.75
2526,0.156394,93.7500,497.67
2527,0.211117,92.1875,535.51
2528,0.089329,95.3125,562.01
2529,0.076851,95.3125,500.01
2530,0.115513,95.3125,614.64
2531,0.081322,98.4375,498.17
2532,0.209164,95.3125,547.39
2533,0.097523,96.8750,541.72
2534,0.140080,96.8750,556.22
2535,0.161501,92.1875,499.14
2536,0.124161,96.8750,547.84
2537,0.224109,92.1875,523.63
2538,0.203512,92.1875,571.08
2539,0.135485,95.3125,506.62
2540,0.225861,89.0625,498.89
2541,0.045199,100.0000,627.60
2542,0.110128,96.8750,502.39
2543,0.141680,96.8750,567.65
2544,0.087893,96.8750,496.28
2545,0.099705,96.8750,535.77
2546,0.306236,93.7500,559.92
2547,0.143652,96.8750,500.53
2548,0.084235,96.8750,587.23
2549,0.143323,96.8750,502.18
2550,0.057015,98.4375,539.71
2551,0.156322,93.7500,560.71
2552,0.093609,96.8750,529.11
2553,0.185130,89.0625,567.54
2554,0.172794,90.6250,498.58
2555,0.211429,95.3125,566.16
2556,0.041973,100.0000,499.90
2557,0.254014,89.0625,553.38
2558,0.207927,92.1875,521.32
2559,0.248250,89.0625,565.88
2560,0.089888,96.8750,499.89
2561,0.042810,98.4375,500.83
2562,0.079816,98.4375,577.49
2563,0.163607,93.7500,498.45
2564,0.076218,98.4375,598.68
2565,0.093724,96.8750,503.04
2566,0.203643,90.6250,535.12
2567,0.151227,95.3125,572.23
2568,0.282612,89.0625,550.82
2569,0.103663,96.8750,548.26
2570,0.011427,100.0000,107.07
