batch_idx,loss,accuracy,time_ms
1,0.219261,92.1875,531.28
2,0.302902,87.5000,527.10
3,0.472725,84.3750,577.46
4,0.362368,89.0625,514.58
5,0.454124,82.8125,586.63
6,0.328333,89.0625,514.73
7,0.560002,79.6875,545.05
8,0.397897,85.9375,559.31
9,0.305958,92.1875,592.96
10,0.256306,90.6250,527.88
11,0.400076,85.9375,523.70
12,0.248462,89.0625,623.98
13,0.456153,85.9375,521.31
14,0.527495,81.2500,568.05
15,0.201423,93.7500,520.26
16,0.549136,81.2500,574.28
17,0.516052,87.5000,563.78
18,0.224954,90.6250,569.79
19,0.322921,87.5000,544.13
20,0.485780,90.6250,607.84
21,0.494891,79.6875,513.50
22,0.351251,90.6250,570.82
23,0.219644,92.1875,521.78
24,0.309859,89.0625,516.06
25,0.265506,89.0625,660.62
26,0.371359,85.9375,512.72
27,0.191244,96.8750,590.24
28,0.351338,84.3750,512.16
29,0.459106,85.9375,568.08
30,0.374261,92.1875,557.11
31,0.342947,85.9375,577.15
32,0.554642,81.2500,514.68
33,0.557320,81.2500,573.01
34,0.400727,87.5000,514.44
35,0.536021,81.2500,553.41
36,0.343940,87.5000,518.74
37,0.382427,87.5000,588.10
38,0.351702,87.5000,515.06
39,0.441378,85.9375,511.92
40,0.170056,93.7500,621.05
41,0.514624,82.8125,516.76
42,0.157329,98.4375,640.06
43,0.280379,89.0625,549.48
44,0.351853,87.5000,569.04
45,0.407621,85.9375,576.83
46,0.319274,89.0625,516.10
47,0.485903,81.2500,591.46
48,0.370035,85.9375,517.62
49,0.263310,92.1875,514.87
50,0.470893,87.5000,638.05
51,0.240327,96.8750,519.33
52,0.397908,87.5000,574.05
53,0.347089,87.5000,507.37
54,0.353837,87.5000,512.06
55,0.293929,92.1875,605.55
56,0.268834,89.0625,519.14
57,0.638722,78.1250,657.36
58,0.484137,87.5000,512.55
59,0.308416,87.5000,662.69
60,0.460031,81.2500,514.46
61,0.221835,93.7500,567.98
62,0.408198,89.0625,499.75
63,0.307172,89.0625,566.20
64,0.185474,93.7500,513.95
65,0.375119,89.0625,568.15
66,0.262154,89.0625,491.39
67,0.320352,92.1875,495.39
68,0.361236,85.9375,645.49
69,0.203053,92.1875,493.67
70,0.393758,85.9375,582.10
71,0.273029,90.6250,488.28
72,0.293056,89.0625,524.81
73,0.593204,81.2500,549.56
74,0.321852,87.5000,555.27
75,0.392728,84.3750,511.75
76,0.464700,79.6875,498.73
77,0.282578,95.3125,561.11
78,0.297562,89.0625,498.67
79,0.338215,85.9375,579.75
80,0.351879,92.1875,500.39
81,0.369078,84.3750,530.96
82,0.322227,89.0625,559.56
83,0.420737,87.5000,502.07
84,0.214879,89.0625,597.51
85,0.521550,85.9375,502.23
86,0.427821,79.6875,590.43
87,0.259303,92.1875,505.47
88,0.256268,92.1875,514.68
89,0.220365,96.8750,615.64
90,0.350349,87.5000,542.57
91,0.279382,90.6250,547.00
92,0.145514,95.3125,515.83
93,0.476874,82.8125,589.49
94,0.152901,95.3125,502.70
95,0.484024,82.8125,593.78
96,0.241936,96.8750,501.03
97,0.409050,81.2500,598.68
98,0.284668,90.6250,500.66
99,0.395710,89.0625,590.57
100,0.333773,90.6250,499.02
101,0.477070,85.9375,501.69
102,0.202336,93.7500,604.08
103,0.293877,89.0625,498.77
104,0.431167,82.8125,560.11
105,0.514141,87.5000,501.65
106,0.262995,93.7500,499.22
107,0.308611,87.5000,587.76
108,0.355412,84.3750,500.57
109,0.287148,90.6250,625.73
110,0.575447,78.1250,513.74
111,0.287984,93.7500,597.42
112,0.426706,85.9375,534.51
113,0.429998,84.3750,559.46
114,0.301964,89.0625,502.67
115,0.434891,85.9375,580.24
116,0.256655,90.6250,498.43
117,0.251234,93.7500,559.99
118,0.281578,92.1875,504.62
119,0.243931,90.6250,500.39
120,0.375641,89.0625,614.35
121,0.416601,85.9375,496.25
122,0.366580,87.5000,647.79
123,0.348959,90.6250,496.09
124,0.387988,89.0625,600.23
125,0.284333,90.6250,511.76
126,0.304088,92.1875,586.55
127,0.316710,89.0625,500.77
128,0.448003,87.5000,651.15
129,0.547213,81.2500,504.05
130,0.359417,85.9375,534.55
131,0.554944,87.5000,550.61
132,0.401728,85.9375,549.21
133,0.278178,89.0625,528.07
134,0.476850,89.0625,497.49
135,0.167601,95.3125,589.52
136,0.427425,84.3750,503.41
137,0.401790,81.2500,570.12
138,0.467354,82.8125,503.43
139,0.361112,85.9375,555.27
140,0.466403,85.9375,505.01
141,0.408143,82.8125,496.91
142,0.462696,84.3750,638.52
143,0.240136,90.6250,503.12
144,0.171857,95.3125,561.83
145,0.461979,84.3750,498.73
146,0.444395,87.5000,504.94
147,0.434698,92.1875,639.70
148,0.334500,89.0625,505.59
149,0.397516,84.3750,570.66
150,0.383704,87.5000,498.43
151,0.472164,81.2500,553.53
152,0.262828,90.6250,530.64
153,0.210328,92.1875,499.34
154,0.419393,82.8125,631.41
155,0.253672,96.8750,501.00
156,0.340658,89.0625,622.80
157,0.379223,85.9375,518.29
158,0.358182,84.3750,567.31
159,0.273119,90.6250,495.94
160,0.475672,81.2500,567.04
161,0.351474,84.3750,506.52
162,0.446356,84.3750,512.17
163,0.368664,90.6250,620.05
164,0.268801,95.3125,501.73
165,0.279920,89.0625,553.53
166,0.384534,89.0625,545.94
167,0.485077,84.3750,500.93
168,0.294556,87.5000,608.96
169,0.195554,93.7500,499.19
170,0.278642,90.6250,653.16
171,0.271572,85.9375,500.28
172,0.212936,95.3125,563.29
173,0.232452,93.7500,509.59
174,0.329470,84.3750,500.52
175,0.234749,93.7500,632.19
176,0.250328,89.0625,497.00
177,0.431046,81.2500,563.47
178,0.547915,79.6875,494.71
179,0.413484,82.8125,555.62
180,0.302099,90.6250,497.89
181,0.279678,93.7500,577.84
182,0.373601,90.6250,506.01
183,0.327172,89.0625,546.38
184,0.622360,85.9375,531.67
185,0.291495,89.0625,499.40
186,0.276655,87.5000,647.97
187,0.507996,81.2500,495.25
188,0.364873,85.9375,586.07
189,0.206411,95.3125,500.53
190,0.346303,90.6250,505.20
191,0.296234,92.1875,594.16
192,0.684911,76.5625,500.28
193,0.324914,87.5000,599.48
194,0.342248,90.6250,499.27
195,0.407299,90.6250,582.36
196,0.361973,85.9375,499.05
197,0.375354,87.5000,558.45
198,0.379839,84.3750,544.73
199,0.447686,89.0625,505.58
200,0.420416,87.5000,630.06
201,0.478550,85.9375,504.71
202,0.258673,87.5000,556.64
203,0.254166,90.6250,501.33
204,0.492286,81.2500,555.88
205,0.359126,90.6250,518.16
206,0.423390,84.3750,564.54
207,0.350048,87.5000,503.90
208,0.641133,81.2500,499.85
209,0.327209,85.9375,613.90
210,0.231610,93.7500,501.53
211,0.216545,95.3125,594.86
212,0.329298,89.0625,504.78
213,0.304810,90.6250,550.15
214,0.292886,90.6250,516.71
215,0.287774,89.0625,556.03
216,0.251589,90.6250,495.64
217,0.276018,90.6250,498.62
218,0.380724,87.5000,594.10
219,0.431993,90.6250,491.81
220,0.252647,93.7500,654.20
221,0.341448,85.9375,495.77
222,0.467692,84.3750,624.90
223,0.272206,87.5000,498.74
224,0.256612,95.3125,524.48
225,0.390579,87.5000,561.71
226,0.285525,90.6250,496.06
227,0.302193,90.6250,613.75
228,0.267941,90.6250,536.92
229,0.269987,90.6250,556.05
230,0.301137,89.0625,504.65
231,0.274581,90.6250,652.19
232,0.399311,87.5000,505.63
233,0.459817,84.3750,611.63
234,0.253171,92.1875,504.61
235,0.292146,90.6250,640.12
236,0.280719,90.6250,512.44
237,0.472414,79.6875,564.37
238,0.434393,82.8125,505.52
239,0.567751,87.5000,556.80
240,0.350757,92.1875,533.07
241,0.273230,92.1875,561.82
242,0.315528,90.6250,503.16
243,0.423003,85.9375,588.00
244,0.198750,93.7500,507.34
245,0.183651,90.6250,507.87
246,0.249041,89.0625,615.12
247,0.489470,82.8125,510.93
248,0.409353,89.0625,638.12
249,0.399532,84.3750,507.60
250,0.321291,92.1875,613.49
251,0.319983,92.1875,503.79
252,0.186281,95.3125,599.90
253,0.321802,87.5000,504.66
254,0.396777,84.3750,535.76
255,0.522475,78.1250,562.31
256,0.587056,78.1250,554.52
257,0.245845,90.6250,527.58
258,0.348818,85.9375,545.24
259,0.326192,84.3750,550.67
260,0.275870,90.6250,554.16
261,0.289264,92.1875,518.31
262,0.344146,84.3750,580.51
263,0.193137,92.1875,504.00
264,0.557381,78.1250,499.18
265,0.280728,93.7500,653.16
266,0.343343,87.5000,499.65
267,0.325427,87.5000,629.77
268,0.312587,90.6250,502.64
269,0.244199,92.1875,594.12
270,0.289954,87.5000,498.34
271,0.387600,84.3750,661.68
272,0.272225,92.1875,503.26
273,0.299688,90.6250,545.21
274,0.192535,90.6250,521.83
275,0.386007,89.0625,570.21
276,0.242410,93.7500,501.24
277,0.295319,89.0625,580.91
278,0.235579,95.3125,502.88
279,0.243913,92.1875,500.62
280,0.296180,89.0625,633.59
281,0.693916,75.0000,503.07
282,0.422202,90.6250,557.48
283,0.219267,95.3125,502.73
284,0.328548,90.6250,503.33
285,0.524354,85.9375,601.30
286,0.183167,93.7500,504.34
287,0.214691,96.8750,604.57
288,0.242119,92.1875,498.72
289,0.285184,89.0625,595.49
290,0.358285,87.5000,503.62
291,0.271856,87.5000,504.31
292,0.344547,89.0625,597.71
293,0.236718,90.6250,500.21
294,0.359646,89.0625,555.92
295,0.445657,84.3750,515.07
296,0.328985,89.0625,581.77
297,0.161079,93.7500,497.97
298,0.374238,85.9375,540.81
299,0.272112,92.1875,538.57
300,0.471134,85.9375,525.25
301,0.415037,82.8125,590.90
302,0.437269,84.3750,502.39
303,0.246221,95.3125,606.28
304,0.399458,90.6250,496.61
305,0.520168,87.5000,607.79
306,0.313480,85.9375,499.09
307,0.311335,87.5000,640.37
308,0.378485,85.9375,506.52
309,0.320387,92.1875,613.93
310,0.308015,84.3750,516.21
311,0.332857,87.5000,580.09
312,0.311194,90.6250,498.40
313,0.378165,85.9375,557.28
314,0.286148,89.0625,496.29
315,0.266166,90.6250,561.48
316,0.265822,92.1875,514.98
317,0.270721,92.1875,570.04
318,0.279539,89.0625,488.34
319,0.589557,82.8125,547.30
320,0.389045,85.9375,514.97
321,0.304162,90.6250,550.85
322,0.343908,85.9375,511.45
323,0.213318,93.7500,554.37
324,0.327473,87.5000,533.71
325,0.224539,89.0625,504.38
326,0.290370,92.1875,575.61
327,0.392610,89.0625,502.15
328,0.315106,90.6250,597.22
329,0.294691,85.9375,503.77
330,0.265326,93.7500,650.38
331,0.314204,89.0625,516.35
332,0.196814,96.8750,651.15
333,0.266536,90.6250,504.37
334,0.325993,87.5000,582.32
335,0.474386,87.5000,508.98
336,0.288052,89.0625,568.83
337,0.303387,92.1875,508.81
338,0.391367,87.5000,502.81
339,0.323237,87.5000,629.39
340,0.359717,90.6250,506.45
341,0.433738,85.9375,574.47
342,0.609305,81.2500,518.29
343,0.321524,81.2500,497.30
344,0.245373,93.7500,623.46
345,0.326878,90.6250,511.22
346,0.362170,89.0625,601.50
347,0.386089,89.0625,508.53
348,0.285349,90.6250,603.24
349,0.159238,96.8750,511.36
350,0.250883,93.7500,507.68
351,0.450082,85.9375,620.92
352,0.186084,92.1875,502.33
353,0.221662,92.1875,601.14
354,0.429232,87.5000,509.49
355,0.241745,92.1875,579.36
356,0.390684,85.9375,503.86
357,0.386909,87.5000,504.35
358,0.397932,85.9375,598.80
359,0.121092,98.4375,504.68
360,0.247417,93.7500,656.26
361,0.335431,89.0625,541.13
362,0.370698,87.5000,564.29
363,0.304096,87.5000,572.35
364,0.408084,85.9375,503.18
365,0.421519,89.0625,558.81
366,0.378327,90.6250,521.75
367,0.402481,81.2500,500.63
368,0.166267,95.3125,592.68
369,0.432207,89.0625,500.43
370,0.266724,90.6250,597.95
371,0.313210,89.0625,501.56
372,0.484681,85.9375,553.37
373,0.387067,84.3750,544.49
374,0.228086,92.1875,547.36
375,0.415942,79.6875,535.98
376,0.313381,85.9375,552.20
377,0.327884,89.0625,518.35
378,0.349136,84.3750,504.08
379,0.352489,89.0625,586.27
380,0.209480,95.3125,496.94
381,0.186852,95.3125,619.06
382,0.310620,85.9375,510.82
383,0.131662,96.8750,576.52
384,0.245901,89.0625,500.55
385,0.312083,89.0625,497.95
386,0.414892,84.3750,642.62
387,0.467198,87.5000,497.07
388,0.376336,92.1875,614.87
389,0.217466,90.6250,495.83
390,0.510630,90.6250,583.10
391,0.268061,92.1875,504.34
392,0.329165,85.9375,626.26
393,0.326864,87.5000,502.17
394,0.347060,87.5000,634.10
395,0.284307,90.6250,499.18
396,0.316814,92.1875,568.80
397,0.320125,89.0625,505.82
398,0.212709,89.0625,494.04
399,0.235797,92.1875,622.21
400,0.291022,96.8750,500.01
401,0.407962,81.2500,503.09
402,0.217777,89.0625,598.26
403,0.322202,87.5000,497.99
404,0.197911,93.7500,581.54
405,0.406461,85.9375,495.66
406,0.271850,92.1875,551.22
407,0.212011,95.3125,532.21
408,0.439346,89.0625,541.62
409,0.321132,84.3750,548.26
410,0.396500,90.6250,494.43
411,0.109460,98.4375,550.91
412,0.271260,90.6250,493.34
413,0.252964,92.1875,490.56
414,0.313519,92.1875,628.06
415,0.335730,85.9375,490.01
416,0.297019,89.0625,573.17
417,0.388499,84.3750,500.56
418,0.214237,96.8750,505.36
419,0.335120,89.0625,591.06
420,0.117229,98.4375,547.23
421,0.386153,92.1875,543.98
422,0.336765,87.5000,495.03
423,0.230904,90.6250,597.99
424,0.280802,90.6250,500.25
425,0.375389,85.9375,614.13
426,0.269419,93.7500,500.13
427,0.260603,92.1875,574.07
428,0.430911,89.0625,503.98
429,0.522054,90.6250,502.14
430,0.367040,89.0625,612.90
431,0.218019,93.7500,500.02
432,0.362286,87.5000,552.28
433,0.351029,87.5000,524.42
434,0.218881,95.3125,550.10
435,0.335687,87.5000,534.65
436,0.479981,82.8125,533.47
437,0.362856,84.3750,556.16
438,0.344848,89.0625,499.22
439,0.506320,87.5000,668.98
440,0.309039,87.5000,499.05
441,0.370739,84.3750,597.69
442,0.235238,93.7500,500.46
443,0.373311,85.9375,504.74
444,0.437706,89.0625,655.63
445,0.451652,84.3750,505.51
446,0.222850,90.6250,627.21
447,0.467338,84.3750,514.33
448,0.357927,89.0625,591.03
449,0.402643,90.6250,507.87
450,0.376313,89.0625,635.29
451,0.450684,84.3750,501.43
452,0.167203,96.8750,586.04
453,0.137246,96.8750,499.38
454,0.198960,95.3125,617.44
455,0.179579,98.4375,509.15
456,0.402710,89.0625,640.62
457,0.242997,92.1875,515.87
458,0.481352,89.0625,581.17
459,0.338946,90.6250,507.53
460,0.299639,89.0625,567.76
461,0.353158,89.0625,502.71
462,0.339436,87.5000,502.91
463,0.290046,90.6250,601.75
464,0.236107,92.1875,499.30
465,0.212266,93.7500,559.68
466,0.388124,87.5000,497.98
467,0.444988,85.9375,558.07
468,0.288938,90.6250,498.60
469,0.391707,85.9375,502.59
470,0.379747,89.0625,648.50
471,0.218403,93.7500,496.56
472,0.183959,92.1875,598.34
473,0.235560,93.7500,504.15
474,0.179070,96.8750,581.42
475,0.181972,95.3125,503.09
476,0.301496,92.1875,498.80
477,0.397721,87.5000,621.17
478,0.318484,87.5000,498.63
479,0.268772,89.0625,554.27
480,0.317186,84.3750,504.21
481,0.310992,85.9375,498.65
482,0.353230,89.0625,596.24
483,0.130309,96.8750,498.68
484,0.401610,87.5000,573.59
485,0.329281,92.1875,518.50
486,0.326642,89.0625,581.22
487,0.239903,93.7500,497.87
488,0.244091,92.1875,587.53
489,0.444820,82.8125,498.79
490,0.266565,90.6250,544.57
491,0.291416,89.0625,537.65
492,0.598928,81.2500,557.74
493,0.242668,93.7500,502.94
494,0.437912,84.3750,569.14
495,0.212643,90.6250,498.75
496,0.168826,95.3125,497.16
497,0.449918,82.8125,594.59
498,0.201145,95.3125,515.13
499,0.527055,85.9375,567.94
500,0.382594,90.6250,542.89
501,0.454225,87.5000,538.82
502,0.259462,90.6250,538.78
503,0.311974,89.0625,549.90
504,0.252906,89.0625,503.49
505,0.187923,92.1875,589.65
506,0.203605,95.3125,500.29
507,0.321824,89.0625,632.51
508,0.348872,85.9375,502.58
509,0.251693,90.6250,630.61
510,0.278480,89.0625,502.35
511,0.268986,90.6250,556.38
512,0.278451,92.1875,497.23
513,0.350610,87.5000,502.04
514,0.229547,93.7500,616.55
515,0.220432,93.7500,529.44
516,0.304031,89.0625,572.47
517,0.441099,85.9375,562.71
518,0.403471,87.5000,500.33
519,0.294266,92.1875,520.14
520,0.158091,96.8750,589.02
521,0.339080,87.5000,496.87
522,0.498831,87.5000,626.03
523,0.245798,92.1875,499.79
524,0.197065,96.8750,549.86
525,0.355094,87.5000,550.67
526,0.285984,87.5000,509.16
527,0.410719,82.8125,576.39
528,0.474052,82.8125,505.74
529,0.301437,92.1875,556.82
530,0.454208,85.9375,550.80
531,0.230532,95.3125,502.13
532,0.420923,87.5000,588.18
533,0.566192,82.8125,505.64
534,0.197164,93.7500,610.13
535,0.389547,87.5000,502.92
536,0.420711,81.2500,558.68
537,0.346622,89.0625,501.77
538,0.262847,92.1875,497.73
539,0.201994,92.1875,601.64
540,0.232104,90.6250,502.81
541,0.344391,87.5000,561.99
542,0.550786,78.1250,500.86
543,0.250958,95.3125,560.96
544,0.297095,87.5000,504.65
545,0.255916,92.1875,499.59
546,0.223169,92.1875,647.46
547,0.358430,85.9375,499.91
548,0.252166,93.7500,561.89
549,0.390957,85.9375,502.17
550,0.325648,89.0625,558.86
551,0.415887,79.6875,498.20
552,0.492153,84.3750,565.10
553,0.290107,87.5000,499.83
554,0.374262,85.9375,504.64
555,0.208594,95.3125,622.78
556,0.301062,87.5000,504.31
557,0.512127,85.9375,570.18
558,0.280636,90.6250,519.22
559,0.314457,89.0625,507.05
560,0.163563,95.3125,591.14
561,0.343087,82.8125,535.25
562,0.480793,82.8125,545.97
563,0.178582,92.1875,506.75
564,0.368684,90.6250,631.75
565,0.297691,90.6250,505.39
566,0.323183,87.5000,584.56
567,0.192919,92.1875,496.05
568,0.245930,92.1875,594.47
569,0.371817,85.9375,497.33
570,0.227524,92.1875,642.17
571,0.337280,90.6250,501.14
572,0.303518,90.6250,596.89
573,0.490465,85.9375,497.30
574,0.321086,85.9375,585.86
575,0.237944,92.1875,496.53
576,0.167860,96.8750,601.60
577,0.407287,84.3750,501.49
578,0.212397,92.1875,573.78
579,0.367479,90.6250,501.04
580,0.137737,96.8750,552.35
581,0.214184,90.6250,499.35
582,0.399943,87.5000,516.32
583,0.201253,92.1875,589.59
584,0.239746,87.5000,497.95
585,0.343089,87.5000,556.05
586,0.282135,89.0625,498.97
587,0.221822,93.7500,533.99
588,0.123829,96.8750,558.83
589,0.212570,90.6250,499.70
590,0.412030,87.5000,615.51
591,0.241561,92.1875,497.71
592,0.253916,90.6250,629.56
593,0.271065,89.0625,497.06
594,0.263191,85.9375,500.46
595,0.251061,87.5000,593.26
596,0.329827,89.0625,501.02
597,0.465902,87.5000,603.66
598,0.311759,84.3750,526.17
599,0.278772,93.7500,553.57
600,0.437172,84.3750,495.75
601,0.340960,87.5000,514.17
602,0.289462,85.9375,603.32
603,0.244744,90.6250,510.92
604,0.133690,96.8750,563.55
605,0.292392,87.5000,504.39
606,0.317183,92.1875,566.71
607,0.245687,92.1875,505.58
608,0.232780,92.1875,532.99
609,0.194378,96.8750,567.56
610,0.230260,93.7500,497.96
611,0.329452,89.0625,602.61
612,0.249027,89.0625,497.27
613,0.364184,84.3750,619.03
614,0.313716,90.6250,499.11
615,0.168604,93.7500,620.00
616,0.438739,87.5000,503.81
617,0.128210,96.8750,520.64
618,0.359077,85.9375,585.53
619,0.206828,92.1875,497.04
620,0.254104,87.5000,556.31
621,0.511404,85.9375,497.83
622,0.185613,93.7500,560.15
623,0.347608,90.6250,499.85
624,0.253332,90.6250,555.67
625,0.280360,87.5000,550.61
626,0.304879,90.6250,527.21
627,0.166693,96.8750,560.98
628,0.175202,95.3125,496.30
629,0.272241,90.6250,653.53
630,0.208467,93.7500,497.27
631,0.303177,87.5000,599.27
632,0.180261,96.8750,500.56
633,0.287177,89.0625,583.94
634,0.271671,89.0625,493.79
635,0.236364,90.6250,514.28
636,0.371022,85.9375,584.06
637,0.196664,92.1875,498.20
638,0.164532,96.8750,583.31
639,0.258943,90.6250,508.11
640,0.299574,92.1875,521.50
641,0.261065,90.6250,563.35
642,0.418551,87.5000,533.85
643,0.365626,89.0625,562.06
644,0.376454,85.9375,504.49
645,0.222613,87.5000,594.81
646,0.545594,84.3750,499.60
647,0.378014,90.6250,565.24
648,0.332554,90.6250,504.25
649,0.107139,96.8750,555.53
650,0.265781,90.6250,496.89
651,0.172678,90.6250,496.62
652,0.487640,82.8125,583.09
653,0.330719,85.9375,499.64
654,0.318655,85.9375,546.73
655,0.277363,89.0625,539.53
656,0.381100,87.5000,498.18
657,0.181195,90.6250,599.13
658,0.285866,90.6250,497.86
659,0.279395,90.6250,599.39
660,0.255430,93.7500,497.97
661,0.205829,93.7500,498.03
662,0.535391,85.9375,599.98
663,0.213737,92.1875,538.48
664,0.241842,90.6250,545.83
665,0.144856,98.4375,502.16
666,0.443080,87.5000,578.77
667,0.330091,87.5000,500.97
668,0.228241,93.7500,498.92
669,0.396262,82.8125,602.75
670,0.532032,85.9375,502.01
671,0.269629,90.6250,645.98
672,0.219535,93.7500,501.62
673,0.376993,85.9375,600.14
674,0.363302,87.5000,499.99
675,0.454221,87.5000,568.05
676,0.373360,84.3750,526.67
677,0.334389,89.0625,592.82
678,0.415726,87.5000,497.82
679,0.390936,90.6250,506.22
680,0.205666,95.3125,593.13
681,0.285953,90.6250,550.80
682,0.352958,90.6250,535.76
683,0.413223,87.5000,504.34
684,0.324502,85.9375,627.99
685,0.164227,92.1875,503.33
686,0.304818,85.9375,580.23
687,0.320807,89.0625,499.26
688,0.378138,89.0625,563.98
689,0.300268,90.6250,496.77
690,0.354765,87.5000,556.53
691,0.377268,79.6875,547.81
692,0.239911,90.6250,502.18
693,0.363484,87.5000,604.57
694,0.266328,90.6250,501.27
695,0.377272,87.5000,547.71
696,0.287409,90.6250,537.48
697,0.338314,87.5000,550.34
698,0.248508,92.1875,548.07
699,0.466897,84.3750,498.54
700,0.172807,95.3125,574.80
701,0.486259,79.6875,499.67
702,0.377669,85.9375,581.56
703,0.244981,90.6250,500.34
704,0.442432,85.9375,593.53
705,0.199068,92.1875,506.48
706,0.491422,82.8125,529.19
707,0.238223,92.1875,569.09
708,0.198609,93.7500,499.18
709,0.253976,89.0625,628.51
710,0.425989,85.9375,497.17
711,0.267547,89.0625,580.38
712,0.253953,90.6250,502.60
713,0.411613,85.9375,583.20
714,0.391594,84.3750,501.47
715,0.318618,87.5000,561.59
716,0.169577,95.3125,529.46
717,0.208462,93.7500,561.37
718,0.284411,92.1875,521.51
719,0.273454,93.7500,502.28
720,0.266307,89.0625,591.69
721,0.204980,92.1875,498.69
722,0.207105,95.3125,653.00
723,0.351610,85.9375,498.67
724,0.257915,92.1875,605.44
725,0.439960,87.5000,506.65
726,0.221388,92.1875,558.41
727,0.289163,90.6250,501.29
728,0.271167,87.5000,528.37
729,0.317309,90.6250,562.85
730,0.450347,87.5000,494.16
731,0.174422,95.3125,553.53
732,0.244364,92.1875,492.52
733,0.159402,95.3125,497.02
734,0.306021,84.3750,579.40
735,0.464430,85.9375,493.34
736,0.232878,90.6250,491.45
737,0.343098,90.6250,608.67
738,0.379957,89.0625,521.74
739,0.494114,87.5000,580.16
740,0.349703,89.0625,499.14
741,0.262085,90.6250,585.75
742,0.423063,87.5000,502.89
743,0.353426,87.5000,496.40
744,0.369253,87.5000,627.75
745,0.392329,82.8125,495.15
746,0.352244,89.0625,541.42
747,0.205734,93.7500,531.74
748,0.450956,81.2500,498.01
749,0.154682,95.3125,577.94
750,0.251119,92.1875,498.69
751,0.245234,90.6250,569.62
752,0.335149,85.9375,489.40
753,0.286229,87.5000,494.51
754,0.266856,93.7500,596.40
755,0.231849,96.8750,505.06
756,0.474696,82.8125,633.03
757,0.384922,82.8125,507.79
758,0.211833,93.7500,608.53
759,0.348883,89.0625,501.78
760,0.199822,95.3125,642.91
761,0.416323,87.5000,505.69
762,0.316645,89.0625,603.27
763,0.293191,90.6250,502.79
764,0.272189,92.1875,590.19
765,0.199846,93.7500,505.05
766,0.303962,90.6250,585.56
767,0.295681,89.0625,500.56
768,0.223013,95.3125,566.74
769,0.277012,90.6250,498.56
770,0.302845,92.1875,579.26
771,0.421312,89.0625,501.61
772,0.252432,89.0625,591.58
773,0.351978,89.0625,499.56
774,0.222465,92.1875,500.62
775,0.201780,93.7500,602.37
776,0.362740,90.6250,512.06
777,0.371164,85.9375,599.08
778,0.198266,93.7500,518.87
779,0.193868,90.6250,575.88
780,0.222986,89.0625,502.42
781,0.290077,90.6250,567.56
782,0.341851,90.6250,496.64
783,0.181300,95.3125,501.35
784,0.513571,84.3750,642.11
785,0.397038,87.5000,501.98
786,0.487632,89.0625,648.26
787,0.247170,95.3125,535.97
788,0.347011,87.5000,558.31
789,0.398288,87.5000,544.51
790,0.562506,85.9375,547.39
791,0.422886,89.0625,522.43
792,0.373526,87.5000,573.03
793,0.235597,93.7500,531.78
794,0.210474,90.6250,531.14
795,0.378553,92.1875,503.63
796,0.272329,92.1875,586.60
797,0.438199,84.3750,498.90
798,0.230567,89.0625,577.33
799,0.328279,85.9375,499.65
800,0.222332,92.1875,495.96
801,0.261748,90.6250,644.30
802,0.256832,93.7500,503.27
803,0.351401,85.9375,544.31
804,0.221233,93.7500,552.52
805,0.308344,85.9375,504.38
806,0.266640,87.5000,578.61
807,0.338175,90.6250,499.87
808,0.297506,92.1875,646.42
809,0.188520,93.7500,495.40
810,0.145162,98.4375,641.62
811,0.408362,85.9375,501.71
812,0.347624,89.0625,563.04
813,0.401297,84.3750,501.57
814,0.383915,85.9375,500.71
815,0.467592,82.8125,650.93
816,0.494386,85.9375,547.77
817,0.258127,93.7500,555.63
818,0.238989,89.0625,552.85
819,0.338083,87.5000,497.96
820,0.572768,81.2500,504.36
821,0.200635,93.7500,601.82
822,0.378439,84.3750,498.28
823,0.266737,93.7500,592.29
824,0.350462,90.6250,510.63
825,0.294099,90.6250,532.08
826,0.294397,92.1875,567.19
827,0.344975,89.0625,499.24
828,0.383273,84.3750,619.83
829,0.375984,84.3750,500.72
830,0.117708,96.8750,637.74
831,0.382457,85.9375,497.33
832,0.231462,90.6250,585.87
833,0.235703,96.8750,498.72
834,0.299612,87.5000,514.68
835,0.264877,92.1875,572.75
836,0.356618,90.6250,501.54
837,0.366990,85.9375,568.61
838,0.347805,92.1875,501.23
839,0.358488,87.5000,555.28
840,0.395367,87.5000,499.18
841,0.241713,92.1875,497.20
842,0.154160,95.3125,645.38
843,0.226395,92.1875,501.34
844,0.282566,87.5000,533.97
845,0.333997,87.5000,564.77
846,0.258113,92.1875,503.79
847,0.221039,93.7500,567.78
848,0.274247,89.0625,503.27
849,0.262025,93.7500,520.92
850,0.383661,85.9375,594.23
851,0.557428,81.2500,505.44
852,0.405089,87.5000,600.63
853,0.333270,89.0625,534.19
854,0.312878,85.9375,556.84
855,0.243444,92.1875,551.97
856,0.260725,92.1875,538.71
857,0.134028,95.3125,541.12
858,0.148783,93.7500,550.79
859,0.295090,92.1875,520.04
860,0.258193,92.1875,583.33
861,0.351687,85.9375,499.90
862,0.225625,92.1875,557.87
863,0.302646,89.0625,500.26
864,0.362632,90.6250,541.19
865,0.379186,82.8125,552.15
866,0.547717,81.2500,498.88
867,0.326304,89.0625,644.27
868,0.273697,87.5000,501.48
869,0.359884,92.1875,616.77
870,0.291704,90.6250,499.46
871,0.187278,90.6250,580.06
872,0.201023,93.7500,499.57
873,0.120203,96.8750,498.07
874,0.427778,82.8125,640.42
875,0.266433,92.1875,500.92
876,0.339550,90.6250,564.85
877,0.491597,84.3750,510.68
878,0.473236,85.9375,505.01
879,0.257443,90.6250,655.22
880,0.226422,92.1875,508.97
881,0.292064,90.6250,609.12
882,0.264489,89.0625,504.41
883,0.287802,87.5000,608.86
884,0.515170,84.3750,503.03
885,0.330462,87.5000,643.95
886,0.324800,87.5000,504.90
887,0.256935,93.7500,580.93
888,0.228596,92.1875,501.74
889,0.214611,93.7500,643.59
890,0.323564,89.0625,501.37
891,0.135905,96.8750,599.85
892,0.519908,85.9375,501.09
893,0.382512,87.5000,560.57
894,0.519345,84.3750,501.97
895,0.289609,90.6250,498.84
896,0.251808,92.1875,589.20
897,0.423841,84.3750,512.65
898,0.398494,82.8125,503.34
899,0.300937,90.6250,587.08
900,0.239240,95.3125,501.13
901,0.331384,90.6250,629.05
902,0.423056,82.8125,498.98
903,0.178769,93.7500,650.68
904,0.344146,87.5000,499.71
905,0.420437,82.8125,586.29
906,0.404528,89.0625,498.14
907,0.217654,92.1875,562.23
908,0.343709,87.5000,500.33
909,0.358091,85.9375,502.11
910,0.717801,79.6875,595.23
911,0.274174,89.0625,499.02
912,0.198444,93.7500,646.58
913,0.278590,87.5000,510.14
914,0.213289,90.6250,648.54
915,0.203132,95.3125,503.37
916,0.266384,90.6250,551.21
917,0.435585,85.9375,515.31
918,0.512831,78.1250,530.52
919,0.230179,93.7500,561.84
920,0.163637,95.3125,529.79
921,0.230298,92.1875,561.07
922,0.426056,84.3750,566.73
923,0.396388,87.5000,517.19
924,0.312418,90.6250,577.52
925,0.189944,93.7500,500.96
926,0.338287,85.9375,498.12
927,0.565375,79.6875,597.23
928,0.397844,85.9375,499.85
929,0.301449,92.1875,588.68
930,0.419753,87.5000,498.11
931,0.381461,81.2500,501.49
932,0.244547,93.7500,601.82
933,0.410158,90.6250,502.67
934,0.386647,87.5000,564.79
935,0.251228,89.0625,504.72
936,0.209331,95.3125,563.52
937,0.286125,89.0625,519.64
938,0.118085,96.8750,497.39
939,0.293732,87.5000,618.92
940,0.385417,87.5000,496.08
941,0.331932,89.0625,537.53
942,0.390821,89.0625,537.46
943,0.190352,92.1875,537.37
944,0.306224,90.6250,540.51
945,0.213905,92.1875,569.58
946,0.251794,92.1875,497.85
947,0.239738,93.7500,495.42
948,0.242753,95.3125,625.72
949,0.279510,90.6250,496.11
950,0.311573,89.0625,591.19
951,0.311426,87.5000,496.07
952,0.297878,87.5000,623.01
953,0.322312,87.5000,500.90
954,0.352947,90.6250,610.90
955,0.264880,90.6250,502.20
956,0.444329,85.9375,654.49
957,0.188282,92.1875,499.19
958,0.169552,95.3125,649.65
959,0.243673,90.6250,495.46
960,0.337131,89.0625,564.22
961,0.304135,90.6250,521.82
962,0.174113,95.3125,532.32
963,0.253382,90.6250,545.26
964,0.246220,92.1875,497.88
965,0.075304,98.4375,602.86
966,0.316544,92.1875,496.15
967,0.331954,90.6250,559.42
968,0.158457,92.1875,500.43
969,0.367990,87.5000,498.92
970,0.313449,92.1875,634.98
971,0.373302,90.6250,505.00
972,0.224153,93.7500,580.87
973,0.427697,85.9375,513.75
974,0.269453,95.3125,546.08
975,0.208260,93.7500,527.38
976,0.357766,85.9375,498.04
977,0.276702,92.1875,585.87
978,0.190438,95.3125,503.66
979,0.476021,85.9375,504.11
980,0.279445,95.3125,649.67
981,0.373240,89.0625,500.20
982,0.246410,89.0625,586.23
983,0.182077,93.7500,498.21
984,0.222346,89.0625,518.52
985,0.281363,89.0625,587.18
986,0.240815,92.1875,501.21
987,0.198196,93.7500,558.83
988,0.301259,90.6250,496.95
989,0.191891,93.7500,500.83
990,0.320829,87.5000,650.63
991,0.224702,90.6250,501.46
992,0.292350,90.6250,618.41
993,0.277026,89.0625,497.14
994,0.332883,89.0625,620.12
995,0.498657,87.5000,496.61
996,0.190102,93.7500,630.90
997,0.348619,82.8125,499.98
998,0.391948,87.5000,590.20
999,0.263825,87.5000,503.35
1000,0.402104,85.9375,658.21
1001,0.233560,90.6250,498.69
1002,0.335131,89.0625,610.89
1003,0.315899,90.6250,500.32
1004,0.428162,84.3750,590.31
1005,0.443273,85.9375,497.15
1006,0.410673,89.0625,553.43
1007,0.304538,87.5000,503.91
1008,0.281111,90.6250,544.10
1009,0.246843,90.6250,514.13
1010,0.274043,87.5000,527.71
1011,0.368769,87.5000,569.01
1012,0.351183,85.9375,497.46
1013,0.335274,87.5000,643.12
1014,0.352919,90.6250,535.02
1015,0.375049,89.0625,557.35
1016,0.290509,90.6250,498.74
1017,0.473037,79.6875,641.91
1018,0.326891,90.6250,501.71
1019,0.324904,85.9375,653.54
1020,0.215703,92.1875,498.81
1021,0.365835,87.5000,605.21
1022,0.543137,85.9375,501.31
1023,0.415543,84.3750,614.79
1024,0.392939,85.9375,501.13
1025,0.304518,92.1875,578.95
1026,0.263382,92.1875,500.93
1027,0.123741,96.8750,544.31
1028,0.225477,89.0625,548.39
1029,0.180057,93.7500,499.27
1030,0.191955,93.7500,577.96
1031,0.225104,90.6250,500.18
1032,0.367367,89.0625,563.10
1033,0.242151,92.1875,502.78
1034,0.259837,90.6250,498.42
1035,0.187245,93.7500,586.39
1036,0.218251,93.7500,498.40
1037,0.430545,84.3750,565.32
1038,0.176476,98.4375,513.17
1039,0.287706,87.5000,548.66
1040,0.520831,81.2500,529.46
1041,0.264160,89.0625,498.96
1042,0.157646,92.1875,585.50
1043,0.263907,90.6250,505.99
1044,0.296734,90.6250,530.65
1045,0.328566,89.0625,570.54
1046,0.561169,84.3750,497.67
1047,0.281125,90.6250,640.35
1048,0.259715,90.6250,495.49
1049,0.309329,89.0625,650.85
1050,0.318032,90.6250,501.16
1051,0.442617,81.2500,547.87
1052,0.228039,90.6250,519.43
1053,0.195359,90.6250,500.74
1054,0.221763,90.6250,598.01
1055,0.398305,82.8125,498.38
1056,0.223639,93.7500,593.02
1057,0.213082,93.7500,497.40
1058,0.213460,89.0625,504.27
1059,0.326186,90.6250,581.16
1060,0.310590,92.1875,501.65
1061,0.416293,89.0625,623.03
1062,0.382554,85.9375,512.89
1063,0.291704,93.7500,587.33
1064,0.407851,84.3750,543.93
1065,0.371456,87.5000,546.26
1066,0.391257,89.0625,505.83
1067,0.263499,89.0625,629.19
1068,0.320725,90.6250,497.17
1069,0.384487,87.5000,605.39
1070,0.371995,90.6250,497.94
1071,0.246073,87.5000,564.61
1072,0.261303,89.0625,513.97
1073,0.275378,90.6250,497.63
1074,0.285268,87.5000,638.72
1075,0.272759,92.1875,499.39
1076,0.370246,90.6250,584.46
1077,0.235360,93.7500,498.34
1078,0.453319,82.8125,578.69
1079,0.333089,85.9375,502.82
1080,0.438539,84.3750,521.17
1081,0.288399,90.6250,606.42
1082,0.422176,85.9375,497.23
1083,0.268055,87.5000,568.35
1084,0.238058,92.1875,501.50
1085,0.380637,87.5000,503.22
1086,0.339897,85.9375,639.69
1087,0.281047,93.7500,499.44
1088,0.289554,89.0625,586.92
1089,0.240196,93.7500,500.46
1090,0.339914,89.0625,498.73
1091,0.394180,87.5000,623.60
1092,0.319739,90.6250,517.33
1093,0.203910,92.1875,566.46
1094,0.286247,89.0625,499.70
1095,0.214254,95.3125,585.21
1096,0.230784,96.8750,498.15
1097,0.386225,85.9375,553.00
1098,0.268034,92.1875,527.28
1099,0.267816,89.0625,534.54
1100,0.415620,85.9375,567.71
1101,0.375510,85.9375,546.12
1102,0.227011,89.0625,537.27
1103,0.126205,96.8750,567.18
1104,0.289295,93.7500,500.70
1105,0.329385,85.9375,498.60
1106,0.267501,90.6250,628.75
1107,0.292415,93.7500,499.90
1108,0.303022,87.5000,597.17
1109,0.282282,85.9375,497.80
1110,0.292268,92.1875,576.50
1111,0.318039,93.7500,501.07
1112,0.423894,89.0625,588.03
1113,0.330578,87.5000,497.49
1114,0.240040,92.1875,499.35
1115,0.285228,89.0625,613.86
1116,0.600151,85.9375,500.91
1117,0.299072,95.3125,628.69
1118,0.320844,87.5000,504.44
1119,0.381903,87.5000,646.92
1120,0.257273,89.0625,501.90
1121,0.418346,85.9375,631.71
1122,0.405967,85.9375,500.24
1123,0.368483,89.0625,575.49
1124,0.343615,87.5000,497.08
1125,0.506233,82.8125,546.56
1126,0.280894,87.5000,521.64
1127,0.286736,90.6250,495.05
1128,0.340536,85.9375,574.86
1129,0.168528,95.3125,489.96
1130,0.130683,93.7500,486.32
1131,0.285936,90.6250,640.59
1132,0.187594,92.1875,493.98
1133,0.350491,85.9375,557.86
1134,0.309084,89.0625,511.82
1135,0.197713,93.7500,493.70
1136,0.367163,85.9375,637.43
1137,0.366871,82.8125,494.59
1138,0.258358,92.1875,569.37
1139,0.436283,87.5000,493.09
1140,0.273521,87.5000,534.39
1141,0.163588,93.7500,552.56
1142,0.388524,84.3750,553.26
1143,0.440836,85.9375,512.00
1144,0.407070,82.8125,505.60
1145,0.322399,85.9375,624.42
1146,0.225794,95.3125,503.50
1147,0.201340,93.7500,576.02
1148,0.259309,89.0625,517.29
1149,0.168801,95.3125,551.54
1150,0.442643,89.0625,510.62
1151,0.348962,89.0625,560.78
1152,0.284225,89.0625,494.90
1153,0.231878,92.1875,499.86
1154,0.213098,92.1875,637.88
1155,0.324875,93.7500,505.89
1156,0.425640,89.0625,595.56
1157,0.373908,85.9375,504.70
1158,0.252888,92.1875,551.03
1159,0.353396,89.0625,536.00
1160,0.208724,93.7500,498.07
1161,0.302820,90.6250,648.41
1162,0.309487,87.5000,502.74
1163,0.399137,85.9375,580.21
1164,0.349838,82.8125,502.36
1165,0.199255,92.1875,497.91
1166,0.165695,93.7500,634.57
1167,0.432016,84.3750,496.45
1168,0.289823,92.1875,547.28
1169,0.248123,87.5000,550.21
1170,0.409092,85.9375,499.46
1171,0.190474,92.1875,600.72
1172,0.275367,92.1875,499.46
1173,0.289678,90.6250,566.88
1174,0.319693,92.1875,497.87
1175,0.193323,92.1875,548.05
1176,0.266563,89.0625,498.59
1177,0.497829,85.9375,502.55
1178,0.136558,95.3125,624.76
1179,0.459115,87.5000,498.06
1180,0.422946,89.0625,576.70
1181,0.230893,93.7500,497.33
1182,0.325623,89.0625,531.11
1183,0.170700,93.7500,547.82
1184,0.317007,89.0625,497.71
1185,0.154985,96.8750,560.89
1186,0.239019,90.6250,494.33
1187,0.230895,95.3125,497.52
1188,0.313376,85.9375,639.10
1189,0.417571,82.8125,498.95
1190,0.224126,90.6250,587.87
1191,0.261680,85.9375,509.61
1192,0.173111,96.8750,503.80
1193,0.264109,89.0625,614.62
1194,0.337091,89.0625,497.44
1195,0.227248,89.0625,577.47
1196,0.423044,82.8125,500.97
1197,0.281630,90.6250,498.15
1198,0.297445,92.1875,594.24
1199,0.391797,84.3750,500.56
1200,0.343477,89.0625,604.13
1201,0.120896,96.8750,497.35
1202,0.208396,95.3125,631.53
1203,0.236836,90.6250,500.18
1204,0.378474,87.5000,602.22
1205,0.238099,93.7500,497.90
1206,0.179962,93.7500,622.80
1207,0.288254,93.7500,499.25
1208,0.168959,92.1875,555.66
1209,0.364848,89.0625,501.54
1210,0.344377,90.6250,502.41
1211,0.239872,92.1875,602.02
1212,0.363579,85.9375,501.26
1213,0.516959,89.0625,557.70
1214,0.212878,92.1875,505.73
1215,0.309897,89.0625,498.24
1216,0.257324,93.7500,592.80
1217,0.138402,93.7500,497.33
1218,0.222094,92.1875,529.47
1219,0.356628,89.0625,556.78
1220,0.349325,87.5000,502.44
1221,0.335467,85.9375,597.15
1222,0.261036,85.9375,504.26
1223,0.314623,89.0625,498.66
1224,0.185224,95.3125,597.68
1225,0.234791,92.1875,498.68
1226,0.242645,90.6250,585.42
1227,0.346661,90.6250,499.51
1228,0.324607,92.1875,505.68
1229,0.215178,95.3125,596.05
1230,0.366188,84.3750,496.34
1231,0.389795,85.9375,622.44
1232,0.235098,92.1875,503.66
1233,0.269048,87.5000,599.07
1234,0.323254,85.9375,503.22
1235,0.295006,85.9375,557.32
1236,0.285759,89.0625,500.01
1237,0.169375,92.1875,501.68
1238,0.218352,92.1875,610.66
1239,0.152162,93.7500,496.58
1240,0.224476,93.7500,559.83
1241,0.200782,95.3125,497.53
1242,0.385069,84.3750,549.13
1243,0.238495,92.1875,542.64
1244,0.348617,90.6250,501.79
1245,0.219612,93.7500,615.33
1246,0.190865,95.3125,501.77
1247,0.350046,85.9375,635.69
1248,0.256366,89.0625,499.72
1249,0.351407,92.1875,596.89
1250,0.207821,93.7500,536.23
1251,0.254561,92.1875,538.87
1252,0.293584,90.6250,557.56
1253,0.285798,90.6250,500.70
1254,0.294868,92.1875,592.79
1255,0.402953,89.0625,500.68
1256,0.217021,93.7500,624.65
1257,0.141701,93.7500,497.50
1258,0.287930,87.5000,601.24
1259,0.356951,87.5000,500.64
1260,0.162377,93.7500,574.03
1261,0.245932,90.6250,491.24
1262,0.256762,90.6250,490.35
1263,0.282374,89.0625,596.10
1264,0.229005,92.1875,491.63
1265,0.360076,85.9375,597.15
1266,0.303393,89.0625,509.25
1267,0.338044,81.2500,563.25
1268,0.287946,89.0625,490.08
1269,0.244049,92.1875,558.45
1270,0.272325,92.1875,492.51
1271,0.358673,85.9375,522.27
1272,0.195389,95.3125,554.70
1273,0.303480,87.5000,494.08
1274,0.296054,90.6250,555.13
1275,0.318053,93.7500,492.81
1276,0.291557,89.0625,562.18
1277,0.108597,98.4375,503.61
1278,0.201855,92.1875,589.64
1279,0.330590,84.3750,503.46
1280,0.416274,87.5000,546.60
1281,0.409599,85.9375,525.47
1282,0.405695,85.9375,501.02
1283,0.520066,82.8125,596.80
1284,0.314970,89.0625,502.41
1285,0.306406,92.1875,591.46
1286,0.193631,93.7500,501.35
1287,0.288154,87.5000,506.00
1288,0.320115,85.9375,629.69
1289,0.230912,93.7500,497.67
1290,0.283355,90.6250,578.09
1291,0.423787,89.0625,498.15
1292,0.226762,95.3125,514.34
1293,0.247513,92.1875,591.89
1294,0.367198,87.5000,499.50
1295,0.349011,89.0625,565.01
1296,0.312196,92.1875,496.41
1297,0.172251,95.3125,584.20
1298,0.368986,82.8125,498.61
1299,0.430311,81.2500,649.35
1300,0.204266,93.7500,497.69
1301,0.426806,85.9375,639.76
1302,0.287067,87.5000,505.24
1303,0.517906,82.8125,645.55
1304,0.133901,93.7500,497.71
1305,0.282725,90.6250,511.38
1306,0.454667,84.3750,603.95
1307,0.159757,95.3125,550.64
1308,0.243566,93.7500,525.45
1309,0.333929,85.9375,493.84
1310,0.371448,89.0625,591.10
1311,0.209764,93.7500,497.91
1312,0.231116,90.6250,554.89
1313,0.292528,89.0625,497.57
1314,0.265543,90.6250,533.64
1315,0.189645,92.1875,567.36
1316,0.489471,81.2500,505.06
1317,0.414539,81.2500,599.39
1318,0.336362,90.6250,500.58
1319,0.230302,90.6250,601.55
1320,0.589268,78.1250,549.53
1321,0.503711,79.6875,538.80
1322,0.376058,84.3750,562.20
1323,0.212802,95.3125,502.92
1324,0.290033,87.5000,498.13
1325,0.270676,87.5000,637.08
1326,0.223290,93.7500,502.18
1327,0.389192,89.0625,630.94
1328,0.254390,89.0625,499.66
1329,0.458127,89.0625,602.83
1330,0.405313,87.5000,500.21
1331,0.532636,81.2500,595.68
1332,0.263335,93.7500,506.99
1333,0.261814,90.6250,501.49
1334,0.200011,93.7500,611.62
1335,0.352324,84.3750,526.90
1336,0.204766,92.1875,565.72
1337,0.142941,98.4375,544.10
1338,0.251267,89.0625,522.18
1339,0.364277,87.5000,507.49
1340,0.289791,89.0625,600.26
1341,0.324119,95.3125,524.71
1342,0.279532,89.0625,555.13
1343,0.251267,90.6250,500.10
1344,0.423327,85.9375,580.79
1345,0.254617,89.0625,499.00
1346,0.336632,87.5000,586.85
1347,0.329085,85.9375,499.36
1348,0.274379,85.9375,503.58
1349,0.233167,90.6250,619.46
1350,0.257318,92.1875,499.80
1351,0.185504,93.7500,572.98
1352,0.173152,93.7500,499.55
1353,0.186568,93.7500,497.58
1354,0.262443,90.6250,617.93
1355,0.304797,87.5000,502.71
1356,0.210165,93.7500,644.07
1357,0.183981,93.7500,504.75
1358,0.225454,90.6250,590.66
1359,0.240270,90.6250,502.98
1360,0.249844,93.7500,647.94
1361,0.356252,85.9375,499.90
1362,0.318075,87.5000,646.89
1363,0.144164,96.8750,499.11
1364,0.238842,96.8750,499.22
1365,0.193507,92.1875,592.31
1366,0.287808,89.0625,498.89
1367,0.335050,92.1875,602.69
1368,0.407860,90.6250,499.59
1369,0.204052,93.7500,625.87
1370,0.235348,92.1875,530.65
1371,0.225291,90.6250,567.05
1372,0.156301,93.7500,495.08
1373,0.232956,95.3125,597.88
1374,0.273575,92.1875,500.12
1375,0.230890,93.7500,585.70
1376,0.196389,90.6250,501.34
1377,0.311696,87.5000,493.97
1378,0.308337,89.0625,603.77
1379,0.419097,82.8125,514.12
1380,0.303595,87.5000,584.56
1381,0.300473,90.6250,496.57
1382,0.382275,85.9375,592.03
1383,0.164682,95.3125,499.91
1384,0.216606,92.1875,620.43
1385,0.217771,92.1875,498.82
1386,0.173854,95.3125,544.25
1387,0.426338,84.3750,536.44
1388,0.275347,90.6250,497.48
1389,0.227335,90.6250,607.02
1390,0.116975,95.3125,498.56
1391,0.153402,95.3125,561.61
1392,0.305298,87.5000,501.08
1393,0.292193,90.6250,495.05
1394,0.175997,95.3125,574.50
1395,0.330089,93.7500,500.79
1396,0.274714,90.6250,506.39
1397,0.269017,89.0625,598.71
1398,0.242137,90.6250,502.24
1399,0.186750,95.3125,652.09
1400,0.438896,87.5000,498.81
1401,0.264349,87.5000,591.03
1402,0.372784,89.0625,502.61
1403,0.386718,87.5000,648.55
1404,0.284644,90.6250,496.04
1405,0.393837,90.6250,636.95
1406,0.257126,90.6250,495.89
1407,0.226921,95.3125,560.21
1408,0.325491,84.3750,513.55
1409,0.283867,85.9375,501.93
1410,0.240493,90.6250,593.50
1411,0.158730,96.8750,501.96
1412,0.185056,89.0625,657.14
1413,0.341454,87.5000,502.33
1414,0.408671,85.9375,545.00
1415,0.238377,93.7500,519.60
1416,0.208586,92.1875,504.44
1417,0.232538,90.6250,623.90
1418,0.342802,87.5000,500.13
1419,0.182348,93.7500,619.29
1420,0.367059,84.3750,502.02
1421,0.114744,96.8750,629.50
1422,0.194293,92.1875,519.34
1423,0.152316,95.3125,572.13
1424,0.262070,90.6250,496.23
1425,0.206772,93.7500,606.99
1426,0.230707,87.5000,497.70
1427,0.220902,95.3125,585.53
1428,0.302518,90.6250,499.74
1429,0.266601,89.0625,498.63
1430,0.194540,93.7500,635.89
1431,0.213191,92.1875,502.88
1432,0.362478,87.5000,608.02
1433,0.271998,90.6250,497.87
1434,0.499264,82.8125,575.91
1435,0.318288,90.6250,498.83
1436,0.270482,92.1875,494.95
1437,0.178301,92.1875,622.78
1438,0.159851,95.3125,501.61
1439,0.161989,93.7500,639.81
1440,0.248313,93.7500,496.33
1441,0.226607,92.1875,574.23
1442,0.207089,95.3125,507.68
1443,0.116068,98.4375,518.40
1444,0.168945,92.1875,585.99
1445,0.420869,85.9375,498.78
1446,0.162658,93.7500,561.93
1447,0.310246,84.3750,496.93
1448,0.347797,84.3750,549.75
1449,0.207503,93.7500,562.47
1450,0.265675,87.5000,496.47
1451,0.214071,89.0625,584.58
1452,0.187152,98.4375,498.51
1453,0.321427,92.1875,506.04
1454,0.126737,95.3125,618.01
1455,0.350664,90.6250,495.27
1456,0.224507,92.1875,639.88
1457,0.410206,79.6875,501.01
1458,0.134635,95.3125,543.83
1459,0.277141,92.1875,546.45
1460,0.297450,92.1875,496.97
1461,0.259541,90.6250,582.95
1462,0.285833,90.6250,496.71
1463,0.333603,89.0625,635.76
1464,0.492307,85.9375,500.16
1465,0.106765,98.4375,580.22
1466,0.406271,85.9375,502.00
1467,0.252110,90.6250,556.94
1468,0.170269,93.7500,501.92
1469,0.279406,89.0625,500.23
1470,0.597113,82.8125,597.39
1471,0.300908,89.0625,503.31
1472,0.259076,92.1875,560.35
1473,0.354873,87.5000,500.50
1474,0.271916,92.1875,573.38
1475,0.177062,93.7500,506.33
1476,0.364827,87.5000,498.93
1477,0.265730,89.0625,633.88
1478,0.157344,95.3125,499.20
1479,0.219391,90.6250,618.29
1480,0.228650,95.3125,500.85
1481,0.151396,93.7500,632.18
1482,0.356989,87.5000,498.49
1483,0.219439,92.1875,550.34
1484,0.313937,92.1875,516.30
1485,0.406863,87.5000,503.22
1486,0.275718,87.5000,627.79
1487,0.201651,93.7500,500.83
1488,0.153071,96.8750,627.10
1489,0.270259,93.7500,494.37
1490,0.273123,87.5000,539.76
1491,0.417909,81.2500,524.62
1492,0.140679,98.4375,518.21
1493,0.423230,85.9375,585.45
1494,0.198175,92.1875,499.20
1495,0.251183,95.3125,612.06
1496,0.322536,92.1875,503.43
1497,0.245955,92.1875,592.31
1498,0.258886,92.1875,503.27
1499,0.243778,89.0625,647.46
1500,0.357311,89.0625,496.80
1501,0.320406,85.9375,582.47
1502,0.193018,92.1875,498.49
1503,0.342707,87.5000,562.04
1504,0.242144,89.0625,551.20
1505,0.288113,89.0625,500.53
1506,0.276231,90.6250,592.71
1507,0.173046,92.1875,499.59
1508,0.274602,93.7500,606.29
1509,0.186988,95.3125,501.58
1510,0.145756,96.8750,571.29
1511,0.179354,93.7500,499.03
1512,0.289001,85.9375,590.04
1513,0.446731,89.0625,496.88
1514,0.317900,90.6250,636.80
1515,0.286327,89.0625,497.40
1516,0.272101,92.1875,609.63
1517,0.164952,93.7500,494.18
1518,0.283246,87.5000,543.34
1519,0.274227,92.1875,533.44
1520,0.247112,95.3125,495.23
1521,0.381748,85.9375,588.74
1522,0.308216,90.6250,499.88
1523,0.256465,92.1875,497.35
1524,0.191721,90.6250,608.33
1525,0.251559,96.8750,498.08
1526,0.364564,82.8125,597.61
1527,0.451471,85.9375,522.52
1528,0.253065,89.0625,564.40
1529,0.220149,90.6250,543.25
1530,0.262104,95.3125,543.06
1531,0.384643,89.0625,498.02
1532,0.240787,95.3125,602.39
1533,0.408343,84.3750,542.71
1534,0.282697,90.6250,538.39
1535,0.479651,81.2500,495.38
1536,0.426414,84.3750,598.43
1537,0.283419,87.5000,504.15
1538,0.224791,90.6250,629.89
1539,0.211642,95.3125,501.24
1540,0.376341,89.0625,594.49
1541,0.224831,92.1875,503.70
1542,0.270081,87.5000,632.81
1543,0.308666,93.7500,498.20
1544,0.379784,87.5000,543.77
1545,0.319444,90.6250,542.81
1546,0.355996,89.0625,528.03
1547,0.367435,87.5000,540.72
1548,0.425991,89.0625,499.35
1549,0.177509,98.4375,586.22
1550,0.270984,89.0625,501.28
1551,0.222246,89.0625,499.31
1552,0.264138,90.6250,625.66
1553,0.201674,90.6250,500.81
1554,0.380922,85.9375,587.39
1555,0.316116,85.9375,498.76
1556,0.370326,90.6250,531.42
1557,0.281927,92.1875,558.12
1558,0.286322,90.6250,501.94
1559,0.255106,90.6250,597.55
1560,0.431017,85.9375,503.62
1561,0.374630,87.5000,527.48
1562,0.361471,85.9375,563.31
1563,0.321398,92.1875,511.62
1564,0.309380,89.0625,591.38
1565,0.224032,90.6250,500.12
1566,0.270644,90.6250,645.40
1567,0.195418,95.3125,497.17
1568,0.207847,89.0625,612.66
1569,0.365189,89.0625,499.34
1570,0.290558,87.5000,561.21
1571,0.249133,92.1875,508.61
1572,0.362482,87.5000,518.21
1573,0.203141,92.1875,569.54
1574,0.311443,89.0625,500.02
1575,0.319717,87.5000,562.62
1576,0.334905,87.5000,504.01
1577,0.237544,92.1875,550.37
1578,0.317953,87.5000,517.93
1579,0.389585,87.5000,499.78
1580,0.202368,90.6250,641.32
1581,0.346785,87.5000,499.39
1582,0.237880,93.7500,561.05
1583,0.338986,87.5000,501.05
1584,0.232550,92.1875,497.56
1585,0.174323,90.6250,610.14
1586,0.277173,89.0625,497.83
1587,0.154055,96.8750,630.80
1588,0.316552,87.5000,491.44
1589,0.184750,90.6250,625.46
1590,0.502148,85.9375,486.34
1591,0.253514,90.6250,565.45
1592,0.424870,87.5000,488.35
1593,0.227413,95.3125,546.01
1594,0.234021,92.1875,488.04
1595,0.268058,89.0625,488.71
1596,0.471241,87.5000,571.83
1597,0.172494,90.6250,494.57
1598,0.188110,92.1875,489.28
1599,0.273077,90.6250,610.78
1600,0.339003,85.9375,493.07
1601,0.200760,96.8750,642.75
1602,0.202449,96.8750,491.50
1603,0.329807,90.6250,572.09
1604,0.326343,90.6250,492.50
1605,0.273534,90.6250,528.50
1606,0.361702,85.9375,558.77
1607,0.253186,90.6250,496.12
1608,0.243482,89.0625,614.20
1609,0.183791,96.8750,499.44
1610,0.290048,89.0625,589.66
1611,0.201448,93.7500,505.73
1612,0.248152,92.1875,578.49
1613,0.404895,90.6250,501.07
1614,0.220253,89.0625,504.21
1615,0.174213,95.3125,588.65
1616,0.318333,84.3750,498.97
1617,0.317216,87.5000,524.59
1618,0.382670,87.5000,575.12
1619,0.269652,89.0625,531.71
1620,0.334353,89.0625,581.56
1621,0.307960,90.6250,553.27
1622,0.402984,89.0625,519.35
1623,0.174247,96.8750,503.69
1624,0.272051,89.0625,593.59
1625,0.144509,95.3125,500.91
1626,0.381677,81.2500,499.37
1627,0.193915,92.1875,621.72
1628,0.300289,90.6250,501.26
1629,0.454200,85.9375,619.72
1630,0.285801,92.1875,501.74
1631,0.265544,89.0625,595.05
1632,0.321471,90.6250,509.06
1633,0.261804,87.5000,659.29
1634,0.238760,90.6250,502.74
1635,0.200951,93.7500,634.11
1636,0.490392,84.3750,502.73
1637,0.177767,93.7500,573.85
1638,0.267649,89.0625,500.84
1639,0.388989,87.5000,563.17
1640,0.238994,92.1875,499.65
1641,0.432315,87.5000,503.15
1642,0.296174,89.0625,607.89
1643,0.297025,93.7500,534.12
1644,0.247477,92.1875,547.50
1645,0.321503,90.6250,503.65
1646,0.366166,82.8125,610.30
1647,0.351041,87.5000,499.14
1648,0.208715,92.1875,559.75
1649,0.179927,95.3125,500.34
1650,0.165327,95.3125,570.90
1651,0.198705,95.3125,499.58
1652,0.216717,93.7500,549.02
1653,0.259897,93.7500,520.73
1654,0.162385,92.1875,503.36
1655,0.198763,95.3125,601.56
1656,0.181958,95.3125,500.18
1657,0.163239,93.7500,591.12
1658,0.170896,92.1875,495.98
1659,0.234394,89.0625,590.85
1660,0.284189,90.6250,501.59
1661,0.232817,95.3125,585.63
1662,0.400889,85.9375,500.89
1663,0.352557,90.6250,588.27
1664,0.444829,87.5000,500.90
1665,0.178946,90.6250,562.40
1666,0.313169,92.1875,494.74
1667,0.180638,96.8750,502.54
1668,0.304669,87.5000,616.39
1669,0.327092,89.0625,502.59
1670,0.258495,93.7500,615.23
1671,0.493122,84.3750,500.86
1672,0.181231,93.7500,563.56
1673,0.243277,92.1875,498.51
1674,0.303942,87.5000,527.14
1675,0.391684,93.7500,568.23
1676,0.279195,90.6250,556.65
1677,0.307463,90.6250,506.66
1678,0.308901,84.3750,532.11
1679,0.222519,93.7500,561.44
1680,0.209324,89.0625,497.81
1681,0.152908,96.8750,608.62
1682,0.272315,87.5000,546.59
1683,0.275121,90.6250,557.57
1684,0.237454,90.6250,499.41
1685,0.302327,95.3125,588.55
1686,0.176689,95.3125,497.43
1687,0.263384,93.7500,543.59
1688,0.170092,90.6250,546.60
1689,0.385475,87.5000,531.04
1690,0.282271,93.7500,556.08
1691,0.310621,90.6250,555.76
1692,0.114283,96.8750,513.77
1693,0.400503,84.3750,548.18
1694,0.282050,89.0625,550.45
1695,0.306751,87.5000,557.07
1696,0.355585,90.6250,524.93
1697,0.172246,93.7500,498.93
1698,0.280051,89.0625,647.97
1699,0.333532,89.0625,501.39
1700,0.279395,93.7500,546.34
1701,0.484243,82.8125,513.24
1702,0.342970,87.5000,519.58
1703,0.325520,87.5000,577.05
1704,0.323727,92.1875,497.34
1705,0.146458,98.4375,602.08
1706,0.343523,87.5000,505.25
1707,0.206264,95.3125,605.23
1708,0.205603,90.6250,527.50
1709,0.314571,90.6250,570.12
1710,0.254852,92.1875,495.72
1711,0.266561,90.6250,638.44
1712,0.351165,89.0625,499.26
1713,0.296267,90.6250,564.10
1714,0.295875,90.6250,496.95
1715,0.144502,95.3125,536.71
1716,0.191638,90.6250,528.57
1717,0.264505,90.6250,533.31
1718,0.435683,87.5000,536.16
1719,0.387426,87.5000,498.82
1720,0.120646,96.8750,631.54
1721,0.331785,90.6250,495.89
1722,0.229539,95.3125,564.06
1723,0.492443,93.7500,494.17
1724,0.423500,93.7500,511.53
1725,0.178967,93.7500,584.76
1726,0.368046,82.8125,498.55
1727,0.168504,92.1875,640.17
1728,0.224340,92.1875,497.95
1729,0.251846,90.6250,624.79
1730,0.295245,89.0625,500.31
1731,0.237821,93.7500,603.95
1732,0.338497,85.9375,496.82
1733,0.299579,89.0625,533.07
1734,0.290327,90.6250,559.85
1735,0.333523,87.5000,502.24
1736,0.327846,87.5000,590.23
1737,0.336064,90.6250,497.76
1738,0.238753,92.1875,540.44
1739,0.314300,87.5000,517.96
1740,0.326666,89.0625,501.33
1741,0.330325,87.5000,610.15
1742,0.365883,87.5000,501.36
1743,0.331855,90.6250,590.63
1744,0.268583,93.7500,501.55
1745,0.223496,93.7500,587.19
1746,0.278669,93.7500,502.05
1747,0.268371,90.6250,556.92
1748,0.202429,93.7500,502.87
1749,0.138639,96.8750,580.77
1750,0.267567,90.6250,524.37
1751,0.231546,93.7500,570.70
1752,0.304040,92.1875,501.75
1753,0.258476,92.1875,506.09
1754,0.268750,90.6250,592.43
1755,0.464756,87.5000,497.75
1756,0.267452,92.1875,584.54
1757,0.206201,90.6250,496.76
1758,0.281730,92.1875,497.20
1759,0.243085,95.3125,645.50
1760,0.334126,84.3750,493.70
1761,0.204026,90.6250,563.49
1762,0.125833,96.8750,499.23
1763,0.300280,92.1875,559.81
1764,0.210649,93.7500,495.52
1765,0.281977,92.1875,499.98
1766,0.237253,89.0625,596.30
1767,0.339173,85.9375,502.22
1768,0.188912,92.1875,597.25
1769,0.139542,95.3125,496.82
1770,0.258641,92.1875,498.59
1771,0.287299,90.6250,608.14
1772,0.389820,87.5000,499.69
1773,0.294798,92.1875,546.96
1774,0.275666,92.1875,547.64
1775,0.232007,90.6250,554.76
1776,0.392421,90.6250,534.04
1777,0.110404,95.3125,496.79
1778,0.245741,93.7500,583.11
1779,0.381032,87.5000,496.89
1780,0.321063,84.3750,583.49
1781,0.135519,96.8750,506.43
1782,0.220930,93.7500,578.66
1783,0.355330,90.6250,500.97
1784,0.172673,90.6250,640.11
1785,0.177439,95.3125,502.85
1786,0.344479,85.9375,605.69
1787,0.271328,89.0625,510.88
1788,0.222718,92.1875,584.32
1789,0.274565,90.6250,501.59
1790,0.257770,87.5000,553.70
1791,0.317453,85.9375,496.07
1792,0.191432,92.1875,562.28
1793,0.230082,93.7500,514.22
1794,0.176324,93.7500,516.71
1795,0.236647,95.3125,580.08
1796,0.140197,95.3125,499.52
1797,0.314356,90.6250,592.89
1798,0.119863,93.7500,500.13
1799,0.400848,89.0625,536.65
1800,0.185804,95.3125,551.73
1801,0.246977,90.6250,497.34
1802,0.195408,93.7500,600.56
1803,0.101285,96.8750,501.63
1804,0.232396,93.7500,629.94
1805,0.104970,98.4375,502.46
1806,0.123487,96.8750,605.09
1807,0.168242,95.3125,504.54
1808,0.401020,82.8125,565.75
1809,0.276061,92.1875,503.48
1810,0.255825,90.6250,496.31
1811,0.257796,90.6250,637.73
1812,0.242129,93.7500,498.99
1813,0.293838,90.6250,664.71
1814,0.202890,92.1875,503.72
1815,0.288798,90.6250,570.25
1816,0.321149,85.9375,506.48
1817,0.375194,85.9375,504.41
1818,0.173313,92.1875,642.90
1819,0.185620,92.1875,496.95
1820,0.362909,90.6250,530.91
1821,0.188634,90.6250,544.26
1822,0.196110,92.1875,520.55
1823,0.604361,84.3750,585.69
1824,0.169402,96.8750,497.54
1825,0.416128,85.9375,587.60
1826,0.228894,93.7500,499.57
1827,0.318722,90.6250,565.16
1828,0.183848,95.3125,509.20
1829,0.347448,87.5000,496.39
1830,0.157996,95.3125,646.97
1831,0.226366,92.1875,495.47
1832,0.280849,90.6250,544.51
1833,0.158110,93.7500,551.60
1834,0.182615,95.3125,539.24
1835,0.440988,85.9375,537.31
1836,0.231551,93.7500,558.74
1837,0.321734,89.0625,500.76
1838,0.261967,92.1875,495.52
1839,0.353486,85.9375,591.47
1840,0.218085,93.7500,501.19
1841,0.175497,95.3125,544.37
1842,0.284717,87.5000,544.71
1843,0.319036,89.0625,572.10
1844,0.219762,93.7500,517.65
1845,0.330837,89.0625,496.60
1846,0.142761,93.7500,595.98
1847,0.172813,98.4375,499.79
1848,0.212013,90.6250,585.83
1849,0.277763,87.5000,497.20
1850,0.315166,89.0625,550.30
1851,0.313346,87.5000,541.73
1852,0.116960,95.3125,499.43
1853,0.209327,92.1875,626.64
1854,0.291683,87.5000,502.70
1855,0.152817,95.3125,548.06
1856,0.162695,98.4375,544.39
1857,0.268914,92.1875,557.25
1858,0.398032,90.6250,514.06
1859,0.146360,93.7500,552.76
1860,0.180000,93.7500,512.81
1861,0.327890,89.0625,573.49
1862,0.552984,87.5000,498.64
1863,0.249346,90.6250,504.04
1864,0.227409,92.1875,652.18
1865,0.175089,92.1875,497.17
1866,0.121860,96.8750,571.98
1867,0.222579,93.7500,513.09
1868,0.227625,89.0625,498.29
1869,0.187276,92.1875,596.19
1870,0.332823,92.1875,505.72
1871,0.249865,93.7500,594.04
1872,0.356995,89.0625,499.77
1873,0.374575,92.1875,602.77
1874,0.300302,87.5000,504.16
1875,0.174887,92.1875,569.22
1876,0.315115,85.9375,499.34
1877,0.382316,84.3750,523.37
1878,0.316884,89.0625,586.79
1879,0.173221,93.7500,506.73
1880,0.256644,90.6250,583.36
1881,0.215583,92.1875,505.31
1882,0.171572,93.7500,494.82
1883,0.357619,89.0625,619.47
1884,0.185966,95.3125,500.54
1885,0.423952,85.9375,563.27
1886,0.356003,89.0625,516.15
1887,0.230330,89.0625,560.67
1888,0.254371,92.1875,517.29
1889,0.149478,93.7500,500.70
1890,0.221678,92.1875,583.24
1891,0.180087,93.7500,508.97
1892,0.404042,87.5000,569.54
1893,0.221263,92.1875,497.91
1894,0.252378,89.0625,501.54
1895,0.147622,92.1875,603.13
1896,0.281994,90.6250,504.86
1897,0.222818,95.3125,579.04
1898,0.338897,87.5000,501.70
1899,0.317578,87.5000,496.60
1900,0.226568,89.0625,611.22
1901,0.294100,89.0625,499.95
1902,0.230278,95.3125,558.06
1903,0.408823,89.0625,501.44
1904,0.176606,93.7500,565.04
1905,0.285737,89.0625,497.74
1906,0.268182,93.7500,494.54
1907,0.234502,92.1875,631.89
1908,0.202214,92.1875,498.47
1909,0.235964,90.6250,556.70
1910,0.282207,89.0625,503.51
1911,0.219938,93.7500,508.17
1912,0.166038,92.1875,579.72
1913,0.321948,89.0625,497.09
1914,0.107798,98.4375,657.66
1915,0.238300,92.1875,501.64
1916,0.115944,96.8750,599.97
1917,0.227932,95.3125,499.93
1918,0.197258,92.1875,501.24
1919,0.303570,89.0625,650.31
1920,0.293567,89.0625,517.79
1921,0.142019,95.3125,589.75
1922,0.339490,90.6250,499.25
1923,0.414116,84.3750,603.76
1924,0.224594,93.7500,496.95
1925,0.383754,82.8125,596.64
1926,0.162333,93.7500,501.25
1927,0.298189,93.7500,575.39
1928,0.336443,85.9375,507.58
1929,0.286351,85.9375,511.44
1930,0.255357,90.6250,642.97
1931,0.323835,85.9375,501.59
1932,0.339498,89.0625,603.30
1933,0.158776,95.3125,536.42
1934,0.264372,90.6250,565.11
1935,0.230953,93.7500,502.80
1936,0.132284,95.3125,643.31
1937,0.262715,90.6250,501.68
1938,0.246421,90.6250,599.35
1939,0.134668,96.8750,498.49
1940,0.262399,92.1875,659.41
1941,0.185917,93.7500,497.46
1942,0.346306,84.3750,610.31
1943,0.238401,92.1875,498.09
1944,0.209500,92.1875,643.74
1945,0.129728,96.8750,497.63
1946,0.231965,93.7500,541.41
1947,0.167515,92.1875,539.46
1948,0.230020,92.1875,570.36
1949,0.280368,85.9375,511.74
1950,0.117554,98.4375,500.71
1951,0.111348,96.8750,649.55
1952,0.308772,87.5000,500.79
1953,0.310804,85.9375,638.59
1954,0.092730,100.0000,502.27
1955,0.199068,92.1875,616.03
1956,0.390354,85.9375,497.29
1957,0.435911,89.0625,563.19
1958,0.249231,87.5000,499.03
1959,0.101465,100.0000,493.99
1960,0.167736,95.3125,576.99
1961,0.325850,90.6250,495.54
1962,0.154141,93.7500,516.05
1963,0.208172,95.3125,572.77
1964,0.141785,95.3125,551.05
1965,0.229228,89.0625,543.75
1966,0.236969,92.1875,563.76
1967,0.270939,92.1875,499.46
1968,0.232731,92.1875,564.68
1969,0.215934,95.3125,521.63
1970,0.316072,87.5000,515.20
1971,0.187015,93.7500,576.79
1972,0.202168,95.3125,500.64
1973,0.158001,96.8750,565.98
1974,0.384804,84.3750,500.18
1975,0.380604,82.8125,580.48
1976,0.301699,87.5000,502.74
1977,0.168626,92.1875,523.54
1978,0.338725,89.0625,574.92
1979,0.370469,87.5000,497.44
1980,0.234836,95.3125,580.65
1981,0.254961,89.0625,500.48
1982,0.227783,89.0625,505.59
1983,0.100354,96.8750,578.93
1984,0.211737,93.7500,502.20
1985,0.134364,93.7500,628.73
1986,0.268060,92.1875,499.60
1987,0.243140,92.1875,628.93
1988,0.232934,89.0625,503.44
1989,0.284398,93.7500,563.14
1990,0.541826,82.8125,498.58
1991,0.354908,85.9375,501.27
1992,0.141540,95.3125,640.15
1993,0.166520,95.3125,499.37
1994,0.330718,87.5000,557.63
1995,0.122248,96.8750,504.63
1996,0.169551,93.7500,496.70
1997,0.181839,95.3125,624.66
1998,0.325736,89.0625,498.22
1999,0.198008,92.1875,558.40
2000,0.372637,92.1875,495.96
2001,0.375364,89.0625,508.11
2002,0.204522,95.3125,657.54
2003,0.389893,89.0625,498.25
2004,0.239837,92.1875,593.71
2005,0.240624,93.7500,496.16
2006,0.137317,95.3125,588.88
2007,0.208514,95.3125,497.22
2008,0.208034,92.1875,595.22
2009,0.297758,87.5000,499.99
2010,0.260426,90.6250,503.00
2011,0.257307,90.6250,651.31
2012,0.296448,92.1875,495.72
2013,0.209955,93.7500,587.78
2014,0.199978,90.6250,497.84
2015,0.201431,92.1875,566.44
2016,0.231071,93.7500,498.11
2017,0.454175,87.5000,503.22
2018,0.336458,90.6250,592.80
2019,0.240299,90.6250,529.26
2020,0.234862,90.6250,545.65
2021,0.242718,90.6250,498.07
2022,0.185128,96.8750,586.79
2023,0.270687,89.0625,502.35
2024,0.309453,92.1875,554.02
2025,0.190466,93.7500,498.33
2026,0.343961,84.3750,498.08
2027,0.343180,87.5000,617.24
2028,0.274924,87.5000,499.61
2029,0.265897,92.1875,615.04
2030,0.159837,96.8750,517.61
2031,0.115641,95.3125,574.44
2032,0.228945,92.1875,500.18
2033,0.140248,98.4375,639.76
2034,0.326368,92.1875,492.88
2035,0.158422,95.3125,562.40
2036,0.375691,87.5000,497.52
2037,0.179832,92.1875,584.19
2038,0.224354,93.7500,521.97
2039,0.329529,89.0625,503.20
2040,0.244389,93.7500,583.80
2041,0.262091,90.6250,496.19
2042,0.217706,90.6250,586.16
2043,0.268222,92.1875,500.00
2044,0.132929,96.8750,548.04
2045,0.191867,89.0625,525.74
2046,0.365361,89.0625,497.20
2047,0.174201,92.1875,582.49
2048,0.204375,95.3125,494.99
2049,0.272796,90.6250,567.58
2050,0.327568,87.5000,498.61
2051,0.350266,89.0625,544.76
2052,0.367634,89.0625,540.29
2053,0.164510,95.3125,498.42
2054,0.164334,95.3125,600.14
2055,0.317941,92.1875,495.10
2056,0.149526,95.3125,588.66
2057,0.191126,90.6250,493.44
2058,0.353553,87.5000,541.34
2059,0.302627,89.0625,546.88
2060,0.211508,95.3125,500.73
2061,0.134271,96.8750,576.53
2062,0.281032,90.6250,505.66
2063,0.351115,87.5000,594.86
2064,0.147105,95.3125,505.09
2065,0.257506,90.6250,496.08
2066,0.200362,93.7500,616.68
2067,0.225039,90.6250,499.92
2068,0.302198,89.0625,558.83
2069,0.180396,95.3125,499.31
2070,0.173945,93.7500,528.34
2071,0.180334,92.1875,538.29
2072,0.283730,90.6250,494.64
2073,0.199431,93.7500,611.83
2074,0.165905,95.3125,495.31
2075,0.414275,90.6250,556.61
2076,0.259086,89.0625,525.74
2077,0.313693,87.5000,500.65
2078,0.202538,92.1875,635.85
2079,0.239444,90.6250,500.06
2080,0.260391,93.7500,557.38
2081,0.155147,96.8750,502.82
2082,0.162977,93.7500,588.85
2083,0.251536,92.1875,498.45
2084,0.228351,90.6250,530.57
2085,0.565633,82.8125,586.62
2086,0.294934,87.5000,502.35
2087,0.132752,93.7500,590.06
2088,0.295656,87.5000,510.56
2089,0.211044,95.3125,557.71
2090,0.141322,95.3125,510.14
2091,0.295388,87.5000,493.23
2092,0.113727,98.4375,623.85
2093,0.236799,90.6250,489.70
2094,0.131104,93.7500,552.53
2095,0.245283,90.6250,492.44
2096,0.280784,92.1875,540.43
2097,0.241392,92.1875,531.47
2098,0.180729,95.3125,495.28
2099,0.262197,90.6250,583.53
2100,0.468576,84.3750,494.35
2101,0.312097,89.0625,634.15
2102,0.213000,95.3125,495.87
2103,0.221855,93.7500,560.18
2104,0.227967,93.7500,492.72
2105,0.258878,92.1875,542.61
2106,0.190902,90.6250,554.10
2107,0.124245,96.8750,501.22
2108,0.360417,85.9375,595.57
2109,0.330829,90.6250,507.36
2110,0.268949,89.0625,593.60
2111,0.163697,93.7500,498.38
2112,0.187775,92.1875,585.52
2113,0.148802,96.8750,504.76
2114,0.122883,93.7500,509.82
2115,0.335864,89.0625,633.41
2116,0.144053,95.3125,508.69
2117,0.269772,89.0625,557.48
2118,0.212171,92.1875,545.11
2119,0.308832,90.6250,498.52
2120,0.236610,92.1875,562.36
2121,0.413152,85.9375,486.88
2122,0.420562,84.3750,491.84
2123,0.252921,90.6250,595.22
2124,0.243908,92.1875,499.36
2125,0.322877,87.5000,569.05
2126,0.231065,93.7500,501.70
2127,0.318512,87.5000,503.31
2128,0.274993,90.6250,592.10
2129,0.210123,90.6250,501.61
2130,0.304235,92.1875,570.83
2131,0.231361,93.7500,503.85
2132,0.357112,87.5000,546.52
2133,0.420954,93.7500,518.41
2134,0.168636,95.3125,515.15
2135,0.246498,92.1875,625.29
2136,0.121266,98.4375,502.62
2137,0.303712,90.6250,637.20
2138,0.246195,90.6250,506.91
2139,0.258902,90.6250,612.52
2140,0.222303,89.0625,502.50
2141,0.431347,89.0625,583.91
2142,0.312386,87.5000,502.04
2143,0.206567,92.1875,526.30
2144,0.243518,95.3125,576.91
2145,0.142255,93.7500,499.82
2146,0.094595,100.0000,625.20
2147,0.223798,93.7500,505.51
2148,0.257165,92.1875,593.97
2149,0.303809,90.6250,507.85
2150,0.259921,87.5000,564.98
2151,0.300238,92.1875,509.52
2152,0.253336,90.6250,568.41
2153,0.248052,89.0625,498.82
2154,0.453535,82.8125,498.06
2155,0.340328,87.5000,614.58
2156,0.141767,95.3125,499.74
2157,0.184177,93.7500,586.28
2158,0.253577,90.6250,515.48
2159,0.211987,92.1875,644.56
2160,0.371152,90.6250,498.47
2161,0.332514,92.1875,595.43
2162,0.298900,87.5000,501.09
2163,0.246416,92.1875,611.08
2164,0.253598,89.0625,497.52
2165,0.441215,85.9375,519.05
2166,0.081497,98.4375,583.45
2167,0.557877,85.9375,528.37
2168,0.308478,85.9375,562.08
2169,0.295381,89.0625,553.75
2170,0.340238,85.9375,515.79
2171,0.137034,95.3125,500.47
2172,0.242931,93.7500,636.76
2173,0.228910,93.7500,499.62
2174,0.211725,89.0625,584.04
2175,0.279500,89.0625,497.23
2176,0.280158,92.1875,529.22
2177,0.137956,96.8750,562.53
2178,0.386456,87.5000,499.88
2179,0.214427,92.1875,569.13
2180,0.167917,95.3125,498.50
2181,0.245180,92.1875,572.62
2182,0.283637,89.0625,501.04
2183,0.274125,89.0625,516.85
2184,0.220189,93.7500,574.95
2185,0.200698,96.8750,501.40
2186,0.230960,92.1875,652.83
2187,0.161425,95.3125,498.45
2188,0.282969,89.0625,582.25
2189,0.395116,87.5000,496.47
2190,0.501227,82.8125,611.31
2191,0.286964,87.5000,507.18
2192,0.231569,90.6250,648.34
2193,0.432432,84.3750,502.51
2194,0.324100,89.0625,580.24
2195,0.228216,92.1875,501.05
2196,0.242624,92.1875,501.07
2197,0.217575,92.1875,619.49
2198,0.190298,90.6250,501.39
2199,0.322373,90.6250,643.15
2200,0.192265,92.1875,501.62
2201,0.243197,90.6250,584.18
2202,0.183806,95.3125,499.41
2203,0.215274,90.6250,611.32
2204,0.139301,93.7500,503.64
2205,0.124964,96.8750,529.76
2206,0.146132,92.1875,569.87
2207,0.235090,90.6250,497.51
2208,0.241892,87.5000,630.86
2209,0.199423,89.0625,501.35
2210,0.333702,90.6250,582.12
2211,0.249652,92.1875,500.64
2212,0.365178,89.0625,648.22
2213,0.169673,93.7500,504.80
2214,0.344626,89.0625,541.77
2215,0.357220,85.9375,546.47
2216,0.332764,84.3750,521.17
2217,0.434555,87.5000,572.14
2218,0.154855,93.7500,535.49
2219,0.373854,84.3750,560.17
2220,0.100370,98.4375,564.65
2221,0.176547,95.3125,518.48
2222,0.401847,89.0625,558.81
2223,0.196546,93.7500,508.07
2224,0.263304,89.0625,507.64
2225,0.261426,92.1875,607.26
2226,0.234554,93.7500,506.33
2227,0.158208,93.7500,564.72
2228,0.117199,96.8750,502.42
2229,0.269351,87.5000,558.05
2230,0.181768,93.7500,500.63
2231,0.288064,92.1875,495.31
2232,0.356972,87.5000,602.25
2233,0.183344,92.1875,499.56
2234,0.195043,95.3125,527.20
2235,0.334486,89.0625,537.29
2236,0.288041,89.0625,494.51
2237,0.317194,89.0625,584.21
2238,0.265070,87.5000,498.47
2239,0.196489,95.3125,568.22
2240,0.159138,93.7500,496.62
2241,0.261741,92.1875,574.85
2242,0.280338,90.6250,514.45
2243,0.204614,92.1875,502.39
2244,0.365978,89.0625,649.31
2245,0.255610,92.1875,533.50
2246,0.175585,92.1875,570.81
2247,0.288303,92.1875,525.99
2248,0.228073,92.1875,582.26
2249,0.421369,87.5000,560.96
2250,0.097925,96.8750,503.15
2251,0.476657,84.3750,497.30
2252,0.265855,90.6250,613.46
2253,0.131430,98.4375,504.21
2254,0.211442,92.1875,565.39
2255,0.260821,89.0625,497.79
2256,0.256154,90.6250,555.55
2257,0.283676,92.1875,498.25
2258,0.260744,89.0625,545.53
2259,0.148410,93.7500,515.98
2260,0.186833,96.8750,505.57
2261,0.148768,96.8750,584.36
2262,0.248548,90.6250,498.38
2263,0.321263,89.0625,500.03
2264,0.150960,93.7500,593.65
2265,0.298795,89.0625,502.31
2266,0.169270,95.3125,626.31
2267,0.368280,87.5000,499.87
2268,0.154820,92.1875,549.51
2269,0.306683,87.5000,504.42
2270,0.216651,90.6250,495.41
2271,0.204070,92.1875,637.95
2272,0.230286,90.6250,506.20
2273,0.229158,93.7500,576.24
2274,0.153716,95.3125,501.50
2275,0.315183,89.0625,495.07
2276,0.171622,93.7500,577.38
2277,0.268615,89.0625,493.93
2278,0.482459,84.3750,497.17
2279,0.145586,96.8750,592.93
2280,0.276825,87.5000,496.08
2281,0.207220,93.7500,555.32
2282,0.292757,89.0625,518.71
2283,0.281801,90.6250,496.97
2284,0.252494,92.1875,646.54
2285,0.253306,93.7500,494.06
2286,0.267624,92.1875,577.37
2287,0.114147,95.3125,497.15
2288,0.399806,84.3750,648.32
2289,0.392682,85.9375,500.14
2290,0.224700,92.1875,589.53
2291,0.296996,89.0625,497.70
2292,0.373856,89.0625,499.15
2293,0.217064,92.1875,591.70
2294,0.306927,92.1875,497.56
2295,0.479146,82.8125,541.18
2296,0.178060,90.6250,516.84
2297,0.221856,90.6250,551.97
2298,0.202409,93.7500,513.25
2299,0.252885,89.0625,568.36
2300,0.156830,93.7500,502.06
2301,0.381941,87.5000,546.82
2302,0.196544,92.1875,499.59
2303,0.229783,87.5000,557.10
2304,0.099413,98.4375,500.52
2305,0.217698,90.6250,500.19
2306,0.094593,96.8750,642.94
2307,0.172973,95.3125,498.68
2308,0.103600,96.8750,603.27
2309,0.511776,85.9375,499.67
2310,0.188637,92.1875,564.48
2311,0.242639,93.7500,499.55
2312,0.417367,90.6250,567.10
2313,0.225274,92.1875,500.01
2314,0.116910,95.3125,582.71
2315,0.263819,92.1875,498.87
2316,0.291612,89.0625,496.32
2317,0.134990,95.3125,587.62
2318,0.322127,89.0625,498.18
2319,0.195082,92.1875,596.57
2320,0.172080,96.8750,496.89
2321,0.400704,89.0625,644.46
2322,0.148870,93.7500,501.95
2323,0.107138,96.8750,585.25
2324,0.415848,82.8125,501.43
2325,0.137475,93.7500,616.93
2326,0.355800,90.6250,537.54
2327,0.173260,95.3125,560.51
2328,0.212811,92.1875,529.30
2329,0.261704,93.7500,585.68
2330,0.124704,95.3125,526.14
2331,0.284705,89.0625,575.24
2332,0.178189,90.6250,500.93
2333,0.330589,90.6250,661.70
2334,0.202156,96.8750,501.13
2335,0.165892,96.8750,567.83
2336,0.427725,84.3750,499.90
2337,0.323450,89.0625,573.63
2338,0.207202,92.1875,516.55
2339,0.324170,84.3750,557.90
2340,0.275066,89.0625,516.42
2341,0.289435,92.1875,537.39
2342,0.303533,89.0625,541.72
2343,0.258429,90.6250,572.40
2344,0.241994,90.6250,496.84
2345,0.329542,85.9375,500.53
2346,0.136548,96.8750,609.36
2347,0.078598,98.4375,497.76
2348,0.307726,93.7500,587.95
2349,0.244787,89.0625,500.75
2350,0.387160,87.5000,568.01
2351,0.153333,96.8750,497.28
2352,0.163019,93.7500,553.14
2353,0.171052,93.7500,497.75
2354,0.283514,89.0625,546.68
2355,0.320600,89.0625,544.78
2356,0.207917,93.7500,497.80
2357,0.294485,84.3750,577.18
2358,0.108906,96.8750,497.14
2359,0.450329,87.5000,533.66
2360,0.195319,93.7500,534.10
2361,0.282330,89.0625,495.67
2362,0.176775,92.1875,594.05
2363,0.139865,96.8750,488.10
2364,0.244457,89.0625,640.00
2365,0.314474,87.5000,492.81
2366,0.266143,92.1875,618.15
2367,0.146557,93.7500,489.94
2368,0.152725,93.7500,550.25
2369,0.264891,87.5000,491.97
2370,0.383653,89.0625,488.69
2371,0.229709,93.7500,599.26
2372,0.260988,90.6250,496.02
2373,0.208385,92.1875,616.05
2374,0.237702,93.7500,499.64
2375,0.160228,92.1875,559.30
2376,0.316036,85.9375,497.88
2377,0.328028,84.3750,557.82
2378,0.358596,82.8125,505.51
2379,0.312042,92.1875,502.06
2380,0.188697,93.7500,605.48
2381,0.269421,93.7500,498.35
2382,0.267580,85.9375,549.38
2383,0.245697,92.1875,523.56
2384,0.191062,96.8750,570.16
2385,0.411074,87.5000,500.73
2386,0.212125,90.6250,547.19
2387,0.297133,90.6250,529.69
2388,0.278245,85.9375,502.29
2389,0.194301,92.1875,639.98
2390,0.193473,90.6250,503.79
2391,0.254603,89.0625,598.88
2392,0.227847,93.7500,495.79
2393,0.259889,92.1875,604.46
2394,0.164482,92.1875,510.96
2395,0.192867,90.6250,568.20
2396,0.386176,87.5000,499.31
2397,0.138245,95.3125,563.74
2398,0.295820,90.6250,501.28
2399,0.180511,96.8750,524.48
2400,0.418853,85.9375,563.13
2401,0.225547,93.7500,501.62
2402,0.160437,95.3125,642.77
2403,0.184101,93.7500,495.75
2404,0.290330,90.6250,591.15
2405,0.145791,93.7500,496.75
2406,0.161822,93.7500,592.63
2407,0.192727,93.7500,502.51
2408,0.315232,87.5000,506.96
2409,0.244455,92.1875,644.04
2410,0.294837,89.0625,498.70
2411,0.292893,85.9375,619.63
2412,0.211351,90.6250,500.44
2413,0.256673,92.1875,663.11
2414,0.169204,92.1875,501.49
2415,0.591079,82.8125,562.84
2416,0.289677,95.3125,526.11
2417,0.160435,95.3125,507.08
2418,0.220227,93.7500,641.50
2419,0.301776,89.0625,503.16
2420,0.229106,92.1875,614.15
2421,0.193808,92.1875,498.96
2422,0.171338,95.3125,599.99
2423,0.177018,96.8750,552.28
2424,0.223652,93.7500,542.11
2425,0.257966,92.1875,499.78
2426,0.344383,90.6250,601.11
2427,0.228655,90.6250,504.79
2428,0.192749,93.7500,616.62
2429,0.255592,89.0625,501.82
2430,0.350917,85.9375,614.78
2431,0.246706,92.1875,503.18
2432,0.233911,92.1875,559.77
2433,0.237581,87.5000,502.89
2434,0.245387,92.1875,581.13
2435,0.339030,90.6250,518.88
2436,0.245954,89.0625,499.25
2437,0.223105,93.7500,629.53
2438,0.161374,95.3125,502.86
2439,0.128435,96.8750,636.32
2440,0.302571,92.1875,501.18
2441,0.148318,95.3125,580.00
2442,0.423874,84.3750,503.29
2443,0.151875,93.7500,495.89
2444,0.112330,96.8750,606.37
2445,0.302094,92.1875,506.71
2446,0.263391,90.6250,602.36
2447,0.169269,92.1875,499.55
2448,0.218687,93.7500,594.12
2449,0.121354,96.8750,501.04
2450,0.207626,95.3125,646.67
2451,0.163420,93.7500,503.19
2452,0.358305,92.1875,614.91
2453,0.194003,92.1875,507.60
2454,0.237761,90.6250,614.94
2455,0.308257,90.6250,517.70
2456,0.227770,90.6250,584.79
2457,0.355017,89.0625,498.63
2458,0.149639,90.6250,649.69
2459,0.329574,87.5000,506.37
2460,0.133280,96.8750,640.05
2461,0.315082,92.1875,515.82
2462,0.223236,92.1875,589.25
2463,0.292001,87.5000,546.84
2464,0.141479,96.8750,523.00
2465,0.351996,87.5000,501.98
2466,0.250764,92.1875,629.70
2467,0.301598,90.6250,501.99
2468,0.246472,92.1875,540.22
2469,0.246257,90.6250,552.91
2470,0.133737,96.8750,507.64
2471,0.138444,95.3125,619.83
2472,0.189202,92.1875,498.62
2473,0.276928,89.0625,598.96
2474,0.216112,93.7500,500.40
2475,0.244961,93.7500,574.80
2476,0.155531,95.3125,518.63
2477,0.226162,90.6250,520.50
2478,0.251348,93.7500,572.22
2479,0.346197,87.5000,496.59
2480,0.537177,82.8125,593.12
2481,0.324829,92.1875,499.27
2482,0.191162,92.1875,558.01
2483,0.399912,85.9375,498.97
2484,0.299741,81.2500,585.66
2485,0.243270,90.6250,502.66
2486,0.272860,92.1875,658.34
2487,0.244328,85.9375,503.20
2488,0.226879,90.6250,604.04
2489,0.222255,92.1875,510.64
2490,0.133731,95.3125,636.22
2491,0.338041,89.0625,500.42
2492,0.289816,89.0625,589.38
2493,0.278251,90.6250,500.87
2494,0.327035,90.6250,585.46
2495,0.121280,95.3125,502.26
2496,0.168594,93.7500,513.17
2497,0.270724,87.5000,574.95
2498,0.131128,96.8750,551.25
2499,0.225902,93.7500,543.88
2500,0.148582,95.3125,559.68
2501,0.225128,90.6250,498.84
2502,0.186580,95.3125,543.23
2503,0.124681,95.3125,530.11
2504,0.175168,95.3125,501.94
2505,0.312190,92.1875,609.44
2506,0.207562,92.1875,496.65
2507,0.238353,95.3125,635.62
2508,0.393256,84.3750,500.87
2509,0.237490,92.1875,637.09
2510,0.152800,93.7500,496.03
2511,0.223255,93.7500,601.08
2512,0.163126,92.1875,498.90
2513,0.204253,92.1875,586.06
2514,0.128710,93.7500,498.80
2515,0.187227,93.7500,554.83
2516,0.154812,90.6250,499.76
2517,0.132132,95.3125,584.97
2518,0.153096,96.8750,497.72
2519,0.282335,90.6250,503.01
2520,0.356512,89.0625,613.15
2521,0.291960,87.5000,498.99
2522,0.105988,98.4375,583.23
2523,0.189473,92.1875,496.87
2524,0.334296,87.5000,582.04
2525,0.205065,93.7500,498.97
2526,0.353756,82.8125,505.60
2527,0.301892,90.6250,643.18
2528,0.245220,90.6250,499.72
2529,0.197331,95.3125,562.02
2530,0.162508,93.7500,499.84
2531,0.144532,98.4375,499.08
2532,0.206907,93.7500,640.77
2533,0.228165,93.7500,501.00
2534,0.335373,90.6250,592.27
2535,0.101939,96.8750,499.56
2536,0.149560,96.8750,563.40
2537,0.339856,90.6250,503.57
2538,0.296162,89.0625,500.69
2539,0.135728,95.3125,597.58
2540,0.235131,92.1875,497.75
2541,0.180746,93.7500,606.45
2542,0.151388,96.8750,499.92
2543,0.263243,89.0625,649.74
2544,0.302585,85.9375,507.34
2545,0.128986,96.8750,638.74
2546,0.373815,87.5000,500.03
2547,0.326968,92.1875,577.54
2548,0.130487,98.4375,500.41
2549,0.210542,93.7500,585.01
2550,0.143551,93.7500,490.87
2551,0.209105,92.1875,486.29
2552,0.210292,90.6250,636.43
2553,0.283535,85.9375,490.90
2554,0.251006,92.1875,548.42
2555,0.245225,90.6250,514.75
2556,0.194597,92.1875,490.42
2557,0.316398,85.9375,575.75
2558,0.358383,85.9375,493.70
2559,0.336946,82.8125,568.19
2560,0.172088,95.3125,494.35
2561,0.149111,95.3125,553.01
2562,0.246279,95.3125,498.88
2563,0.129303,95.3125,503.29
2564,0.223459,92.1875,614.52
2565,0.236616,92.1875,499.89
2566,0.181476,93.7500,576.11
2567,0.299389,92.1875,500.28
2568,0.393068,87.5000,549.57
2569,0.222338,92.1875,521.88
2570,0.058932,100.0000,106.68
