batch_idx,loss,accuracy,time_ms
1,0.046523,98.4375,659.47
2,0.042321,100.0000,498.03
3,0.078553,96.8750,515.30
4,0.044964,98.4375,607.13
5,0.088290,96.8750,518.30
6,0.072410,98.4375,629.42
7,0.145833,95.3125,513.25
8,0.040665,98.4375,611.19
9,0.118355,93.7500,509.54
10,0.078812,96.8750,584.93
11,0.035405,98.4375,517.63
12,0.115876,95.3125,514.44
13,0.078580,96.8750,613.17
14,0.057436,98.4375,519.02
15,0.025899,98.4375,596.43
16,0.152547,92.1875,512.94
17,0.120618,95.3125,516.92
18,0.020710,100.0000,609.80
19,0.193680,93.7500,512.51
20,0.111013,96.8750,660.43
21,0.212228,95.3125,509.42
22,0.050675,98.4375,652.46
23,0.039357,100.0000,520.55
24,0.056918,96.8750,603.09
25,0.029898,98.4375,508.24
26,0.021250,100.0000,613.36
27,0.019336,98.4375,509.03
28,0.051678,96.8750,576.41
29,0.088412,98.4375,511.26
30,0.057999,98.4375,602.56
31,0.053804,98.4375,510.79
32,0.114721,96.8750,514.98
33,0.055027,96.8750,624.84
34,0.050821,98.4375,527.17
35,0.118996,93.7500,661.88
36,0.139897,93.7500,510.89
37,0.108263,96.8750,630.70
38,0.140494,95.3125,561.77
39,0.147425,96.8750,561.02
40,0.012629,100.0000,517.03
41,0.080368,96.8750,617.12
42,0.057292,98.4375,511.87
43,0.124692,95.3125,587.71
44,0.055279,98.4375,512.02
45,0.061305,98.4375,517.85
46,0.065560,96.8750,655.17
47,0.159492,92.1875,522.72
48,0.061505,98.4375,596.16
49,0.092304,95.3125,517.82
50,0.067468,98.4375,538.90
51,0.087144,96.8750,558.22
52,0.047557,98.4375,514.68
53,0.068760,96.8750,633.19
54,0.103490,98.4375,515.49
55,0.155978,92.1875,631.29
56,0.090199,95.3125,511.35
57,0.058002,98.4375,619.40
58,0.073189,96.8750,573.14
59,0.051857,98.4375,568.38
60,0.159002,93.7500,560.55
61,0.049167,100.0000,511.58
62,0.095879,95.3125,563.62
63,0.039477,98.4375,494.03
64,0.046042,98.4375,500.56
65,0.074842,98.4375,618.84
66,0.030285,100.0000,495.03
67,0.078701,96.8750,653.85
68,0.062912,96.8750,499.25
69,0.057146,98.4375,522.39
70,0.038787,100.0000,582.59
71,0.035779,98.4375,498.13
72,0.022205,100.0000,614.49
73,0.218998,92.1875,503.11
74,0.031905,98.4375,637.02
75,0.038344,100.0000,503.41
76,0.268930,95.3125,648.03
77,0.070371,96.8750,498.31
78,0.195718,93.7500,529.05
79,0.110921,96.8750,565.51
80,0.065742,98.4375,509.47
81,0.058496,98.4375,639.47
82,0.086094,95.3125,505.61
83,0.052423,100.0000,569.95
84,0.071541,96.8750,498.82
85,0.142599,93.7500,574.05
86,0.088297,95.3125,502.28
87,0.082770,98.4375,500.25
88,0.019356,100.0000,626.38
89,0.031423,98.4375,504.21
90,0.048515,96.8750,586.10
91,0.053252,96.8750,504.52
92,0.019688,100.0000,550.05
93,0.042088,96.8750,545.20
94,0.031878,98.4375,502.53
95,0.107700,95.3125,593.78
96,0.103785,98.4375,525.03
97,0.045453,96.8750,561.23
98,0.087111,96.8750,545.49
99,0.088103,96.8750,525.79
100,0.039233,98.4375,552.61
101,0.099589,95.3125,499.46
102,0.026558,98.4375,563.48
103,0.179584,95.3125,502.89
104,0.074886,95.3125,580.20
105,0.027457,98.4375,524.79
106,0.058473,96.8750,568.85
107,0.100715,95.3125,502.00
108,0.036610,96.8750,574.36
109,0.103053,93.7500,503.89
110,0.081614,96.8750,554.49
111,0.130723,93.7500,558.12
112,0.053090,98.4375,530.17
113,0.074235,98.4375,570.61
114,0.028784,98.4375,504.55
115,0.071390,95.3125,597.60
116,0.122352,92.1875,500.29
117,0.070652,96.8750,599.93
118,0.090453,95.3125,501.58
119,0.101639,96.8750,645.66
120,0.029542,100.0000,505.91
121,0.068059,98.4375,585.09
122,0.062923,98.4375,504.67
123,0.058964,98.4375,500.48
124,0.118293,93.7500,637.06
125,0.024281,100.0000,545.79
126,0.039541,98.4375,570.22
127,0.055435,98.4375,572.12
128,0.106423,96.8750,541.35
129,0.108725,95.3125,536.68
130,0.052672,98.4375,555.18
131,0.111747,95.3125,502.15
132,0.130126,95.3125,505.15
133,0.077236,98.4375,581.60
134,0.081140,98.4375,503.40
135,0.115414,95.3125,584.21
136,0.116940,96.8750,502.14
137,0.104768,92.1875,593.22
138,0.047414,98.4375,500.83
139,0.081652,95.3125,504.38
140,0.018477,100.0000,614.49
141,0.123209,93.7500,502.68
142,0.122406,93.7500,607.54
143,0.021050,100.0000,500.22
144,0.004969,100.0000,568.76
145,0.073059,96.8750,498.26
146,0.078902,96.8750,502.57
147,0.122183,95.3125,654.36
148,0.059632,96.8750,504.26
149,0.122059,93.7500,595.75
150,0.071162,96.8750,498.55
151,0.087917,95.3125,583.13
152,0.065098,96.8750,504.30
153,0.021839,100.0000,573.51
154,0.109539,92.1875,514.68
155,0.090381,98.4375,504.94
156,0.082923,95.3125,595.31
157,0.100768,95.3125,498.19
158,0.031975,98.4375,562.06
159,0.070436,96.8750,502.99
160,0.119958,95.3125,528.14
161,0.059509,96.8750,547.36
162,0.078911,96.8750,543.57
163,0.035952,98.4375,522.74
164,0.040283,98.4375,499.95
165,0.093369,95.3125,623.35
166,0.036211,98.4375,504.05
167,0.149392,96.8750,613.85
168,0.086858,98.4375,499.85
169,0.070742,98.4375,569.40
170,0.164534,95.3125,520.11
171,0.131341,96.8750,527.71
172,0.040864,98.4375,552.11
173,0.044794,98.4375,560.68
174,0.102864,96.8750,513.83
175,0.023113,100.0000,527.97
176,0.096028,98.4375,563.72
177,0.111079,93.7500,552.60
178,0.123025,95.3125,533.15
179,0.049650,100.0000,501.70
180,0.090984,95.3125,585.30
181,0.053802,98.4375,500.16
182,0.083691,96.8750,558.45
183,0.082884,93.7500,502.60
184,0.114190,95.3125,547.45
185,0.034349,98.4375,518.96
186,0.074277,96.8750,497.22
187,0.129864,92.1875,604.91
188,0.088810,95.3125,500.83
189,0.029454,100.0000,564.77
190,0.069138,96.8750,495.54
191,0.082498,96.8750,520.12
192,0.158805,93.7500,587.95
193,0.060709,98.4375,576.87
194,0.059869,98.4375,521.89
195,0.080864,96.8750,495.65
196,0.075795,95.3125,631.99
197,0.133596,93.7500,508.03
198,0.090318,95.3125,595.86
199,0.207808,93.7500,496.82
200,0.044218,98.4375,635.92
201,0.106114,95.3125,502.52
202,0.029570,100.0000,584.09
203,0.059419,98.4375,504.75
204,0.116985,95.3125,649.13
205,0.160627,92.1875,502.22
206,0.037180,98.4375,565.62
207,0.089184,93.7500,507.24
208,0.151862,93.7500,507.44
209,0.061317,98.4375,604.51
210,0.110327,95.3125,500.98
211,0.102138,95.3125,643.29
212,0.078857,95.3125,503.24
213,0.113381,96.8750,568.81
214,0.041486,98.4375,502.41
215,0.075117,95.3125,551.23
216,0.030183,98.4375,524.00
217,0.070380,96.8750,498.40
218,0.077331,96.8750,587.79
219,0.036318,98.4375,503.96
220,0.032542,98.4375,545.19
221,0.050032,96.8750,554.83
222,0.098803,98.4375,508.39
223,0.061985,96.8750,570.82
224,0.059631,96.8750,501.92
225,0.131955,95.3125,597.39
226,0.091444,96.8750,499.58
227,0.063954,98.4375,571.94
228,0.059829,98.4375,500.87
229,0.030578,98.4375,506.65
230,0.021291,100.0000,602.59
231,0.052699,96.8750,501.29
232,0.077714,96.8750,615.83
233,0.053984,100.0000,496.49
234,0.030985,98.4375,574.00
235,0.012772,100.0000,515.36
236,0.073401,96.8750,501.77
237,0.094292,95.3125,653.17
238,0.137694,93.7500,507.90
239,0.080656,96.8750,546.29
240,0.046154,98.4375,539.72
241,0.069134,96.8750,491.75
242,0.121670,95.3125,585.74
243,0.069851,96.8750,495.53
244,0.105688,93.7500,585.48
245,0.055925,98.4375,495.82
246,0.144433,92.1875,493.11
247,0.110816,96.8750,602.19
248,0.110434,95.3125,502.76
249,0.034299,98.4375,561.38
250,0.067375,98.4375,502.71
251,0.087171,96.8750,506.38
252,0.090568,96.8750,631.63
253,0.065310,96.8750,521.47
254,0.084235,98.4375,595.97
255,0.150115,93.7500,498.44
256,0.136381,92.1875,597.89
257,0.054442,96.8750,502.93
258,0.041347,98.4375,619.01
259,0.045764,96.8750,505.59
260,0.063311,96.8750,600.18
261,0.037203,98.4375,496.21
262,0.106795,96.8750,547.72
263,0.047909,98.4375,519.19
264,0.137978,92.1875,497.44
265,0.104475,98.4375,595.96
266,0.051480,98.4375,509.78
267,0.106846,96.8750,627.81
268,0.122608,93.7500,512.77
269,0.027444,100.0000,590.17
270,0.046918,100.0000,495.87
271,0.059486,98.4375,565.20
272,0.073402,96.8750,501.03
273,0.092743,95.3125,497.08
274,0.085727,96.8750,656.30
275,0.081417,93.7500,509.03
276,0.063697,96.8750,591.88
277,0.106653,96.8750,498.89
278,0.033004,100.0000,562.98
279,0.053462,95.3125,517.39
280,0.105793,98.4375,557.68
281,0.272545,90.6250,499.23
282,0.159361,96.8750,566.47
283,0.091791,96.8750,499.12
284,0.084380,98.4375,501.98
285,0.073499,96.8750,643.72
286,0.051920,96.8750,502.43
287,0.033830,98.4375,534.89
288,0.040877,96.8750,549.91
289,0.103675,95.3125,497.79
290,0.049740,100.0000,595.36
291,0.065546,96.8750,504.42
292,0.045711,98.4375,507.81
293,0.078364,96.8750,626.13
294,0.151201,92.1875,520.11
295,0.073196,96.8750,595.37
296,0.079353,96.8750,499.90
297,0.030682,98.4375,634.78
298,0.068966,96.8750,495.13
299,0.071630,96.8750,613.97
300,0.064547,95.3125,502.30
301,0.102464,95.3125,623.30
302,0.061453,98.4375,504.85
303,0.036112,98.4375,551.53
304,0.084201,96.8750,518.57
305,0.208969,92.1875,524.23
306,0.133850,95.3125,563.95
307,0.065769,96.8750,496.23
308,0.090430,95.3125,568.61
309,0.071208,96.8750,505.68
310,0.033509,98.4375,535.05
311,0.029048,98.4375,538.57
312,0.048347,96.8750,506.44
313,0.182259,93.7500,646.84
314,0.033564,100.0000,502.67
315,0.080191,96.8750,652.76
316,0.060965,98.4375,506.12
317,0.040668,98.4375,583.95
318,0.043048,100.0000,497.04
319,0.099018,95.3125,562.77
320,0.076861,98.4375,497.16
321,0.075909,98.4375,502.17
322,0.055258,96.8750,627.66
323,0.120567,96.8750,496.77
324,0.118078,95.3125,588.99
325,0.047582,96.8750,501.24
326,0.052418,100.0000,597.25
327,0.118936,93.7500,498.61
328,0.109362,93.7500,500.82
329,0.084934,96.8750,595.04
330,0.119366,95.3125,503.71
331,0.010669,100.0000,626.53
332,0.051233,98.4375,501.29
333,0.061116,96.8750,593.40
334,0.079211,96.8750,505.80
335,0.208596,92.1875,595.86
336,0.059336,96.8750,499.53
337,0.055062,96.8750,583.90
338,0.034428,100.0000,497.06
339,0.033382,100.0000,501.94
340,0.141647,95.3125,608.69
341,0.185351,92.1875,551.34
342,0.158412,95.3125,550.13
343,0.135295,93.7500,498.97
344,0.037685,96.8750,587.21
345,0.025710,98.4375,499.49
346,0.064441,96.8750,586.84
347,0.073915,95.3125,504.12
348,0.079170,96.8750,608.36
349,0.025031,98.4375,499.52
350,0.126852,93.7500,561.51
351,0.113476,95.3125,529.87
352,0.038162,98.4375,515.68
353,0.077416,95.3125,605.97
354,0.094622,98.4375,545.85
355,0.009111,100.0000,534.05
356,0.102807,96.8750,498.86
357,0.114138,95.3125,599.87
358,0.103439,96.8750,505.59
359,0.032875,98.4375,503.05
360,0.050223,98.4375,614.33
361,0.229590,92.1875,502.80
362,0.112859,95.3125,634.28
363,0.079706,98.4375,505.05
364,0.075756,98.4375,533.13
365,0.173952,93.7500,560.54
366,0.084079,98.4375,496.38
367,0.079360,96.8750,590.99
368,0.037822,100.0000,504.52
369,0.107864,93.7500,550.08
370,0.097591,96.8750,535.90
371,0.047263,98.4375,569.03
372,0.079229,96.8750,509.46
373,0.102147,93.7500,574.98
374,0.010649,100.0000,503.45
375,0.063148,98.4375,502.91
376,0.024411,100.0000,612.63
377,0.016545,100.0000,503.17
378,0.094973,95.3125,597.47
379,0.044000,98.4375,503.38
380,0.062466,98.4375,640.15
381,0.036987,98.4375,499.87
382,0.025828,98.4375,519.29
383,0.095221,96.8750,590.39
384,0.018109,100.0000,498.77
385,0.146209,95.3125,585.14
386,0.045394,98.4375,524.00
387,0.181383,92.1875,521.89
388,0.046675,100.0000,579.24
389,0.018573,100.0000,556.92
390,0.104428,93.7500,618.28
391,0.062534,96.8750,499.99
392,0.099642,96.8750,504.00
393,0.122437,95.3125,603.01
394,0.119706,93.7500,548.24
395,0.053424,98.4375,542.04
396,0.134417,95.3125,535.75
397,0.063011,96.8750,570.13
398,0.009208,100.0000,494.96
399,0.064762,98.4375,636.55
400,0.074463,96.8750,502.25
401,0.041946,98.4375,639.61
402,0.036458,100.0000,499.32
403,0.052477,98.4375,640.04
404,0.049516,98.4375,502.87
405,0.087937,98.4375,622.10
406,0.034390,100.0000,504.17
407,0.047672,96.8750,582.21
408,0.138336,96.8750,502.06
409,0.067132,96.8750,570.07
410,0.109180,95.3125,502.21
411,0.018522,100.0000,508.41
412,0.076008,96.8750,605.58
413,0.043502,100.0000,510.75
414,0.175530,95.3125,658.92
415,0.096541,98.4375,504.16
416,0.051803,98.4375,605.50
417,0.213795,95.3125,508.11
418,0.063773,98.4375,584.77
419,0.100364,93.7500,505.52
420,0.044677,98.4375,519.77
421,0.117926,95.3125,593.04
422,0.045349,98.4375,538.82
423,0.039447,100.0000,564.77
424,0.047177,98.4375,523.83
425,0.145697,92.1875,586.64
426,0.072561,95.3125,497.09
427,0.068934,96.8750,588.73
428,0.162390,92.1875,500.25
429,0.069273,96.8750,568.06
430,0.101378,93.7500,507.08
431,0.052595,98.4375,505.79
432,0.102609,96.8750,587.54
433,0.078263,93.7500,499.50
434,0.047670,98.4375,583.52
435,0.087350,96.8750,501.90
436,0.077826,96.8750,546.47
437,0.079860,98.4375,558.83
438,0.129515,95.3125,504.68
439,0.218874,90.6250,650.91
440,0.054662,100.0000,511.95
441,0.112398,95.3125,562.15
442,0.041190,100.0000,554.29
443,0.114641,93.7500,578.52
444,0.152547,92.1875,504.23
445,0.105509,96.8750,554.99
446,0.029654,98.4375,570.25
447,0.065015,98.4375,611.23
448,0.071342,98.4375,566.81
449,0.111501,95.3125,525.46
450,0.107447,95.3125,503.33
451,0.135345,95.3125,632.38
452,0.082199,96.8750,500.63
453,0.059307,96.8750,564.51
454,0.076855,95.3125,520.55
455,0.091289,98.4375,565.25
456,0.028690,100.0000,515.92
457,0.023308,98.4375,550.90
458,0.057128,96.8750,545.51
459,0.058576,95.3125,580.23
460,0.082092,98.4375,502.33
461,0.065020,98.4375,509.66
462,0.085200,95.3125,603.17
463,0.106786,95.3125,501.53
464,0.029389,100.0000,558.37
465,0.057417,98.4375,502.88
466,0.096063,96.8750,591.21
467,0.077403,96.8750,501.19
468,0.103321,95.3125,646.81
469,0.072308,95.3125,496.24
470,0.099504,95.3125,649.46
471,0.010139,100.0000,503.99
472,0.040581,98.4375,594.08
473,0.055043,98.4375,508.06
474,0.014340,100.0000,551.60
475,0.089672,96.8750,533.79
476,0.062866,98.4375,517.62
477,0.059094,98.4375,601.20
478,0.161093,92.1875,496.30
479,0.042315,100.0000,540.61
480,0.133597,90.6250,525.51
481,0.114471,96.8750,496.63
482,0.045654,98.4375,627.04
483,0.079182,95.3125,499.40
484,0.078748,93.7500,660.95
485,0.072378,96.8750,505.62
486,0.128870,98.4375,573.24
487,0.079132,95.3125,499.85
488,0.116255,96.8750,552.87
489,0.102214,96.8750,546.02
490,0.065333,96.8750,500.56
491,0.111475,96.8750,647.98
492,0.198082,92.1875,504.83
493,0.063884,98.4375,602.95
494,0.147334,93.7500,511.52
495,0.119305,95.3125,550.18
496,0.007844,100.0000,538.82
497,0.090064,96.8750,572.78
498,0.036531,98.4375,503.01
499,0.157543,95.3125,505.16
500,0.034023,98.4375,604.45
501,0.142132,95.3125,569.90
502,0.055561,96.8750,513.76
503,0.101184,95.3125,499.50
504,0.069609,96.8750,648.77
505,0.014700,100.0000,501.12
506,0.022954,100.0000,563.15
507,0.076123,95.3125,503.61
508,0.137309,95.3125,528.69
509,0.034609,100.0000,569.10
510,0.090869,96.8750,502.17
511,0.079590,96.8750,569.21
512,0.041102,98.4375,505.16
513,0.086300,96.8750,573.12
514,0.051282,96.8750,503.30
515,0.036251,98.4375,566.09
516,0.095008,96.8750,502.35
517,0.154767,95.3125,512.38
518,0.151504,93.7500,596.94
519,0.062696,98.4375,558.09
520,0.041201,98.4375,544.36
521,0.068863,96.8750,548.45
522,0.055809,96.8750,550.48
523,0.063345,98.4375,504.11
524,0.063575,96.8750,580.87
525,0.036101,98.4375,505.08
526,0.029686,100.0000,544.94
527,0.290163,90.6250,556.44
528,0.187513,93.7500,551.37
529,0.187781,96.8750,548.74
530,0.066638,98.4375,501.25
531,0.041321,98.4375,590.22
532,0.096706,95.3125,505.07
533,0.225852,92.1875,569.57
534,0.042031,100.0000,505.08
535,0.086518,96.8750,579.83
536,0.081211,95.3125,505.59
537,0.112271,96.8750,593.88
538,0.067372,96.8750,508.07
539,0.051860,98.4375,642.44
540,0.025346,100.0000,498.30
541,0.028537,100.0000,630.49
542,0.172304,95.3125,501.04
543,0.062698,98.4375,593.37
544,0.074291,93.7500,505.60
545,0.020735,98.4375,566.78
546,0.019836,100.0000,523.05
547,0.088729,98.4375,507.07
548,0.084911,96.8750,661.21
549,0.067139,98.4375,504.51
550,0.053824,96.8750,565.67
551,0.241465,95.3125,520.53
552,0.101220,95.3125,500.88
553,0.118870,96.8750,662.33
554,0.080312,95.3125,505.65
555,0.021161,100.0000,550.13
556,0.086094,98.4375,552.78
557,0.120062,93.7500,550.02
558,0.052960,96.8750,557.01
559,0.057279,96.8750,520.18
560,0.027009,100.0000,653.57
561,0.123564,93.7500,500.67
562,0.104095,95.3125,537.10
563,0.010628,100.0000,556.96
564,0.081860,96.8750,503.96
565,0.052954,96.8750,616.98
566,0.125687,93.7500,500.70
567,0.090190,95.3125,653.69
568,0.074107,98.4375,504.94
569,0.117928,93.7500,561.87
570,0.019844,100.0000,492.31
571,0.033269,98.4375,492.76
572,0.139984,96.8750,616.89
573,0.141644,93.7500,489.58
574,0.036614,100.0000,558.18
575,0.076558,96.8750,490.66
576,0.130717,95.3125,495.55
577,0.046423,98.4375,610.41
578,0.025274,100.0000,500.72
579,0.098235,93.7500,593.10
580,0.010984,100.0000,500.50
581,0.015349,100.0000,570.43
582,0.088963,96.8750,508.08
583,0.047722,98.4375,573.43
584,0.074934,96.8750,502.12
585,0.023964,100.0000,500.74
586,0.043345,98.4375,654.33
587,0.055318,96.8750,509.82
588,0.048961,95.3125,555.75
589,0.063147,98.4375,529.53
590,0.041699,98.4375,502.10
591,0.145039,95.3125,597.48
592,0.062580,96.8750,502.85
593,0.077911,96.8750,545.56
594,0.007784,100.0000,556.67
595,0.095458,96.8750,513.87
596,0.040301,98.4375,600.82
597,0.073934,96.8750,506.94
598,0.066448,96.8750,506.66
599,0.043396,98.4375,615.89
600,0.132049,93.7500,504.73
601,0.076107,96.8750,566.51
602,0.105181,95.3125,506.43
603,0.087694,96.8750,585.49
604,0.061468,96.8750,520.18
605,0.071866,96.8750,498.94
606,0.100120,96.8750,657.04
607,0.116019,96.8750,505.15
608,0.060295,96.8750,554.21
609,0.039116,98.4375,521.45
610,0.025859,100.0000,506.98
611,0.048346,100.0000,630.71
612,0.078545,98.4375,501.15
613,0.034502,100.0000,565.53
614,0.038080,100.0000,502.70
615,0.051852,95.3125,563.14
616,0.029442,98.4375,501.21
617,0.028484,98.4375,504.82
618,0.116428,95.3125,653.85
619,0.144508,90.6250,500.11
620,0.074592,98.4375,620.74
621,0.048124,98.4375,498.89
622,0.067675,98.4375,584.75
623,0.053355,96.8750,502.63
624,0.071774,96.8750,503.63
625,0.078244,95.3125,598.31
626,0.103964,96.8750,501.55
627,0.038402,98.4375,555.27
628,0.055062,96.8750,497.66
629,0.081329,96.8750,547.87
630,0.015919,100.0000,520.99
631,0.054477,98.4375,578.64
632,0.040480,98.4375,526.97
633,0.078149,95.3125,595.43
634,0.084867,95.3125,500.52
635,0.076363,96.8750,504.17
636,0.021294,100.0000,595.34
637,0.102778,96.8750,537.80
638,0.024671,98.4375,556.82
639,0.074505,96.8750,504.44
640,0.108898,93.7500,567.27
641,0.019166,100.0000,498.93
642,0.076941,96.8750,503.08
643,0.163890,90.6250,600.18
644,0.193025,95.3125,500.68
645,0.039988,98.4375,573.85
646,0.092760,96.8750,505.45
647,0.104783,96.8750,510.28
648,0.052582,98.4375,594.48
649,0.012340,100.0000,500.74
650,0.039124,98.4375,560.49
651,0.022863,100.0000,501.85
652,0.100010,93.7500,548.31
653,0.102044,98.4375,505.89
654,0.066238,96.8750,508.53
655,0.026747,98.4375,654.74
656,0.081895,98.4375,502.64
657,0.042979,98.4375,596.04
658,0.068959,96.8750,498.84
659,0.132371,95.3125,512.63
660,0.022924,100.0000,594.24
661,0.036255,100.0000,504.54
662,0.069452,95.3125,639.28
663,0.043925,98.4375,508.42
664,0.046292,98.4375,555.74
665,0.041026,96.8750,537.86
666,0.150814,93.7500,532.92
667,0.136186,95.3125,569.13
668,0.029146,100.0000,558.67
669,0.103941,95.3125,529.88
670,0.136300,95.3125,507.13
671,0.024640,98.4375,605.76
672,0.019113,100.0000,501.63
673,0.036860,100.0000,563.16
674,0.033206,98.4375,505.07
675,0.063118,98.4375,502.86
676,0.079911,98.4375,620.17
677,0.048870,98.4375,500.54
678,0.141040,96.8750,584.74
679,0.100268,95.3125,504.43
680,0.012938,100.0000,563.52
681,0.031367,100.0000,500.98
682,0.046278,98.4375,560.93
683,0.043080,98.4375,498.04
684,0.048814,96.8750,549.10
685,0.024607,98.4375,555.22
686,0.104166,96.8750,501.34
687,0.040494,98.4375,586.57
688,0.034150,100.0000,505.65
689,0.099916,95.3125,502.42
690,0.036312,98.4375,600.47
691,0.042667,98.4375,507.18
692,0.081663,96.8750,583.73
693,0.035947,100.0000,500.46
694,0.057727,96.8750,571.13
695,0.057000,96.8750,498.40
696,0.090761,96.8750,563.25
697,0.043194,100.0000,507.39
698,0.021578,100.0000,568.89
699,0.033455,98.4375,522.79
700,0.055878,96.8750,559.32
701,0.096287,96.8750,502.12
702,0.087112,93.7500,552.59
703,0.045771,96.8750,501.18
704,0.075580,93.7500,504.14
705,0.061524,96.8750,606.00
706,0.183032,93.7500,511.77
707,0.060966,96.8750,608.19
708,0.039992,100.0000,534.91
709,0.127352,95.3125,560.99
710,0.148325,93.7500,498.38
711,0.098267,95.3125,645.76
712,0.107381,96.8750,502.34
713,0.042821,98.4375,614.20
714,0.086860,96.8750,518.76
715,0.073132,96.8750,577.28
716,0.020870,100.0000,506.06
717,0.017296,100.0000,617.43
718,0.049044,96.8750,499.80
719,0.123386,95.3125,646.09
720,0.107409,93.7500,504.65
721,0.035713,98.4375,571.53
722,0.065066,98.4375,499.11
723,0.092177,95.3125,496.52
724,0.020071,100.0000,596.93
725,0.094923,95.3125,503.33
726,0.041611,98.4375,622.54
727,0.118028,92.1875,499.45
728,0.042543,98.4375,636.61
729,0.027029,100.0000,501.88
730,0.058227,98.4375,583.27
731,0.049526,98.4375,502.71
732,0.074090,96.8750,499.11
733,0.115274,93.7500,604.14
734,0.017455,100.0000,509.14
735,0.148215,93.7500,598.98
736,0.037434,98.4375,501.99
737,0.089699,96.8750,496.95
738,0.102557,96.8750,638.89
739,0.298846,89.0625,525.12
740,0.073054,96.8750,561.05
741,0.056975,96.8750,501.39
742,0.196950,92.1875,602.79
743,0.101582,96.8750,501.54
744,0.023656,100.0000,640.47
745,0.043769,98.4375,499.30
746,0.139877,96.8750,570.77
747,0.065202,96.8750,516.22
748,0.061503,96.8750,502.66
749,0.031997,100.0000,632.95
750,0.085462,95.3125,496.53
751,0.044854,98.4375,579.50
752,0.109699,96.8750,502.43
753,0.027640,98.4375,506.37
754,0.045006,100.0000,616.72
755,0.060961,98.4375,504.95
756,0.124801,93.7500,611.18
757,0.190474,90.6250,502.46
758,0.044075,98.4375,639.24
759,0.103687,98.4375,498.41
760,0.061345,98.4375,582.17
761,0.104191,93.7500,503.25
762,0.043104,98.4375,595.10
763,0.063200,96.8750,498.01
764,0.028302,100.0000,566.03
765,0.032066,98.4375,499.92
766,0.036328,98.4375,576.14
767,0.036483,98.4375,502.20
768,0.065801,96.8750,502.41
769,0.140897,98.4375,600.17
770,0.141893,95.3125,501.72
771,0.207898,90.6250,582.49
772,0.028692,100.0000,501.89
773,0.126166,95.3125,566.65
774,0.077344,95.3125,501.26
775,0.066264,96.8750,554.32
776,0.039677,100.0000,522.62
777,0.021171,100.0000,500.75
778,0.050406,98.4375,607.37
779,0.109864,95.3125,508.62
780,0.028225,98.4375,591.24
781,0.075599,95.3125,502.52
782,0.061098,98.4375,633.49
783,0.062313,95.3125,496.58
784,0.094088,98.4375,549.68
785,0.049560,98.4375,547.56
786,0.053690,98.4375,501.14
787,0.046457,100.0000,637.80
788,0.067657,96.8750,508.16
789,0.067614,96.8750,530.83
790,0.212243,93.7500,580.59
791,0.139954,90.6250,570.20
792,0.066865,96.8750,525.09
793,0.043757,96.8750,526.54
794,0.088208,95.3125,565.50
795,0.037158,100.0000,499.90
796,0.034578,98.4375,575.70
797,0.148851,93.7500,502.24
798,0.099900,95.3125,505.85
799,0.073654,95.3125,642.55
800,0.019941,100.0000,505.60
801,0.088730,95.3125,651.40
802,0.077055,98.4375,499.12
803,0.124503,96.8750,530.78
804,0.062850,98.4375,562.64
805,0.058398,98.4375,499.16
806,0.019090,100.0000,621.13
807,0.092132,93.7500,525.24
808,0.026073,98.4375,587.13
809,0.063538,96.8750,506.50
810,0.108275,96.8750,596.92
811,0.074802,96.8750,496.68
812,0.053958,98.4375,591.60
813,0.074794,96.8750,503.23
814,0.133534,92.1875,500.54
815,0.050237,98.4375,609.15
816,0.107766,95.3125,505.37
817,0.043824,98.4375,640.05
818,0.063961,98.4375,499.45
819,0.032371,98.4375,633.67
820,0.103838,96.8750,495.90
821,0.054768,96.8750,633.24
822,0.091955,93.7500,503.26
823,0.045620,96.8750,564.14
824,0.074936,96.8750,505.54
825,0.120680,95.3125,523.50
826,0.103155,95.3125,574.14
827,0.121091,93.7500,499.93
828,0.038476,98.4375,597.66
829,0.043922,98.4375,498.56
830,0.007082,100.0000,577.06
831,0.099449,95.3125,503.07
832,0.058986,98.4375,502.97
833,0.093622,95.3125,655.40
834,0.010874,100.0000,498.07
835,0.042518,100.0000,653.13
836,0.046367,98.4375,499.10
837,0.042078,98.4375,549.93
838,0.034518,96.8750,531.37
839,0.077975,95.3125,500.10
840,0.102260,95.3125,642.30
841,0.046296,98.4375,506.46
842,0.070633,96.8750,618.51
843,0.035544,98.4375,499.30
844,0.029429,100.0000,549.30
845,0.151393,95.3125,553.08
846,0.081837,95.3125,532.72
847,0.084716,96.8750,545.16
848,0.074910,95.3125,502.43
849,0.113634,98.4375,589.81
850,0.151961,93.7500,494.97
851,0.252768,92.1875,518.19
852,0.095264,95.3125,601.65
853,0.070403,96.8750,526.12
854,0.029482,100.0000,569.49
855,0.012128,100.0000,506.94
856,0.071920,98.4375,600.39
857,0.006231,100.0000,503.75
858,0.040053,98.4375,567.13
859,0.058067,98.4375,506.49
860,0.004613,100.0000,498.27
861,0.130535,95.3125,605.94
862,0.014867,100.0000,504.16
863,0.066251,98.4375,597.04
864,0.090354,95.3125,502.59
865,0.117385,93.7500,593.87
866,0.062835,96.8750,500.18
867,0.118286,96.8750,564.40
868,0.072050,98.4375,516.20
869,0.097661,95.3125,584.05
870,0.040035,100.0000,498.07
871,0.040265,98.4375,554.37
872,0.016891,100.0000,508.45
873,0.052450,98.4375,498.47
874,0.090309,96.8750,620.89
875,0.090467,96.8750,500.60
876,0.051566,98.4375,648.12
877,0.097451,95.3125,499.81
878,0.226123,93.7500,565.44
879,0.045741,98.4375,502.84
880,0.045769,98.4375,520.55
881,0.044893,98.4375,594.64
882,0.055751,96.8750,502.16
883,0.086746,98.4375,585.45
884,0.066692,98.4375,508.54
885,0.075274,98.4375,569.99
886,0.042183,100.0000,496.84
887,0.022596,100.0000,503.44
888,0.059334,98.4375,648.92
889,0.075857,96.8750,506.36
890,0.043146,100.0000,591.91
891,0.008373,100.0000,499.59
892,0.097624,96.8750,522.84
893,0.112616,93.7500,579.62
894,0.129647,93.7500,500.64
895,0.022322,100.0000,605.08
896,0.152256,93.7500,500.39
897,0.048722,98.4375,599.98
898,0.148262,93.7500,505.17
899,0.027117,100.0000,643.10
900,0.035907,98.4375,502.07
901,0.072576,98.4375,546.27
902,0.213752,89.0625,527.98
903,0.028499,98.4375,500.29
904,0.120014,96.8750,608.15
905,0.111083,96.8750,500.61
906,0.079947,96.8750,557.62
907,0.052141,96.8750,500.32
908,0.118690,93.7500,567.80
909,0.098666,95.3125,496.50
910,0.163338,98.4375,594.59
911,0.055727,98.4375,501.13
912,0.014477,100.0000,572.69
913,0.035461,100.0000,505.54
914,0.049653,96.8750,560.65
915,0.027091,100.0000,496.69
916,0.057231,98.4375,561.84
917,0.179114,96.8750,501.30
918,0.193998,95.3125,575.94
919,0.057320,96.8750,501.90
920,0.132683,93.7500,581.91
921,0.022800,100.0000,503.29
922,0.079232,96.8750,512.93
923,0.025092,100.0000,603.28
924,0.083798,96.8750,532.40
925,0.064235,98.4375,566.62
926,0.069841,98.4375,563.30
927,0.114668,95.3125,543.65
928,0.168012,93.7500,499.48
929,0.048099,98.4375,637.84
930,0.111680,96.8750,500.47
931,0.106122,98.4375,651.60
932,0.031298,100.0000,501.29
933,0.026609,98.4375,575.57
934,0.154001,92.1875,504.74
935,0.015325,100.0000,502.09
936,0.089395,96.8750,597.78
937,0.028912,100.0000,504.03
938,0.039394,96.8750,593.13
939,0.063886,96.8750,508.41
940,0.138965,92.1875,504.62
941,0.086012,96.8750,616.74
942,0.116807,98.4375,500.96
943,0.056957,96.8750,592.14
944,0.064340,96.8750,501.68
945,0.042605,98.4375,631.74
946,0.048131,98.4375,498.18
947,0.023970,98.4375,652.10
948,0.080218,98.4375,533.60
949,0.207205,93.7500,586.65
950,0.008693,100.0000,548.16
951,0.079179,96.8750,528.43
952,0.019903,100.0000,497.03
953,0.047895,96.8750,599.07
954,0.042390,96.8750,499.02
955,0.103548,95.3125,559.99
956,0.086220,95.3125,502.62
957,0.106530,96.8750,502.91
958,0.017108,100.0000,602.60
959,0.056618,96.8750,530.70
960,0.090896,96.8750,553.75
961,0.041906,100.0000,532.89
962,0.055937,96.8750,569.16
963,0.052302,98.4375,502.94
964,0.053519,98.4375,647.62
965,0.085011,98.4375,501.78
966,0.052542,98.4375,637.55
967,0.056901,98.4375,499.76
968,0.020432,98.4375,613.01
969,0.061291,98.4375,502.13
970,0.056870,98.4375,608.61
971,0.102987,96.8750,551.37
972,0.063061,96.8750,554.02
973,0.123231,93.7500,569.71
974,0.100437,96.8750,504.81
975,0.064558,96.8750,553.06
976,0.067756,96.8750,548.01
977,0.086547,96.8750,546.80
978,0.099774,93.7500,549.96
979,0.091874,96.8750,497.57
980,0.064236,96.8750,600.48
981,0.094276,96.8750,505.14
982,0.078621,96.8750,591.78
983,0.094743,96.8750,500.45
984,0.140676,93.7500,499.14
985,0.044618,100.0000,628.01
986,0.043406,96.8750,500.34
987,0.018675,100.0000,533.14
988,0.063134,96.8750,553.01
989,0.013129,100.0000,507.43
990,0.067221,98.4375,606.26
991,0.065720,98.4375,506.25
992,0.021029,100.0000,562.59
993,0.070450,96.8750,506.94
994,0.015696,100.0000,530.65
995,0.063452,100.0000,548.04
996,0.068120,96.8750,538.77
997,0.059153,98.4375,564.73
998,0.056614,98.4375,502.59
999,0.055256,98.4375,661.06
1000,0.057929,96.8750,504.81
1001,0.026914,100.0000,572.33
1002,0.089121,98.4375,519.70
1003,0.093360,95.3125,566.12
1004,0.153635,95.3125,509.26
1005,0.291166,90.6250,549.55
1006,0.083698,96.8750,530.71
1007,0.121629,95.3125,501.96
1008,0.056792,98.4375,654.78
1009,0.070148,95.3125,501.40
1010,0.061253,96.8750,548.67
1011,0.098904,96.8750,556.92
1012,0.077742,95.3125,502.48
1013,0.075469,95.3125,630.73
1014,0.043151,96.8750,500.35
1015,0.100545,95.3125,569.38
1016,0.098359,96.8750,505.03
1017,0.096703,95.3125,600.52
1018,0.130291,93.7500,502.15
1019,0.046796,98.4375,636.12
1020,0.089418,98.4375,504.99
1021,0.065835,96.8750,514.44
1022,0.038899,98.4375,594.34
1023,0.054519,100.0000,533.29
1024,0.146887,95.3125,561.65
1025,0.021195,100.0000,565.71
1026,0.054356,100.0000,504.84
1027,0.011061,100.0000,596.93
1028,0.075296,96.8750,506.66
1029,0.011993,100.0000,632.06
1030,0.072640,98.4375,503.98
1031,0.070211,98.4375,568.71
1032,0.080296,96.8750,499.35
1033,0.102161,95.3125,496.87
1034,0.024864,100.0000,597.77
1035,0.065260,96.8750,530.35
1036,0.060949,96.8750,557.42
1037,0.164917,93.7500,492.66
1038,0.123898,96.8750,597.03
1039,0.024185,100.0000,491.76
1040,0.110316,96.8750,638.53
1041,0.117340,95.3125,491.70
1042,0.009146,100.0000,546.26
1043,0.072070,95.3125,513.53
1044,0.012044,100.0000,537.29
1045,0.052230,98.4375,545.55
1046,0.146304,95.3125,564.25
1047,0.062214,96.8750,521.36
1048,0.104478,95.3125,582.65
1049,0.052756,98.4375,499.45
1050,0.058699,98.4375,571.09
1051,0.110725,96.8750,507.48
1052,0.041753,98.4375,507.38
1053,0.065476,98.4375,661.03
1054,0.058279,96.8750,506.78
1055,0.073949,96.8750,559.68
1056,0.027165,100.0000,529.67
1057,0.052180,98.4375,566.14
1058,0.030228,100.0000,505.85
1059,0.074187,96.8750,528.94
1060,0.064132,98.4375,597.84
1061,0.110375,95.3125,509.84
1062,0.095714,95.3125,569.19
1063,0.211720,95.3125,506.24
1064,0.062328,96.8750,569.06
1065,0.078520,98.4375,508.06
1066,0.141297,93.7500,533.39
1067,0.038963,100.0000,569.61
1068,0.028995,98.4375,503.69
1069,0.041716,98.4375,633.98
1070,0.088054,98.4375,499.90
1071,0.066596,96.8750,587.05
1072,0.072098,96.8750,513.23
1073,0.036153,98.4375,578.34
1074,0.036531,100.0000,504.55
1075,0.153058,93.7500,502.69
1076,0.167559,96.8750,597.31
1077,0.014053,100.0000,507.98
1078,0.081973,98.4375,568.93
1079,0.043097,98.4375,502.93
1080,0.152183,96.8750,534.11
1081,0.087291,96.8750,552.01
1082,0.038035,98.4375,555.80
1083,0.186264,90.6250,565.32
1084,0.061469,98.4375,595.22
1085,0.131816,95.3125,503.72
1086,0.117698,95.3125,505.95
1087,0.026473,100.0000,615.46
1088,0.076335,96.8750,549.75
1089,0.027006,100.0000,550.78
1090,0.049789,100.0000,561.70
1091,0.038653,98.4375,501.94
1092,0.069896,98.4375,507.31
1093,0.079788,96.8750,618.91
1094,0.053524,96.8750,511.71
1095,0.036266,98.4375,600.59
1096,0.097976,96.8750,504.21
1097,0.036961,98.4375,622.16
1098,0.113153,93.7500,533.69
1099,0.090628,96.8750,576.63
1100,0.074923,96.8750,505.48
1101,0.041227,100.0000,637.14
1102,0.031971,100.0000,503.57
1103,0.008988,100.0000,573.99
1104,0.088970,96.8750,511.45
1105,0.104181,96.8750,503.42
1106,0.073562,96.8750,620.57
1107,0.021519,100.0000,503.27
1108,0.049923,98.4375,564.27
1109,0.069956,96.8750,521.45
1110,0.073492,98.4375,583.68
1111,0.136161,93.7500,496.89
1112,0.064207,98.4375,533.36
1113,0.197666,93.7500,543.34
1114,0.033438,98.4375,498.26
1115,0.045285,96.8750,645.77
1116,0.142975,95.3125,495.95
1117,0.049793,98.4375,517.03
1118,0.037496,98.4375,531.82
1119,0.155120,93.7500,497.94
1120,0.014476,100.0000,634.78
1121,0.120121,93.7500,502.66
1122,0.133425,96.8750,525.23
1123,0.317255,92.1875,564.52
1124,0.052483,98.4375,504.29
1125,0.084292,95.3125,622.11
1126,0.073368,98.4375,503.68
1127,0.128952,96.8750,558.76
1128,0.052707,100.0000,507.53
1129,0.027728,98.4375,535.94
1130,0.018354,100.0000,567.71
1131,0.080610,96.8750,509.34
1132,0.078997,95.3125,618.55
1133,0.066687,98.4375,509.24
1134,0.041397,98.4375,567.65
1135,0.015685,100.0000,510.82
1136,0.098977,95.3125,573.49
1137,0.059382,98.4375,501.84
1138,0.030245,100.0000,504.74
1139,0.182734,90.6250,623.56
1140,0.108674,95.3125,537.21
1141,0.107946,95.3125,557.58
1142,0.085740,95.3125,504.02
1143,0.115309,96.8750,633.29
1144,0.189722,90.6250,511.24
1145,0.045566,98.4375,615.42
1146,0.044267,98.4375,519.48
1147,0.065449,98.4375,606.37
1148,0.072460,98.4375,508.15
1149,0.007458,100.0000,655.65
1150,0.248521,95.3125,503.08
1151,0.045237,100.0000,522.16
1152,0.092996,95.3125,576.04
1153,0.068718,95.3125,504.35
1154,0.040849,98.4375,596.42
1155,0.042382,98.4375,503.54
1156,0.121390,92.1875,594.07
1157,0.077276,96.8750,507.14
1158,0.094530,95.3125,552.48
1159,0.120650,96.8750,556.53
1160,0.102311,95.3125,501.54
1161,0.058171,98.4375,607.69
1162,0.095154,95.3125,500.89
1163,0.159845,93.7500,609.06
1164,0.080211,96.8750,502.16
1165,0.035961,98.4375,497.71
1166,0.018525,100.0000,601.89
1167,0.162916,95.3125,539.05
1168,0.057908,98.4375,557.73
1169,0.023365,100.0000,501.18
1170,0.059791,98.4375,571.12
1171,0.049228,98.4375,495.98
1172,0.050599,98.4375,562.49
1173,0.066585,96.8750,495.21
1174,0.100012,96.8750,516.84
1175,0.158450,95.3125,595.46
1176,0.059937,96.8750,527.55
1177,0.088901,98.4375,566.75
1178,0.078251,96.8750,501.39
1179,0.126680,92.1875,632.61
1180,0.085952,96.8750,498.90
1181,0.096119,96.8750,552.49
1182,0.091046,96.8750,521.08
1183,0.058392,96.8750,506.89
1184,0.049706,98.4375,596.52
1185,0.067507,98.4375,497.87
1186,0.078939,98.4375,630.80
1187,0.067153,98.4375,500.79
1188,0.079559,96.8750,536.40
1189,0.102518,92.1875,536.61
1190,0.093020,96.8750,497.53
1191,0.047088,96.8750,590.32
1192,0.031788,100.0000,501.53
1193,0.087534,96.8750,628.74
1194,0.060813,98.4375,501.34
1195,0.035826,100.0000,603.41
1196,0.078507,96.8750,502.76
1197,0.030895,98.4375,561.31
1198,0.049285,98.4375,500.75
1199,0.068321,98.4375,559.83
1200,0.050730,96.8750,498.55
1201,0.011184,100.0000,561.07
1202,0.091389,98.4375,521.66
1203,0.039511,96.8750,569.82
1204,0.115903,93.7500,498.84
1205,0.021999,100.0000,550.29
1206,0.066974,96.8750,539.91
1207,0.082689,96.8750,499.76
1208,0.011858,100.0000,650.60
1209,0.062620,96.8750,503.67
1210,0.074034,98.4375,611.06
1211,0.075839,95.3125,505.68
1212,0.090925,93.7500,569.99
1213,0.065484,98.4375,506.54
1214,0.112951,96.8750,562.32
1215,0.133501,93.7500,503.21
1216,0.064891,96.8750,499.36
1217,0.073294,95.3125,643.78
1218,0.022416,98.4375,505.37
1219,0.084391,96.8750,605.71
1220,0.107105,95.3125,560.57
1221,0.034344,98.4375,552.64
1222,0.150084,92.1875,498.25
1223,0.075924,95.3125,592.10
1224,0.067175,95.3125,503.22
1225,0.039069,98.4375,568.32
1226,0.058807,96.8750,529.43
1227,0.152053,98.4375,560.78
1228,0.117694,95.3125,499.86
1229,0.061263,95.3125,556.52
1230,0.064314,96.8750,554.88
1231,0.094195,96.8750,504.00
1232,0.050443,96.8750,580.22
1233,0.144658,92.1875,500.98
1234,0.054388,98.4375,503.80
1235,0.052699,98.4375,613.09
1236,0.081756,96.8750,502.02
1237,0.093273,95.3125,577.25
1238,0.064727,98.4375,521.12
1239,0.019748,100.0000,547.70
1240,0.058129,98.4375,536.89
1241,0.061095,96.8750,559.70
1242,0.165403,93.7500,505.27
1243,0.068547,95.3125,555.80
1244,0.046441,98.4375,534.95
1245,0.043196,98.4375,500.45
1246,0.057875,98.4375,574.66
1247,0.075316,96.8750,503.26
1248,0.082944,95.3125,499.20
1249,0.075395,95.3125,687.01
1250,0.034651,98.4375,502.21
1251,0.052079,95.3125,577.82
1252,0.081529,96.8750,505.24
1253,0.043723,100.0000,617.56
1254,0.028329,100.0000,497.17
1255,0.127097,95.3125,534.06
1256,0.073404,95.3125,562.42
1257,0.081822,96.8750,498.93
1258,0.092812,95.3125,644.73
1259,0.109325,93.7500,496.48
1260,0.056564,96.8750,584.96
1261,0.014703,100.0000,498.86
1262,0.045982,98.4375,501.31
1263,0.026208,100.0000,604.37
1264,0.012991,100.0000,549.65
1265,0.072423,98.4375,536.66
1266,0.069268,96.8750,560.15
1267,0.125901,93.7500,515.46
1268,0.096290,95.3125,564.03
1269,0.052775,98.4375,499.36
1270,0.163720,95.3125,545.58
1271,0.053742,98.4375,526.68
1272,0.027902,98.4375,550.13
1273,0.049201,98.4375,539.82
1274,0.067896,96.8750,565.23
1275,0.094310,98.4375,505.37
1276,0.054630,96.8750,550.21
1277,0.013088,100.0000,534.12
1278,0.153671,93.7500,563.67
1279,0.061277,98.4375,518.37
1280,0.108078,93.7500,577.75
1281,0.148126,93.7500,501.46
1282,0.131484,98.4375,496.51
1283,0.106419,95.3125,633.32
1284,0.054645,96.8750,501.13
1285,0.117016,98.4375,599.34
1286,0.022893,100.0000,505.63
1287,0.176263,93.7500,654.24
1288,0.091986,95.3125,495.38
1289,0.059385,98.4375,660.02
1290,0.072544,96.8750,499.84
1291,0.062759,98.4375,592.78
1292,0.041056,98.4375,528.17
1293,0.080972,93.7500,508.75
1294,0.129338,93.7500,641.47
1295,0.253037,93.7500,501.39
1296,0.084876,96.8750,602.24
1297,0.102067,95.3125,502.09
1298,0.089785,96.8750,568.93
1299,0.103800,95.3125,508.96
1300,0.037563,100.0000,567.98
1301,0.068204,96.8750,505.38
1302,0.101723,98.4375,505.13
1303,0.104444,92.1875,606.70
1304,0.099243,96.8750,549.74
1305,0.109390,96.8750,547.48
1306,0.041767,98.4375,500.45
1307,0.023614,100.0000,612.25
1308,0.059936,96.8750,501.37
1309,0.050045,98.4375,601.43
1310,0.066315,96.8750,503.90
1311,0.038630,98.4375,664.96
1312,0.015027,100.0000,500.04
1313,0.192781,89.0625,593.27
1314,0.083036,96.8750,502.70
1315,0.070389,96.8750,561.74
1316,0.069468,95.3125,503.29
1317,0.118369,95.3125,498.08
1318,0.060589,98.4375,645.11
1319,0.076674,98.4375,535.04
1320,0.084662,96.8750,570.07
1321,0.025633,100.0000,503.30
1322,0.120502,93.7500,634.96
1323,0.060531,96.8750,503.65
1324,0.109900,95.3125,560.42
1325,0.068806,98.4375,502.27
1326,0.029545,100.0000,563.44
1327,0.090780,93.7500,502.28
1328,0.113423,95.3125,515.74
1329,0.142677,92.1875,602.31
1330,0.110011,96.8750,503.71
1331,0.127823,95.3125,656.33
1332,0.046301,98.4375,494.90
1333,0.018393,100.0000,568.07
1334,0.046770,98.4375,497.90
1335,0.034917,100.0000,502.36
1336,0.009089,100.0000,589.28
1337,0.020911,100.0000,505.08
1338,0.195416,93.7500,500.43
1339,0.088593,95.3125,609.54
1340,0.047635,98.4375,499.22
1341,0.067792,95.3125,593.19
1342,0.068911,96.8750,502.41
1343,0.019082,100.0000,556.86
1344,0.132405,96.8750,503.08
1345,0.016932,100.0000,498.98
1346,0.154479,93.7500,630.73
1347,0.094958,96.8750,502.10
1348,0.017116,100.0000,553.28
1349,0.033877,98.4375,553.24
1350,0.062272,96.8750,503.63
1351,0.065876,98.4375,615.33
1352,0.073631,98.4375,498.66
1353,0.009912,100.0000,625.58
1354,0.049633,100.0000,498.17
1355,0.049551,96.8750,573.24
1356,0.066259,95.3125,503.69
1357,0.032144,98.4375,503.09
1358,0.075659,96.8750,637.82
1359,0.083231,95.3125,503.00
1360,0.073907,96.8750,543.71
1361,0.025664,100.0000,532.30
1362,0.078409,96.8750,496.86
1363,0.029495,98.4375,641.15
1364,0.035904,98.4375,501.30
1365,0.017831,98.4375,643.92
1366,0.086882,95.3125,511.76
1367,0.100982,96.8750,624.64
1368,0.070069,96.8750,501.70
1369,0.063645,98.4375,568.98
1370,0.125955,98.4375,504.48
1371,0.047922,98.4375,592.40
1372,0.077184,96.8750,502.99
1373,0.014562,100.0000,501.46
1374,0.070321,95.3125,620.30
1375,0.099385,96.8750,499.85
1376,0.039053,100.0000,618.00
1377,0.060688,96.8750,508.68
1378,0.144377,93.7500,551.06
1379,0.056848,98.4375,530.35
1380,0.067859,96.8750,497.42
1381,0.085603,96.8750,658.33
1382,0.066699,96.8750,496.52
1383,0.069916,96.8750,640.01
1384,0.034349,98.4375,537.79
1385,0.119282,95.3125,543.47
1386,0.037692,98.4375,567.34
1387,0.081590,96.8750,518.61
1388,0.108312,96.8750,508.88
1389,0.071803,98.4375,594.89
1390,0.034200,98.4375,501.97
1391,0.004812,100.0000,565.23
1392,0.050216,100.0000,504.60
1393,0.102909,95.3125,590.56
1394,0.047891,98.4375,499.08
1395,0.066216,96.8750,504.22
1396,0.098828,93.7500,601.49
1397,0.106008,95.3125,500.42
1398,0.057144,96.8750,624.00
1399,0.107358,95.3125,498.50
1400,0.048351,98.4375,585.12
1401,0.029073,100.0000,502.43
1402,0.119424,95.3125,604.68
1403,0.089104,96.8750,501.75
1404,0.099492,96.8750,589.09
1405,0.182061,93.7500,498.67
1406,0.061403,96.8750,626.18
1407,0.036693,100.0000,498.79
1408,0.030387,100.0000,570.45
1409,0.046696,98.4375,496.57
1410,0.062140,96.8750,560.19
1411,0.008644,100.0000,533.44
1412,0.028210,100.0000,571.74
1413,0.059547,96.8750,504.59
1414,0.059486,95.3125,558.85
1415,0.110682,93.7500,517.47
1416,0.055894,100.0000,498.82
1417,0.127283,95.3125,621.24
1418,0.072410,98.4375,500.39
1419,0.033135,98.4375,598.49
1420,0.116091,96.8750,497.12
1421,0.010792,100.0000,661.54
1422,0.064364,96.8750,501.84
1423,0.022159,100.0000,613.42
1424,0.042291,98.4375,518.35
1425,0.096058,95.3125,592.01
1426,0.125078,95.3125,552.14
1427,0.014439,100.0000,521.92
1428,0.119383,95.3125,501.97
1429,0.066145,96.8750,589.08
1430,0.103859,98.4375,506.61
1431,0.056126,98.4375,560.10
1432,0.115626,95.3125,512.73
1433,0.032008,98.4375,562.05
1434,0.084033,98.4375,507.47
1435,0.049536,100.0000,504.42
1436,0.078323,95.3125,650.54
1437,0.071972,96.8750,513.33
1438,0.016088,100.0000,634.17
1439,0.031626,100.0000,521.00
1440,0.052844,96.8750,543.06
1441,0.022373,100.0000,510.86
1442,0.111433,96.8750,572.40
1443,0.027604,98.4375,509.32
1444,0.070411,96.8750,552.03
1445,0.059941,95.3125,562.02
1446,0.108055,95.3125,570.79
1447,0.035314,98.4375,521.46
1448,0.068498,98.4375,509.84
1449,0.081943,96.8750,641.43
1450,0.026434,100.0000,501.33
1451,0.021396,100.0000,591.75
1452,0.055934,96.8750,501.76
1453,0.118492,95.3125,543.76
1454,0.016228,98.4375,553.37
1455,0.054210,96.8750,553.45
1456,0.025529,98.4375,548.16
1457,0.097527,92.1875,572.29
1458,0.067298,96.8750,506.99
1459,0.065165,96.8750,561.98
1460,0.043052,98.4375,525.50
1461,0.059397,98.4375,564.51
1462,0.147460,93.7500,499.40
1463,0.050598,98.4375,524.04
1464,0.079784,98.4375,587.01
1465,0.032050,98.4375,552.81
1466,0.089307,98.4375,527.07
1467,0.096857,96.8750,536.74
1468,0.074615,96.8750,549.40
1469,0.061802,96.8750,500.94
1470,0.112308,95.3125,632.06
1471,0.166825,92.1875,491.93
1472,0.054233,98.4375,567.39
1473,0.082820,98.4375,501.52
1474,0.130145,93.7500,561.01
1475,0.029569,100.0000,503.81
1476,0.042394,100.0000,591.28
1477,0.067288,96.8750,506.10
1478,0.091255,96.8750,627.41
1479,0.061009,98.4375,499.99
1480,0.074846,95.3125,513.31
1481,0.026598,98.4375,602.94
1482,0.061840,98.4375,498.87
1483,0.072212,96.8750,640.20
1484,0.083607,96.8750,497.53
1485,0.089308,95.3125,601.68
1486,0.030477,100.0000,503.50
1487,0.082819,96.8750,577.68
1488,0.067558,98.4375,502.43
1489,0.072149,95.3125,507.85
1490,0.100261,96.8750,604.47
1491,0.043140,98.4375,499.51
1492,0.070377,96.8750,564.65
1493,0.110229,95.3125,497.76
1494,0.038923,98.4375,573.16
1495,0.011355,100.0000,515.04
1496,0.025071,100.0000,503.00
1497,0.095654,95.3125,596.92
1498,0.052708,98.4375,501.70
1499,0.068392,96.8750,624.09
1500,0.085658,96.8750,498.76
1501,0.077493,96.8750,565.94
1502,0.035387,100.0000,502.24
1503,0.080800,98.4375,535.46
1504,0.106371,95.3125,567.13
1505,0.068930,96.8750,504.02
1506,0.048261,98.4375,603.72
1507,0.034286,100.0000,505.98
1508,0.075998,96.8750,623.30
1509,0.046372,96.8750,514.00
1510,0.030924,98.4375,585.59
1511,0.051068,98.4375,589.40
1512,0.097279,95.3125,510.71
1513,0.035122,98.4375,499.06
1514,0.060025,96.8750,613.08
1515,0.184240,95.3125,497.85
1516,0.092305,96.8750,637.01
1517,0.062082,96.8750,491.01
1518,0.030729,100.0000,652.52
1519,0.115567,96.8750,494.82
1520,0.062462,96.8750,635.36
1521,0.118313,92.1875,494.80
1522,0.070695,98.4375,544.36
1523,0.043072,98.4375,547.79
1524,0.039294,98.4375,499.66
1525,0.133911,93.7500,581.15
1526,0.058071,96.8750,495.66
1527,0.097819,95.3125,499.62
1528,0.120150,96.8750,595.18
1529,0.075928,96.8750,496.02
1530,0.054905,96.8750,598.89
1531,0.114327,96.8750,500.25
1532,0.130929,95.3125,578.79
1533,0.057770,98.4375,494.26
1534,0.086179,93.7500,559.18
1535,0.073200,96.8750,497.00
1536,0.088606,96.8750,519.91
1537,0.080440,96.8750,571.14
1538,0.048569,96.8750,503.62
1539,0.148078,95.3125,590.56
1540,0.111699,96.8750,499.35
1541,0.066742,98.4375,591.44
1542,0.098423,98.4375,500.07
1543,0.179443,96.8750,653.59
1544,0.097439,96.8750,497.06
1545,0.173612,95.3125,559.09
1546,0.092068,96.8750,496.47
1547,0.061995,98.4375,493.10
1548,0.126018,96.8750,634.97
1549,0.049813,98.4375,497.47
1550,0.063183,98.4375,492.54
1551,0.108553,95.3125,605.32
1552,0.099012,96.8750,494.23
1553,0.052757,96.8750,558.05
1554,0.194168,93.7500,498.20
1555,0.044729,100.0000,542.43
1556,0.102038,98.4375,549.74
1557,0.007557,100.0000,548.53
1558,0.028981,100.0000,543.70
1559,0.127551,96.8750,540.12
1560,0.082446,93.7500,546.47
1561,0.048578,98.4375,496.55
1562,0.062948,98.4375,597.78
1563,0.107412,95.3125,493.14
1564,0.100105,96.8750,609.39
1565,0.087115,96.8750,496.63
1566,0.045436,98.4375,592.78
1567,0.069767,96.8750,496.87
1568,0.086347,95.3125,559.31
1569,0.109666,96.8750,511.41
1570,0.048712,96.8750,514.59
1571,0.101524,96.8750,589.54
1572,0.067401,96.8750,545.08
1573,0.082483,98.4375,557.67
1574,0.183182,92.1875,558.13
1575,0.078239,95.3125,510.49
1576,0.058280,96.8750,501.75
1577,0.117686,93.7500,585.14
1578,0.108917,95.3125,495.79
1579,0.033816,98.4375,639.67
1580,0.034744,98.4375,493.75
1581,0.103916,96.8750,568.98
1582,0.108579,96.8750,499.99
1583,0.113815,93.7500,596.89
1584,0.009604,100.0000,493.65
1585,0.018865,100.0000,511.10
1586,0.065965,100.0000,615.53
1587,0.026543,100.0000,493.25
1588,0.047170,100.0000,631.97
1589,0.008105,100.0000,495.48
1590,0.192325,95.3125,652.77
1591,0.062408,98.4375,498.12
1592,0.148526,98.4375,548.87
1593,0.069273,98.4375,539.99
1594,0.062040,98.4375,546.82
1595,0.055007,98.4375,530.18
1596,0.105078,96.8750,544.63
1597,0.063548,96.8750,516.40
1598,0.023082,100.0000,494.73
1599,0.047985,96.8750,597.23
1600,0.091436,95.3125,491.98
1601,0.077351,95.3125,591.59
1602,0.013096,100.0000,493.54
1603,0.072866,95.3125,546.87
1604,0.054065,96.8750,516.66
1605,0.041040,98.4375,494.88
1606,0.022449,100.0000,591.91
1607,0.103971,98.4375,494.04
1608,0.019312,100.0000,558.82
1609,0.041518,98.4375,508.84
1610,0.047046,98.4375,493.05
1611,0.020379,98.4375,578.49
1612,0.015265,100.0000,494.85
1613,0.083749,95.3125,521.28
1614,0.086264,96.8750,571.45
1615,0.060727,98.4375,498.53
1616,0.096714,96.8750,576.37
1617,0.094268,96.8750,501.23
1618,0.108531,95.3125,543.98
1619,0.057148,98.4375,526.56
1620,0.057739,96.8750,506.99
1621,0.135713,93.7500,591.01
1622,0.091618,96.8750,507.55
1623,0.071039,96.8750,605.05
1624,0.037096,98.4375,494.21
1625,0.013037,100.0000,567.88
1626,0.096288,95.3125,494.09
1627,0.045025,96.8750,591.34
1628,0.106748,96.8750,492.66
1629,0.126664,93.7500,495.92
1630,0.024726,100.0000,616.84
1631,0.067864,96.8750,494.22
1632,0.123562,95.3125,519.82
1633,0.036135,98.4375,598.33
1634,0.071012,96.8750,533.91
1635,0.101276,95.3125,539.43
1636,0.051724,98.4375,501.12
1637,0.036579,98.4375,618.84
1638,0.050034,100.0000,500.29
1639,0.033996,98.4375,582.14
1640,0.083893,96.8750,500.77
1641,0.045561,100.0000,568.43
1642,0.088171,93.7500,502.89
1643,0.096548,95.3125,580.45
1644,0.069422,98.4375,495.72
1645,0.070840,96.8750,527.59
1646,0.138273,95.3125,563.43
1647,0.026196,100.0000,503.17
1648,0.043368,98.4375,635.63
1649,0.041794,100.0000,498.42
1650,0.043613,100.0000,658.30
1651,0.108339,95.3125,505.71
1652,0.038582,98.4375,601.72
1653,0.088182,96.8750,500.76
1654,0.030789,98.4375,497.37
1655,0.028914,100.0000,617.08
1656,0.039062,98.4375,502.73
1657,0.020048,100.0000,583.02
1658,0.025163,98.4375,501.85
1659,0.050425,98.4375,659.99
1660,0.021539,98.4375,507.30
1661,0.071183,98.4375,549.23
1662,0.067719,96.8750,547.37
1663,0.130329,95.3125,498.22
1664,0.053972,98.4375,590.47
1665,0.032637,98.4375,495.91
1666,0.068095,98.4375,551.54
1667,0.035229,100.0000,530.53
1668,0.038775,100.0000,561.29
1669,0.064752,98.4375,544.39
1670,0.085319,96.8750,499.44
1671,0.119704,95.3125,642.56
1672,0.066100,100.0000,501.43
1673,0.022946,100.0000,593.27
1674,0.066355,98.4375,502.40
1675,0.070751,96.8750,606.90
1676,0.029446,100.0000,499.81
1677,0.048887,98.4375,635.84
1678,0.031538,100.0000,498.21
1679,0.070799,96.8750,644.86
1680,0.080646,95.3125,508.76
1681,0.054055,100.0000,605.51
1682,0.149797,92.1875,497.73
1683,0.061729,96.8750,568.65
1684,0.156923,92.1875,497.29
1685,0.083790,96.8750,545.14
1686,0.032015,98.4375,524.86
1687,0.033626,98.4375,498.42
1688,0.017980,100.0000,594.29
1689,0.161912,92.1875,494.10
1690,0.072458,98.4375,613.64
1691,0.109420,98.4375,495.56
1692,0.019082,100.0000,614.38
1693,0.124493,98.4375,494.52
1694,0.114774,93.7500,575.29
1695,0.099009,95.3125,507.08
1696,0.043522,98.4375,574.23
1697,0.047445,98.4375,495.83
1698,0.056634,98.4375,578.19
1699,0.054244,98.4375,494.48
1700,0.102808,95.3125,642.23
1701,0.114293,95.3125,492.89
1702,0.155333,95.3125,560.55
1703,0.077744,98.4375,491.27
1704,0.155182,95.3125,573.53
1705,0.079222,98.4375,494.80
1706,0.032295,100.0000,534.81
1707,0.056500,98.4375,538.28
1708,0.047745,98.4375,495.43
1709,0.063645,96.8750,591.40
1710,0.017037,98.4375,494.29
1711,0.034779,100.0000,595.79
1712,0.147936,95.3125,497.84
1713,0.060877,98.4375,578.63
1714,0.211433,95.3125,496.18
1715,0.011370,100.0000,494.48
1716,0.033972,98.4375,629.24
1717,0.040322,98.4375,498.09
1718,0.138158,93.7500,554.42
1719,0.076356,96.8750,499.89
1720,0.062174,95.3125,499.90
1721,0.096640,93.7500,650.30
1722,0.019140,100.0000,494.16
1723,0.043243,98.4375,535.03
1724,0.176610,93.7500,541.20
1725,0.044238,98.4375,494.37
1726,0.081147,96.8750,593.08
1727,0.039682,96.8750,492.32
1728,0.043913,98.4375,518.55
1729,0.076926,96.8750,568.43
1730,0.083954,96.8750,497.56
1731,0.043823,96.8750,637.50
1732,0.093428,95.3125,503.02
1733,0.039577,96.8750,617.55
1734,0.058347,96.8750,502.57
1735,0.090303,95.3125,593.52
1736,0.093582,95.3125,493.72
1737,0.101715,96.8750,584.01
1738,0.060695,96.8750,493.03
1739,0.042628,98.4375,543.99
1740,0.045616,98.4375,545.26
1741,0.168298,93.7500,500.48
1742,0.048718,96.8750,610.59
1743,0.028713,100.0000,559.28
1744,0.019931,100.0000,561.99
1745,0.015726,98.4375,568.31
1746,0.058679,98.4375,497.17
1747,0.069002,96.8750,495.54
1748,0.057274,96.8750,580.71
1749,0.058549,96.8750,497.90
1750,0.091749,96.8750,544.67
1751,0.083076,98.4375,544.03
1752,0.037548,98.4375,506.07
1753,0.095052,96.8750,579.11
1754,0.079456,96.8750,498.62
1755,0.088839,96.8750,587.73
1756,0.020274,100.0000,497.89
1757,0.037358,98.4375,637.35
1758,0.011048,100.0000,495.28
1759,0.094019,98.4375,655.88
1760,0.064620,98.4375,499.26
1761,0.036709,98.4375,593.05
1762,0.035886,96.8750,495.57
1763,0.037653,100.0000,642.89
1764,0.069029,96.8750,492.76
1765,0.094371,95.3125,582.09
1766,0.090046,98.4375,493.61
1767,0.088746,96.8750,647.30
1768,0.039161,96.8750,494.83
1769,0.038353,96.8750,609.69
1770,0.057416,96.8750,498.45
1771,0.043964,98.4375,551.60
1772,0.066505,96.8750,496.97
1773,0.089623,96.8750,560.54
1774,0.031121,100.0000,499.87
1775,0.034290,98.4375,494.20
1776,0.131969,96.8750,585.21
1777,0.041605,98.4375,497.41
1778,0.109356,95.3125,498.88
1779,0.097156,95.3125,616.65
1780,0.096560,96.8750,500.02
1781,0.036347,98.4375,589.92
1782,0.100884,95.3125,510.09
1783,0.099692,96.8750,496.92
1784,0.059376,96.8750,637.42
1785,0.020000,100.0000,498.89
1786,0.053784,98.4375,555.54
1787,0.080469,95.3125,497.17
1788,0.020163,100.0000,497.68
1789,0.066732,98.4375,594.39
1790,0.095349,98.4375,495.62
1791,0.068548,98.4375,556.22
1792,0.018344,100.0000,500.03
1793,0.002969,100.0000,533.66
1794,0.013741,100.0000,556.82
1795,0.160893,92.1875,495.54
1796,0.049246,98.4375,585.33
1797,0.138920,93.7500,498.32
1798,0.117377,96.8750,575.77
1799,0.128061,95.3125,498.56
1800,0.036331,100.0000,504.55
1801,0.027977,98.4375,650.14
1802,0.075033,95.3125,495.65
1803,0.021638,98.4375,647.75
1804,0.045574,98.4375,498.37
1805,0.077945,95.3125,598.33
1806,0.042100,98.4375,504.68
1807,0.081333,96.8750,666.03
1808,0.129267,93.7500,498.34
1809,0.024960,98.4375,664.30
1810,0.097439,95.3125,494.36
1811,0.082923,93.7500,603.03
1812,0.011573,100.0000,496.17
1813,0.097462,95.3125,652.88
1814,0.057011,96.8750,497.13
1815,0.032706,100.0000,549.72
1816,0.102291,98.4375,495.81
1817,0.052080,98.4375,498.25
1818,0.103688,95.3125,649.39
1819,0.038312,100.0000,492.65
1820,0.046603,96.8750,644.89
1821,0.108568,96.8750,499.99
1822,0.031827,98.4375,618.05
1823,0.147375,95.3125,492.49
1824,0.026218,98.4375,652.82
1825,0.115728,96.8750,497.33
1826,0.073944,96.8750,615.09
1827,0.096952,96.8750,499.81
1828,0.008216,100.0000,612.44
1829,0.057444,96.8750,498.19
1830,0.039688,98.4375,567.14
1831,0.128927,96.8750,496.33
1832,0.059205,96.8750,556.81
1833,0.028045,100.0000,519.69
1834,0.069432,96.8750,500.87
1835,0.024404,100.0000,598.49
1836,0.034640,100.0000,542.55
1837,0.067975,98.4375,538.43
1838,0.096630,95.3125,499.01
1839,0.097039,96.8750,580.94
1840,0.010571,100.0000,502.09
1841,0.075119,96.8750,511.83
1842,0.070401,95.3125,584.81
1843,0.102947,93.7500,501.60
1844,0.046323,98.4375,574.38
1845,0.066432,96.8750,495.56
1846,0.014413,100.0000,579.85
1847,0.026333,100.0000,498.81
1848,0.043354,100.0000,560.90
1849,0.040782,98.4375,499.28
1850,0.043146,100.0000,586.82
1851,0.073275,95.3125,495.47
1852,0.032064,98.4375,548.41
1853,0.068655,95.3125,538.72
1854,0.099284,98.4375,498.40
1855,0.025947,100.0000,582.15
1856,0.055979,96.8750,496.93
1857,0.010279,100.0000,577.96
1858,0.061975,98.4375,503.99
1859,0.045313,98.4375,581.48
1860,0.051610,96.8750,496.57
1861,0.041559,98.4375,519.07
1862,0.134324,98.4375,594.32
1863,0.019733,100.0000,497.91
1864,0.062541,96.8750,568.75
1865,0.070554,96.8750,493.95
1866,0.039060,98.4375,556.72
1867,0.098742,95.3125,496.80
1868,0.050085,98.4375,563.32
1869,0.028614,98.4375,497.02
1870,0.163338,92.1875,594.75
1871,0.140743,95.3125,493.82
1872,0.036620,100.0000,560.08
1873,0.070185,96.8750,498.35
1874,0.087378,96.8750,583.78
1875,0.064057,98.4375,496.31
1876,0.122210,93.7500,498.26
1877,0.049968,100.0000,587.25
1878,0.111081,96.8750,500.25
1879,0.023569,100.0000,497.75
1880,0.023574,98.4375,626.75
1881,0.023440,100.0000,504.27
1882,0.050299,98.4375,598.02
1883,0.040443,98.4375,498.83
1884,0.057091,98.4375,648.43
1885,0.068028,96.8750,499.88
1886,0.087312,98.4375,567.16
1887,0.070999,95.3125,497.01
1888,0.118197,93.7500,573.28
1889,0.011635,100.0000,500.34
1890,0.133136,96.8750,513.46
1891,0.006121,100.0000,592.79
1892,0.145426,92.1875,500.97
1893,0.122154,93.7500,623.83
1894,0.105248,95.3125,499.77
1895,0.045459,98.4375,650.62
1896,0.118268,96.8750,493.97
1897,0.052094,98.4375,583.45
1898,0.015242,100.0000,494.20
1899,0.041843,98.4375,650.91
1900,0.095164,95.3125,495.39
1901,0.140778,95.3125,547.05
1902,0.126166,93.7500,554.52
1903,0.044184,100.0000,567.53
1904,0.029327,98.4375,494.56
1905,0.123722,92.1875,526.02
1906,0.058488,98.4375,583.29
1907,0.042160,100.0000,507.90
1908,0.111067,95.3125,622.98
1909,0.067467,98.4375,498.73
1910,0.166750,95.3125,664.48
1911,0.057175,98.4375,498.59
1912,0.038432,98.4375,566.05
1913,0.066460,95.3125,500.39
1914,0.014820,100.0000,558.02
1915,0.028825,100.0000,493.05
1916,0.025172,100.0000,503.88
1917,0.066780,96.8750,601.47
1918,0.042341,98.4375,498.49
1919,0.051462,96.8750,566.14
1920,0.053210,98.4375,504.82
1921,0.053791,98.4375,514.20
1922,0.130689,95.3125,590.09
1923,0.200959,92.1875,502.20
1924,0.075795,96.8750,594.57
1925,0.056617,98.4375,499.95
1926,0.041090,98.4375,630.76
1927,0.039827,100.0000,503.30
1928,0.085580,96.8750,543.27
1929,0.030496,100.0000,524.87
1930,0.119739,96.8750,496.68
1931,0.071227,100.0000,614.95
1932,0.093181,96.8750,503.63
1933,0.027093,98.4375,620.74
1934,0.030338,98.4375,503.26
1935,0.016479,100.0000,587.43
1936,0.047736,98.4375,494.58
1937,0.102947,95.3125,543.97
1938,0.007594,100.0000,541.71
1939,0.019399,100.0000,529.10
1940,0.043461,98.4375,564.40
1941,0.078074,98.4375,495.31
1942,0.036778,100.0000,585.04
1943,0.100825,96.8750,501.20
1944,0.055881,95.3125,572.37
1945,0.071793,96.8750,519.72
1946,0.047202,98.4375,500.34
1947,0.025912,100.0000,589.81
1948,0.021935,100.0000,494.06
1949,0.161025,93.7500,581.93
1950,0.031990,100.0000,498.69
1951,0.032610,98.4375,555.38
1952,0.079415,95.3125,496.74
1953,0.051057,100.0000,505.15
1954,0.007810,100.0000,638.22
1955,0.046718,96.8750,497.35
1956,0.090970,96.8750,627.02
1957,0.063676,96.8750,496.27
1958,0.047197,98.4375,590.90
1959,0.034437,98.4375,495.89
1960,0.018112,100.0000,565.14
1961,0.118388,96.8750,497.50
1962,0.016682,100.0000,569.35
1963,0.031279,100.0000,503.35
1964,0.069953,96.8750,563.03
1965,0.059836,98.4375,501.76
1966,0.074254,95.3125,501.68
1967,0.039862,98.4375,622.55
1968,0.045538,100.0000,502.13
1969,0.065650,96.8750,548.35
1970,0.133923,95.3125,525.73
1971,0.054797,96.8750,497.75
1972,0.147867,96.8750,637.81
1973,0.028842,98.4375,503.18
1974,0.091390,95.3125,606.51
1975,0.070425,96.8750,540.45
1976,0.066829,96.8750,560.01
1977,0.042745,98.4375,528.82
1978,0.138994,93.7500,559.26
1979,0.171209,93.7500,496.71
1980,0.008098,100.0000,557.74
1981,0.034123,98.4375,500.02
1982,0.037771,98.4375,502.92
1983,0.037944,96.8750,616.71
1984,0.064490,98.4375,500.74
1985,0.024635,98.4375,653.95
1986,0.067297,98.4375,501.25
1987,0.039201,98.4375,527.95
1988,0.123393,96.8750,563.38
1989,0.025715,100.0000,496.12
1990,0.094011,96.8750,614.79
1991,0.056320,98.4375,499.27
1992,0.022686,98.4375,625.15
1993,0.067652,98.4375,499.02
1994,0.099329,93.7500,654.40
1995,0.047364,96.8750,499.29
1996,0.024356,98.4375,630.41
1997,0.059171,98.4375,498.76
1998,0.133672,95.3125,579.53
1999,0.030334,98.4375,499.68
2000,0.107186,95.3125,550.83
2001,0.067932,96.8750,522.16
2002,0.091900,96.8750,543.85
2003,0.136773,90.6250,543.20
2004,0.047045,98.4375,499.95
2005,0.074378,98.4375,603.98
2006,0.026999,98.4375,543.73
2007,0.102778,96.8750,547.18
2008,0.073481,95.3125,498.63
2009,0.158009,95.3125,613.15
2010,0.042607,100.0000,497.44
2011,0.110719,95.3125,584.93
2012,0.141798,96.8750,497.97
2013,0.130063,96.8750,615.96
2014,0.020799,100.0000,498.70
2015,0.024106,100.0000,588.17
2016,0.039280,98.4375,497.54
2017,0.086472,98.4375,551.11
2018,0.080478,95.3125,545.88
2019,0.089511,95.3125,563.28
2020,0.039854,98.4375,496.98
2021,0.045083,98.4375,552.85
2022,0.046740,98.4375,541.15
2023,0.028303,98.4375,499.57
2024,0.033017,100.0000,620.86
2025,0.021536,100.0000,496.59
2026,0.108455,93.7500,636.93
2027,0.086444,95.3125,509.05
2028,0.065315,96.8750,601.94
2029,0.038701,96.8750,499.41
2030,0.096854,95.3125,547.64
2031,0.037567,98.4375,557.00
2032,0.029163,100.0000,501.80
2033,0.016090,100.0000,598.64
2034,0.029137,100.0000,507.61
2035,0.053864,96.8750,525.43
2036,0.052954,96.8750,560.46
2037,0.076527,93.7500,499.98
2038,0.065811,98.4375,642.12
2039,0.090386,95.3125,502.75
2040,0.047335,96.8750,647.00
2041,0.014815,100.0000,502.24
2042,0.040576,98.4375,565.29
2043,0.066058,96.8750,497.95
2044,0.042472,98.4375,500.96
2045,0.068458,96.8750,640.83
2046,0.069715,98.4375,498.00
2047,0.041839,96.8750,549.29
2048,0.058352,96.8750,508.33
2049,0.033510,98.4375,532.49
2050,0.105781,95.3125,554.57
2051,0.112487,95.3125,499.20
2052,0.168409,92.1875,588.58
2053,0.068756,96.8750,496.19
2054,0.052940,96.8750,556.24
2055,0.047112,98.4375,503.22
2056,0.044435,98.4375,572.06
2057,0.016733,100.0000,505.03
2058,0.141340,98.4375,497.55
2059,0.049906,98.4375,626.23
2060,0.054800,96.8750,503.56
2061,0.029557,98.4375,598.77
2062,0.037337,98.4375,501.35
2063,0.076478,95.3125,521.05
2064,0.024534,100.0000,576.72
2065,0.079449,96.8750,562.09
2066,0.041560,98.4375,499.91
2067,0.070098,96.8750,504.15
2068,0.073556,96.8750,598.08
2069,0.056372,98.4375,496.97
2070,0.057042,96.8750,562.49
2071,0.060377,98.4375,496.50
2072,0.043426,98.4375,586.62
2073,0.204081,93.7500,507.01
2074,0.054484,96.8750,592.94
2075,0.187037,93.7500,501.63
2076,0.055020,98.4375,502.35
2077,0.094657,92.1875,602.82
2078,0.028600,100.0000,504.73
2079,0.032188,98.4375,636.98
2080,0.066704,96.8750,499.93
2081,0.082999,95.3125,576.81
2082,0.052539,96.8750,506.10
2083,0.038930,98.4375,597.00
2084,0.042880,98.4375,498.66
2085,0.081621,95.3125,500.44
2086,0.050391,98.4375,651.82
2087,0.041571,98.4375,499.15
2088,0.039352,98.4375,590.55
2089,0.023891,98.4375,497.75
2090,0.057431,96.8750,519.23
2091,0.068145,96.8750,596.89
2092,0.043528,98.4375,547.93
2093,0.053953,98.4375,528.06
2094,0.018056,100.0000,500.49
2095,0.048717,96.8750,624.89
2096,0.037575,98.4375,503.30
2097,0.042560,98.4375,585.99
2098,0.017443,100.0000,504.84
2099,0.023979,100.0000,583.44
2100,0.108676,95.3125,509.72
2101,0.036819,100.0000,606.16
2102,0.083514,98.4375,503.28
2103,0.051546,96.8750,550.77
2104,0.045937,96.8750,551.81
2105,0.064158,98.4375,498.40
2106,0.013014,100.0000,641.64
2107,0.076044,96.8750,499.67
2108,0.096255,98.4375,622.49
2109,0.086595,95.3125,528.39
2110,0.026768,100.0000,550.66
2111,0.039250,98.4375,565.31
2112,0.025694,100.0000,504.36
2113,0.055282,98.4375,553.29
2114,0.053256,96.8750,516.36
2115,0.038559,98.4375,560.27
2116,0.069869,96.8750,515.08
2117,0.077739,96.8750,495.61
2118,0.072166,95.3125,647.32
2119,0.076734,96.8750,499.33
2120,0.098152,96.8750,654.21
2121,0.021230,100.0000,498.40
2122,0.117353,96.8750,522.11
2123,0.020395,100.0000,573.90
2124,0.049786,96.8750,498.03
2125,0.067776,96.8750,566.49
2126,0.102404,98.4375,499.27
2127,0.096532,95.3125,591.68
2128,0.051721,98.4375,504.22
2129,0.041225,98.4375,584.68
2130,0.118817,95.3125,499.08
2131,0.069697,96.8750,602.58
2132,0.101783,95.3125,499.66
2133,0.105706,96.8750,519.46
2134,0.042265,98.4375,574.67
2135,0.046907,98.4375,536.49
2136,0.024170,100.0000,551.95
2137,0.039942,98.4375,506.43
2138,0.090094,95.3125,645.23
2139,0.008122,100.0000,504.49
2140,0.007585,100.0000,633.28
2141,0.123461,95.3125,499.03
2142,0.069124,96.8750,548.91
2143,0.009801,100.0000,526.73
2144,0.178067,95.3125,500.97
2145,0.027698,100.0000,598.72
2146,0.049739,100.0000,501.38
2147,0.073590,96.8750,584.62
2148,0.065352,96.8750,498.10
2149,0.078667,95.3125,582.64
2150,0.096931,95.3125,502.64
2151,0.076249,96.8750,562.10
2152,0.037264,100.0000,500.70
2153,0.078220,96.8750,562.38
2154,0.028027,100.0000,516.65
2155,0.052563,98.4375,504.01
2156,0.042052,96.8750,622.03
2157,0.027877,98.4375,503.51
2158,0.053964,96.8750,593.74
2159,0.071097,98.4375,502.34
2160,0.050301,98.4375,503.42
2161,0.039663,98.4375,617.93
2162,0.065090,96.8750,500.14
2163,0.027641,100.0000,586.46
2164,0.027836,98.4375,502.32
2165,0.107686,95.3125,638.34
2166,0.025628,98.4375,498.46
2167,0.061856,98.4375,581.34
2168,0.047431,98.4375,494.65
2169,0.025592,100.0000,522.95
2170,0.006290,100.0000,585.89
2171,0.020263,100.0000,498.36
2172,0.060952,98.4375,584.60
2173,0.079149,95.3125,508.43
2174,0.150908,95.3125,611.44
2175,0.067027,96.8750,498.19
2176,0.058810,98.4375,532.39
2177,0.045012,98.4375,545.11
2178,0.086936,98.4375,500.02
2179,0.043936,98.4375,567.87
2180,0.027041,98.4375,499.73
2181,0.013041,100.0000,574.89
2182,0.059163,96.8750,499.06
2183,0.081364,96.8750,532.67
2184,0.021524,100.0000,565.29
2185,0.055705,98.4375,499.29
2186,0.074366,98.4375,585.80
2187,0.010241,100.0000,497.32
2188,0.061084,95.3125,634.11
2189,0.076023,96.8750,503.57
2190,0.022537,100.0000,565.91
2191,0.128503,93.7500,533.87
2192,0.087586,96.8750,547.93
2193,0.103711,95.3125,549.80
2194,0.106715,96.8750,565.64
2195,0.052331,96.8750,504.46
2196,0.105322,98.4375,504.47
2197,0.032549,100.0000,607.55
2198,0.034545,98.4375,497.85
2199,0.077005,95.3125,567.02
2200,0.122995,96.8750,499.38
2201,0.067534,96.8750,568.98
2202,0.059672,96.8750,517.41
2203,0.092714,95.3125,499.17
2204,0.010072,100.0000,657.98
2205,0.035848,98.4375,501.75
2206,0.024423,100.0000,574.61
2207,0.098460,95.3125,500.46
2208,0.042418,98.4375,578.58
2209,0.100232,96.8750,495.56
2210,0.028726,100.0000,560.60
2211,0.023875,100.0000,521.49
2212,0.032716,98.4375,545.33
2213,0.015176,100.0000,547.11
2214,0.057871,98.4375,501.76
2215,0.191089,93.7500,605.40
2216,0.109479,93.7500,531.37
2217,0.118332,95.3125,553.97
2218,0.006570,100.0000,499.97
2219,0.118231,95.3125,621.08
2220,0.034581,98.4375,499.32
2221,0.023258,100.0000,603.85
2222,0.079342,98.4375,502.56
2223,0.040778,96.8750,651.72
2224,0.071979,96.8750,495.46
2225,0.026339,100.0000,548.82
2226,0.074221,98.4375,563.17
2227,0.046088,98.4375,497.55
2228,0.006077,100.0000,642.35
2229,0.073437,95.3125,499.84
2230,0.066384,98.4375,563.17
2231,0.054687,96.8750,501.57
2232,0.050255,95.3125,520.04
2233,0.029497,100.0000,586.34
2234,0.023137,100.0000,506.28
2235,0.114028,93.7500,627.58
2236,0.100254,95.3125,502.56
2237,0.016556,100.0000,559.79
2238,0.068117,96.8750,521.11
2239,0.096340,98.4375,533.70
2240,0.052058,96.8750,555.33
2241,0.109051,95.3125,500.23
2242,0.025513,100.0000,623.23
2243,0.097281,96.8750,496.59
2244,0.067276,96.8750,578.12
2245,0.073777,96.8750,518.69
2246,0.103756,96.8750,499.26
2247,0.086379,96.8750,605.49
2248,0.065833,96.8750,513.59
2249,0.017949,100.0000,534.54
2250,0.054191,98.4375,563.89
2251,0.113191,93.7500,499.00
2252,0.052204,100.0000,594.72
2253,0.046978,96.8750,498.36
2254,0.032873,100.0000,544.50
2255,0.039646,98.4375,545.22
2256,0.045129,96.8750,506.42
2257,0.051076,96.8750,555.38
2258,0.025736,100.0000,499.80
2259,0.025953,98.4375,556.74
2260,0.059706,96.8750,511.33
2261,0.018546,100.0000,498.36
2262,0.099113,95.3125,609.27
2263,0.031916,98.4375,507.03
2264,0.048405,98.4375,668.14
2265,0.064643,98.4375,499.63
2266,0.110812,96.8750,660.99
2267,0.160280,93.7500,507.69
2268,0.020329,98.4375,566.70
2269,0.063022,98.4375,509.09
2270,0.053768,96.8750,575.53
2271,0.045716,96.8750,507.15
2272,0.028439,98.4375,661.95
2273,0.069988,95.3125,498.56
2274,0.025780,100.0000,580.72
2275,0.033285,98.4375,498.52
2276,0.009778,100.0000,504.11
2277,0.134565,93.7500,642.64
2278,0.115056,95.3125,506.94
2279,0.047273,96.8750,556.47
2280,0.034218,98.4375,500.71
2281,0.048055,98.4375,536.36
2282,0.038625,98.4375,567.75
2283,0.114359,95.3125,563.21
2284,0.027683,100.0000,515.96
2285,0.039779,100.0000,497.91
2286,0.070828,98.4375,634.63
2287,0.017478,98.4375,500.71
2288,0.075112,96.8750,640.45
2289,0.108133,92.1875,505.14
2290,0.026953,100.0000,638.67
2291,0.102502,93.7500,498.90
2292,0.149659,93.7500,644.72
2293,0.072117,95.3125,498.88
2294,0.043725,98.4375,622.94
2295,0.178652,92.1875,503.38
2296,0.071729,95.3125,565.88
2297,0.077129,96.8750,506.76
2298,0.089335,95.3125,539.90
2299,0.017873,100.0000,564.47
2300,0.016498,98.4375,529.84
2301,0.077262,98.4375,565.74
2302,0.056197,98.4375,547.09
2303,0.058014,98.4375,522.51
2304,0.011878,100.0000,516.10
2305,0.042961,98.4375,593.24
2306,0.009896,100.0000,543.75
2307,0.065852,96.8750,531.63
2308,0.029392,100.0000,495.74
2309,0.115359,98.4375,581.22
2310,0.025203,100.0000,507.71
2311,0.019115,100.0000,582.54
2312,0.057140,98.4375,491.74
2313,0.072107,98.4375,494.55
2314,0.013637,100.0000,652.36
2315,0.009039,100.0000,498.29
2316,0.028052,100.0000,586.00
2317,0.034220,98.4375,499.35
2318,0.051733,96.8750,557.76
2319,0.057050,98.4375,525.65
2320,0.024432,98.4375,513.82
2321,0.127707,95.3125,598.53
2322,0.026749,100.0000,505.62
2323,0.003052,100.0000,578.40
2324,0.137243,96.8750,504.24
2325,0.024182,100.0000,565.28
2326,0.101424,95.3125,508.84
2327,0.047254,98.4375,606.30
2328,0.074228,98.4375,499.61
2329,0.085656,96.8750,504.05
2330,0.027871,98.4375,628.58
2331,0.048507,96.8750,501.64
2332,0.031296,98.4375,580.04
2333,0.059280,98.4375,520.22
2334,0.019736,100.0000,511.46
2335,0.045980,96.8750,616.82
2336,0.086581,93.7500,508.01
2337,0.107598,96.8750,607.71
2338,0.015763,100.0000,499.04
2339,0.061893,98.4375,560.01
2340,0.164881,93.7500,503.61
2341,0.158863,95.3125,528.24
2342,0.076951,96.8750,574.87
2343,0.062403,96.8750,558.06
2344,0.066521,98.4375,503.23
2345,0.081218,95.3125,566.74
2346,0.011670,100.0000,505.39
2347,0.012714,100.0000,567.12
2348,0.044823,98.4375,553.81
2349,0.014274,100.0000,571.38
2350,0.080989,95.3125,500.31
2351,0.018295,100.0000,564.26
2352,0.020983,98.4375,528.30
2353,0.034385,96.8750,501.54
2354,0.042908,96.8750,654.71
2355,0.064104,98.4375,502.74
2356,0.029050,100.0000,642.19
2357,0.105522,93.7500,501.95
2358,0.005714,100.0000,593.99
2359,0.063685,96.8750,496.82
2360,0.032489,98.4375,500.09
2361,0.074765,96.8750,619.11
2362,0.034652,100.0000,496.28
2363,0.032534,100.0000,551.94
2364,0.016459,100.0000,526.02
2365,0.143577,92.1875,499.11
2366,0.046297,98.4375,636.54
2367,0.046253,96.8750,504.20
2368,0.013607,100.0000,535.64
2369,0.064647,96.8750,565.66
2370,0.047816,98.4375,501.76
2371,0.085308,95.3125,558.18
2372,0.084637,95.3125,494.55
2373,0.095214,96.8750,526.34
2374,0.057498,96.8750,569.34
2375,0.024118,100.0000,548.48
2376,0.135645,96.8750,550.30
2377,0.048258,98.4375,566.50
2378,0.104665,95.3125,519.18
2379,0.102764,96.8750,534.63
2380,0.067543,96.8750,559.29
2381,0.061409,96.8750,550.53
2382,0.107239,95.3125,533.69
2383,0.093619,96.8750,501.84
2384,0.026898,100.0000,644.13
2385,0.081778,98.4375,501.21
2386,0.047859,98.4375,545.66
2387,0.087656,95.3125,537.96
2388,0.104056,96.8750,533.86
2389,0.010588,100.0000,564.71
2390,0.032194,98.4375,498.93
2391,0.057296,96.8750,648.64
2392,0.044887,98.4375,502.11
2393,0.058029,98.4375,572.62
2394,0.050184,98.4375,510.49
2395,0.133203,93.7500,593.16
2396,0.037962,98.4375,496.54
2397,0.055594,96.8750,560.92
2398,0.089819,98.4375,517.80
2399,0.038718,98.4375,497.02
2400,0.097378,93.7500,621.23
2401,0.011301,100.0000,497.46
2402,0.010065,100.0000,656.72
2403,0.026941,100.0000,503.76
2404,0.020362,100.0000,560.66
2405,0.020365,100.0000,499.37
2406,0.058228,98.4375,507.21
2407,0.093906,96.8750,628.25
2408,0.085283,96.8750,496.19
2409,0.094207,95.3125,565.49
2410,0.020553,98.4375,505.93
2411,0.130090,96.8750,498.23
2412,0.037322,98.4375,649.10
2413,0.061675,98.4375,512.79
2414,0.024140,100.0000,599.35
2415,0.082966,95.3125,517.38
2416,0.046326,98.4375,582.91
2417,0.012044,100.0000,500.27
2418,0.048672,98.4375,559.87
2419,0.074387,96.8750,499.79
2420,0.024274,100.0000,537.50
2421,0.031917,98.4375,563.36
2422,0.056689,98.4375,558.44
2423,0.037946,100.0000,564.68
2424,0.010104,100.0000,498.74
2425,0.040107,96.8750,597.26
2426,0.087549,96.8750,502.89
2427,0.034252,98.4375,631.02
2428,0.039163,98.4375,503.23
2429,0.076882,95.3125,568.97
2430,0.087732,96.8750,508.37
2431,0.082918,95.3125,506.19
2432,0.056863,98.4375,617.78
2433,0.032782,100.0000,501.44
2434,0.041946,100.0000,505.27
2435,0.050138,98.4375,616.52
2436,0.044473,98.4375,558.29
2437,0.010611,100.0000,535.59
2438,0.057204,95.3125,499.49
2439,0.031291,100.0000,591.51
2440,0.189712,92.1875,505.35
2441,0.035596,98.4375,596.04
2442,0.090229,95.3125,503.33
2443,0.030831,98.4375,498.19
2444,0.019904,98.4375,604.20
2445,0.094590,95.3125,496.46
2446,0.084722,98.4375,575.82
2447,0.035421,98.4375,519.69
2448,0.057285,96.8750,519.14
2449,0.018854,100.0000,582.97
2450,0.029893,98.4375,504.44
2451,0.016129,100.0000,553.18
2452,0.043929,98.4375,498.62
2453,0.021373,100.0000,505.32
2454,0.072531,98.4375,660.68
2455,0.048680,98.4375,498.73
2456,0.017546,100.0000,659.47
2457,0.106626,95.3125,500.62
2458,0.018139,100.0000,586.78
2459,0.040706,100.0000,501.51
2460,0.051494,98.4375,583.40
2461,0.042478,98.4375,508.26
2462,0.033992,98.4375,523.67
2463,0.032919,100.0000,566.20
2464,0.014990,100.0000,501.44
2465,0.130263,95.3125,567.62
2466,0.019786,100.0000,500.30
2467,0.032599,98.4375,512.93
2468,0.023525,100.0000,656.86
2469,0.032812,100.0000,500.13
2470,0.029544,98.4375,569.45
2471,0.019257,100.0000,503.64
2472,0.036800,98.4375,508.28
2473,0.106396,95.3125,608.29
2474,0.061890,96.8750,502.98
2475,0.019070,100.0000,626.73
2476,0.043921,98.4375,530.75
2477,0.025436,100.0000,569.12
2478,0.057316,98.4375,559.13
2479,0.149027,93.7500,508.96
2480,0.118414,96.8750,497.22
2481,0.088242,98.4375,595.77
2482,0.060476,98.4375,499.54
2483,0.046964,98.4375,565.60
2484,0.086273,95.3125,510.55
2485,0.078768,96.8750,546.26
2486,0.118236,96.8750,538.47
2487,0.014174,100.0000,502.17
2488,0.024376,100.0000,608.42
2489,0.064265,98.4375,552.56
2490,0.031825,98.4375,553.01
2491,0.042930,98.4375,563.74
2492,0.087723,95.3125,503.08
2493,0.020812,100.0000,556.77
2494,0.062525,98.4375,531.71
2495,0.054509,98.4375,500.92
2496,0.054893,98.4375,589.14
2497,0.051438,96.8750,500.49
2498,0.027797,100.0000,648.47
2499,0.033277,98.4375,499.59
2500,0.035981,98.4375,560.62
2501,0.027056,98.4375,497.53
2502,0.043443,96.8750,501.28
2503,0.078224,98.4375,612.95
2504,0.063631,96.8750,505.29
2505,0.081156,95.3125,541.81
2506,0.115386,96.8750,549.65
2507,0.047206,98.4375,504.69
2508,0.046988,98.4375,605.68
2509,0.044119,98.4375,501.29
2510,0.052214,98.4375,613.86
2511,0.056809,98.4375,496.99
2512,0.047462,96.8750,587.21
2513,0.030522,98.4375,504.28
2514,0.015031,100.0000,633.46
2515,0.056114,96.8750,504.63
2516,0.020141,100.0000,578.18
2517,0.011131,100.0000,515.32
2518,0.023210,100.0000,557.83
2519,0.040803,98.4375,514.13
2520,0.046111,98.4375,557.33
2521,0.141959,96.8750,519.69
2522,0.038603,98.4375,567.27
2523,0.038184,98.4375,504.23
2524,0.080860,98.4375,497.49
2525,0.051646,100.0000,624.20
2526,0.072085,96.8750,512.92
2527,0.062786,98.4375,607.51
2528,0.036346,98.4375,501.15
2529,0.076792,96.8750,548.45
2530,0.052508,96.8750,535.75
2531,0.020038,98.4375,536.87
2532,0.033314,100.0000,559.65
2533,0.025838,100.0000,533.60
2534,0.040064,100.0000,563.79
2535,0.066275,98.4375,553.59
2536,0.020809,100.0000,527.57
2537,0.067573,98.4375,503.73
2538,0.049018,100.0000,599.40
2539,0.068135,95.3125,494.52
2540,0.082323,95.3125,657.81
2541,0.006294,100.0000,510.01
2542,0.038358,98.4375,547.29
2543,0.047696,98.4375,547.34
2544,0.034302,98.4375,568.51
2545,0.042061,98.4375,501.47
2546,0.109675,95.3125,498.74
2547,0.036055,98.4375,607.61
2548,0.034729,98.4375,498.86
2549,0.037211,100.0000,630.17
2550,0.059271,96.8750,499.04
2551,0.071745,96.8750,598.40
2552,0.025431,98.4375,501.09
2553,0.052447,98.4375,566.19
2554,0.044690,96.8750,498.30
2555,0.022883,98.4375,498.38
2556,0.029272,98.4375,647.57
2557,0.109099,95.3125,500.54
2558,0.081200,93.7500,623.26
2559,0.101731,95.3125,498.79
2560,0.028460,100.0000,626.99
2561,0.016010,100.0000,501.16
2562,0.025451,100.0000,533.57
2563,0.060688,98.4375,567.01
2564,0.025241,98.4375,501.97
2565,0.036434,98.4375,654.20
2566,0.091052,96.8750,498.20
2567,0.111128,95.3125,577.02
2568,0.088751,95.3125,501.21
2569,0.062107,96.8750,522.41
2570,0.010406,100.0000,254.15
