batch_idx,loss,accuracy,time_ms
1,0.100257,96.8750,596.74
2,0.154301,96.8750,501.31
3,0.272736,90.6250,576.62
4,0.084784,96.8750,503.50
5,0.160138,92.1875,570.33
6,0.057906,100.0000,504.47
7,0.168092,93.7500,498.12
8,0.095207,96.8750,647.10
9,0.202436,90.6250,499.27
10,0.177738,92.1875,564.15
11,0.194370,93.7500,502.78
12,0.123008,93.7500,497.61
13,0.083591,96.8750,606.38
14,0.066917,98.4375,498.41
15,0.038492,98.4375,558.18
16,0.230857,92.1875,500.68
17,0.142531,95.3125,506.80
18,0.052222,98.4375,641.80
19,0.199088,92.1875,505.00
20,0.192297,90.6250,576.56
21,0.281604,89.0625,498.93
22,0.107139,96.8750,643.20
23,0.088993,96.8750,508.95
24,0.105413,95.3125,616.62
25,0.048125,98.4375,497.75
26,0.075361,98.4375,554.68
27,0.049519,98.4375,512.36
28,0.182921,93.7500,502.45
29,0.197380,92.1875,580.27
30,0.106387,96.8750,500.19
31,0.100213,96.8750,615.62
32,0.102737,96.8750,503.55
33,0.114185,96.8750,514.10
34,0.188491,93.7500,565.89
35,0.196505,92.1875,492.47
36,0.121104,96.8750,637.79
37,0.091496,96.8750,492.58
38,0.176141,95.3125,575.30
39,0.137260,93.7500,488.13
40,0.057252,98.4375,567.34
41,0.175498,90.6250,487.02
42,0.085114,98.4375,545.77
43,0.116072,95.3125,539.64
44,0.119648,93.7500,501.11
45,0.153660,93.7500,628.27
46,0.109022,95.3125,497.04
47,0.318620,92.1875,579.36
48,0.120875,95.3125,497.16
49,0.267681,90.6250,618.65
50,0.103922,95.3125,507.35
51,0.054688,100.0000,532.51
52,0.065014,96.8750,566.62
53,0.248401,90.6250,512.09
54,0.177032,95.3125,584.00
55,0.206280,90.6250,498.15
56,0.128073,95.3125,649.42
57,0.133663,95.3125,504.85
58,0.100832,96.8750,594.31
59,0.178963,93.7500,501.11
60,0.205767,95.3125,613.57
61,0.066355,98.4375,509.51
62,0.177567,95.3125,567.89
63,0.045804,96.8750,501.06
64,0.090879,95.3125,517.16
65,0.050902,98.4375,569.78
66,0.109665,95.3125,498.20
67,0.091384,98.4375,590.12
68,0.066037,96.8750,503.45
69,0.040124,98.4375,567.38
70,0.144143,95.3125,502.04
71,0.024752,100.0000,499.55
72,0.056919,98.4375,592.57
73,0.136932,96.8750,497.01
74,0.142424,96.8750,601.13
75,0.086793,96.8750,497.41
76,0.247287,90.6250,586.83
77,0.126254,95.3125,503.11
78,0.122809,96.8750,503.63
79,0.231709,95.3125,645.10
80,0.161205,93.7500,501.45
81,0.155864,93.7500,558.59
82,0.136246,92.1875,514.33
83,0.100077,96.8750,499.61
84,0.117225,95.3125,597.50
85,0.308346,92.1875,500.56
86,0.091219,96.8750,560.53
87,0.185547,95.3125,506.78
88,0.136234,93.7500,498.35
89,0.101061,95.3125,605.67
90,0.165986,92.1875,504.65
91,0.145012,93.7500,597.82
92,0.092663,98.4375,498.53
93,0.162746,93.7500,581.02
94,0.073057,98.4375,499.96
95,0.119520,93.7500,582.25
96,0.146603,92.1875,500.24
97,0.077647,98.4375,584.94
98,0.133716,95.3125,501.29
99,0.126860,95.3125,499.56
100,0.062729,95.3125,595.21
101,0.161276,93.7500,496.89
102,0.097438,95.3125,557.28
103,0.166700,95.3125,517.40
104,0.108261,95.3125,545.42
105,0.021665,100.0000,543.21
106,0.060735,98.4375,562.77
107,0.277641,89.0625,500.62
108,0.106765,95.3125,497.73
109,0.126737,93.7500,593.59
110,0.247881,89.0625,498.67
111,0.202193,93.7500,639.52
112,0.164706,92.1875,497.85
113,0.077762,96.8750,601.66
114,0.076632,95.3125,500.82
115,0.165201,92.1875,605.40
116,0.131668,95.3125,496.40
117,0.094840,95.3125,613.10
118,0.184186,90.6250,501.42
119,0.065410,96.8750,610.31
120,0.112984,95.3125,505.38
121,0.092063,96.8750,562.09
122,0.083289,98.4375,506.31
123,0.123166,96.8750,556.39
124,0.110489,95.3125,505.00
125,0.115150,93.7500,587.06
126,0.117980,98.4375,504.28
127,0.156336,92.1875,501.12
128,0.237135,87.5000,641.78
129,0.289505,93.7500,498.63
130,0.144121,93.7500,589.37
131,0.264053,92.1875,499.00
132,0.150415,92.1875,640.25
133,0.188053,93.7500,508.18
134,0.175736,93.7500,639.70
135,0.111387,95.3125,502.96
136,0.107533,95.3125,561.81
137,0.117901,96.8750,503.26
138,0.172463,95.3125,495.88
139,0.079566,98.4375,630.12
140,0.063182,96.8750,499.56
141,0.095657,96.8750,631.37
142,0.139829,95.3125,502.15
143,0.068583,96.8750,548.57
144,0.034033,100.0000,536.86
145,0.087356,96.8750,496.65
146,0.251397,89.0625,594.66
147,0.104812,95.3125,496.94
148,0.115920,95.3125,574.16
149,0.155847,89.0625,500.72
150,0.189066,95.3125,502.34
151,0.242720,92.1875,586.82
152,0.086468,96.8750,499.29
153,0.093256,98.4375,578.13
154,0.131294,95.3125,496.87
155,0.193518,93.7500,567.57
156,0.138337,95.3125,505.72
157,0.168631,93.7500,563.95
158,0.100562,96.8750,497.27
159,0.060711,96.8750,559.70
160,0.148538,93.7500,497.01
161,0.123299,92.1875,502.02
162,0.170901,92.1875,605.99
163,0.066619,96.8750,497.01
164,0.147670,93.7500,569.05
165,0.104518,95.3125,499.76
166,0.115612,96.8750,499.95
167,0.126974,93.7500,589.13
168,0.053299,98.4375,519.10
169,0.145094,93.7500,589.59
170,0.204814,95.3125,520.21
171,0.149108,92.1875,572.45
172,0.056040,98.4375,502.57
173,0.079341,98.4375,586.17
174,0.122691,93.7500,509.44
175,0.058012,95.3125,632.69
176,0.046284,98.4375,517.66
177,0.248390,95.3125,623.00
178,0.264077,87.5000,498.87
179,0.251186,93.7500,639.12
180,0.250940,95.3125,496.80
181,0.044678,100.0000,637.88
182,0.139514,93.7500,504.74
183,0.132012,95.3125,611.76
184,0.141900,95.3125,505.66
185,0.111119,96.8750,601.32
186,0.250285,92.1875,515.89
187,0.260295,90.6250,645.55
188,0.113952,95.3125,507.72
189,0.046617,100.0000,591.19
190,0.143987,96.8750,504.97
191,0.183247,95.3125,587.77
192,0.262064,89.0625,502.04
193,0.092490,96.8750,497.07
194,0.163320,95.3125,624.84
195,0.158324,93.7500,500.22
196,0.134432,95.3125,598.78
197,0.205489,92.1875,541.05
198,0.194311,93.7500,568.06
199,0.239328,92.1875,560.64
200,0.109780,96.8750,518.52
201,0.192988,89.0625,508.14
202,0.030873,100.0000,603.50
203,0.090861,96.8750,511.39
204,0.224478,92.1875,624.16
205,0.143008,93.7500,505.52
206,0.147871,95.3125,548.38
207,0.133068,93.7500,561.04
208,0.247873,89.0625,574.63
209,0.132168,93.7500,520.46
210,0.125784,95.3125,513.74
211,0.215132,95.3125,658.00
212,0.120930,95.3125,498.46
213,0.141870,96.8750,591.36
214,0.126642,96.8750,497.48
215,0.270095,90.6250,566.56
216,0.088278,96.8750,502.88
217,0.066443,98.4375,504.51
218,0.124243,95.3125,675.75
219,0.171888,95.3125,502.78
220,0.080991,96.8750,550.91
221,0.057964,96.8750,534.12
222,0.108686,95.3125,507.98
223,0.113498,95.3125,596.65
224,0.157473,96.8750,500.95
225,0.173644,95.3125,541.00
226,0.180718,92.1875,537.88
227,0.108100,93.7500,538.83
228,0.172031,93.7500,558.33
229,0.065260,100.0000,550.48
230,0.106733,96.8750,551.61
231,0.065408,98.4375,508.80
232,0.100924,96.8750,630.09
233,0.320541,87.5000,502.15
234,0.036217,100.0000,589.09
235,0.042884,98.4375,504.48
236,0.121582,95.3125,503.09
237,0.181079,92.1875,597.38
238,0.299033,87.5000,501.52
239,0.131474,93.7500,553.25
240,0.043401,100.0000,500.75
241,0.111018,96.8750,507.16
242,0.150338,96.8750,651.04
243,0.125830,95.3125,506.30
244,0.068911,96.8750,549.89
245,0.126516,95.3125,535.78
246,0.208773,92.1875,498.19
247,0.145026,92.1875,587.09
248,0.291611,92.1875,501.70
249,0.180101,93.7500,498.00
250,0.164381,93.7500,596.23
251,0.124182,96.8750,499.67
252,0.080294,95.3125,632.39
253,0.082647,96.8750,498.54
254,0.181934,95.3125,645.60
255,0.263244,89.0625,499.95
256,0.220979,92.1875,615.35
257,0.096232,95.3125,499.37
258,0.112787,93.7500,603.39
259,0.073231,98.4375,500.53
260,0.106347,95.3125,568.39
261,0.075373,96.8750,498.72
262,0.186846,93.7500,568.38
263,0.074999,98.4375,505.91
264,0.214939,90.6250,565.01
265,0.128283,96.8750,505.99
266,0.170427,92.1875,497.54
267,0.141693,95.3125,595.90
268,0.120788,96.8750,498.34
269,0.121266,95.3125,559.93
270,0.116639,95.3125,497.29
271,0.096994,96.8750,503.49
272,0.096926,96.8750,583.53
273,0.141041,93.7500,510.16
274,0.076369,96.8750,574.88
275,0.130472,93.7500,545.67
276,0.130187,93.7500,544.25
277,0.107273,96.8750,538.57
278,0.090005,95.3125,539.77
279,0.062705,98.4375,498.14
280,0.159154,95.3125,650.34
281,0.374842,87.5000,508.32
282,0.190072,95.3125,560.71
283,0.135817,96.8750,501.00
284,0.150065,95.3125,501.55
285,0.180608,90.6250,657.47
286,0.118224,93.7500,499.03
287,0.125246,95.3125,589.80
288,0.049960,98.4375,498.88
289,0.152630,93.7500,523.85
290,0.152119,92.1875,570.97
291,0.099146,93.7500,498.76
292,0.087410,95.3125,593.60
293,0.063391,98.4375,548.29
294,0.206203,95.3125,528.08
295,0.175344,95.3125,541.45
296,0.127650,95.3125,552.09
297,0.087208,93.7500,499.19
298,0.118130,96.8750,612.59
299,0.132820,93.7500,501.07
300,0.094006,98.4375,568.16
301,0.195055,93.7500,499.13
302,0.165942,93.7500,560.24
303,0.073567,98.4375,500.96
304,0.109641,95.3125,499.27
305,0.325806,90.6250,606.21
306,0.089653,96.8750,504.53
307,0.100052,96.8750,580.24
308,0.301838,89.0625,512.60
309,0.176182,93.7500,583.36
310,0.052455,98.4375,497.33
311,0.099706,96.8750,569.94
312,0.081398,95.3125,496.97
313,0.293631,89.0625,589.69
314,0.124818,95.3125,498.08
315,0.139384,95.3125,588.55
316,0.147381,93.7500,496.82
317,0.117181,93.7500,579.20
318,0.090363,96.8750,503.78
319,0.197001,93.7500,522.82
320,0.102687,95.3125,575.05
321,0.121130,96.8750,546.76
322,0.177284,95.3125,520.42
323,0.085596,96.8750,506.16
324,0.320671,90.6250,610.25
325,0.072484,98.4375,503.97
326,0.110294,93.7500,608.84
327,0.223446,92.1875,498.51
328,0.147861,95.3125,539.99
329,0.137985,93.7500,542.99
330,0.372402,90.6250,519.50
331,0.049315,95.3125,575.62
332,0.053937,96.8750,498.91
333,0.132204,95.3125,594.16
334,0.059913,98.4375,495.60
335,0.301177,92.1875,583.40
336,0.086872,98.4375,496.01
337,0.100162,96.8750,518.96
338,0.055592,98.4375,584.08
339,0.155703,93.7500,503.87
340,0.129338,96.8750,648.52
341,0.101698,95.3125,499.77
342,0.198505,90.6250,550.96
343,0.108791,93.7500,495.25
344,0.062248,96.8750,572.53
345,0.034356,98.4375,502.12
346,0.151306,92.1875,547.91
347,0.167635,92.1875,546.62
348,0.089137,98.4375,513.35
349,0.052704,98.4375,571.95
350,0.095453,96.8750,499.23
351,0.136365,90.6250,584.82
352,0.093633,96.8750,502.51
353,0.066337,98.4375,498.00
354,0.080314,98.4375,641.30
355,0.030761,100.0000,512.27
356,0.265626,89.0625,590.41
357,0.140071,92.1875,501.27
358,0.152374,93.7500,651.17
359,0.043595,96.8750,495.51
360,0.103662,96.8750,628.82
361,0.155725,96.8750,501.40
362,0.212058,93.7500,553.69
363,0.193514,92.1875,503.78
364,0.109171,95.3125,551.35
365,0.145996,92.1875,496.77
366,0.102630,96.8750,563.37
367,0.151356,90.6250,501.38
368,0.110852,96.8750,558.58
369,0.199826,95.3125,541.93
370,0.086248,96.8750,504.42
371,0.186049,92.1875,542.60
372,0.093815,96.8750,498.00
373,0.178925,93.7500,583.03
374,0.080067,98.4375,500.04
375,0.146949,93.7500,499.97
376,0.081632,96.8750,593.88
377,0.069816,98.4375,498.20
378,0.087468,95.3125,571.53
379,0.107493,96.8750,501.04
380,0.089670,96.8750,559.65
381,0.035194,98.4375,502.65
382,0.060233,98.4375,552.72
383,0.076849,96.8750,531.05
384,0.042800,100.0000,497.69
385,0.183858,92.1875,623.87
386,0.172763,95.3125,532.53
387,0.245853,90.6250,550.87
388,0.150868,95.3125,499.04
389,0.031094,100.0000,580.38
390,0.134302,95.3125,500.64
391,0.101626,98.4375,556.12
392,0.181626,93.7500,503.47
393,0.213003,92.1875,499.70
394,0.135107,92.1875,608.19
395,0.064253,98.4375,545.65
396,0.060287,96.8750,552.04
397,0.157983,96.8750,500.82
398,0.024210,100.0000,565.75
399,0.092182,96.8750,500.08
400,0.075808,96.8750,549.85
401,0.097834,96.8750,523.16
402,0.030638,100.0000,505.29
403,0.039513,100.0000,600.44
404,0.060308,98.4375,504.35
405,0.118222,95.3125,579.27
406,0.034277,100.0000,496.97
407,0.142626,98.4375,545.85
408,0.140115,92.1875,557.82
409,0.160596,93.7500,501.95
410,0.205465,93.7500,629.52
411,0.034381,100.0000,528.79
412,0.094362,95.3125,615.43
413,0.123340,96.8750,551.97
414,0.079079,98.4375,536.71
415,0.102628,96.8750,498.74
416,0.154618,95.3125,615.67
417,0.240242,95.3125,522.43
418,0.130676,96.8750,566.41
419,0.096030,95.3125,501.12
420,0.044121,96.8750,618.61
421,0.151132,93.7500,500.43
422,0.156681,93.7500,642.85
423,0.046863,100.0000,500.96
424,0.088271,96.8750,585.06
425,0.262824,90.6250,496.33
426,0.150214,93.7500,550.89
427,0.134505,93.7500,498.95
428,0.233322,92.1875,527.57
429,0.074915,98.4375,579.87
430,0.105371,95.3125,502.63
431,0.046882,100.0000,562.28
432,0.084857,96.8750,498.78
433,0.079080,95.3125,499.75
434,0.083836,95.3125,584.80
435,0.157597,92.1875,499.92
436,0.271003,89.0625,621.95
437,0.182314,92.1875,497.11
438,0.096275,95.3125,586.54
439,0.125257,95.3125,495.34
440,0.133012,95.3125,619.10
441,0.109935,95.3125,497.87
442,0.116268,95.3125,557.54
443,0.181038,92.1875,498.34
444,0.165498,93.7500,552.86
445,0.193702,90.6250,497.71
446,0.047108,96.8750,550.46
447,0.143031,95.3125,520.20
448,0.073421,96.8750,537.62
449,0.181462,90.6250,542.29
450,0.237744,90.6250,503.70
451,0.190141,96.8750,622.65
452,0.113118,96.8750,498.24
453,0.057470,98.4375,556.01
454,0.099650,96.8750,499.39
455,0.093424,95.3125,501.01
456,0.057761,100.0000,587.05
457,0.092551,96.8750,501.22
458,0.157180,96.8750,504.11
459,0.141931,93.7500,589.17
460,0.253650,92.1875,500.48
461,0.147383,92.1875,579.57
462,0.137819,96.8750,497.74
463,0.225371,90.6250,498.30
464,0.033657,100.0000,589.47
465,0.044453,98.4375,504.41
466,0.194522,92.1875,632.38
467,0.161506,90.6250,495.42
468,0.213230,92.1875,536.45
469,0.158866,92.1875,546.61
470,0.196275,92.1875,494.78
471,0.022020,100.0000,611.23
472,0.127273,96.8750,500.69
473,0.099881,96.8750,589.76
474,0.120751,95.3125,527.48
475,0.159068,92.1875,619.80
476,0.138758,95.3125,499.92
477,0.087108,98.4375,629.83
478,0.196430,95.3125,494.70
479,0.185561,92.1875,548.15
480,0.159076,95.3125,512.51
481,0.175876,95.3125,556.54
482,0.122375,95.3125,494.54
483,0.067295,96.8750,548.05
484,0.212255,90.6250,544.71
485,0.126359,95.3125,497.77
486,0.135469,96.8750,614.35
487,0.069544,98.4375,502.62
488,0.087517,95.3125,566.32
489,0.202453,92.1875,499.76
490,0.236606,93.7500,574.76
491,0.217492,92.1875,499.31
492,0.188626,89.0625,558.76
493,0.133970,93.7500,499.05
494,0.219582,92.1875,556.91
495,0.190677,89.0625,497.27
496,0.046794,100.0000,498.30
497,0.263909,89.0625,634.26
498,0.051637,98.4375,540.10
499,0.216774,93.7500,569.31
500,0.125035,95.3125,550.85
501,0.113309,96.8750,528.57
502,0.096160,98.4375,521.04
503,0.130757,95.3125,585.12
504,0.151909,93.7500,500.72
505,0.049731,98.4375,595.12
506,0.079536,96.8750,499.67
507,0.248285,93.7500,643.16
508,0.287948,90.6250,496.82
509,0.197853,95.3125,556.77
510,0.174390,93.7500,499.61
511,0.236682,93.7500,574.02
512,0.140087,93.7500,502.77
513,0.181492,90.6250,529.15
514,0.088673,96.8750,556.60
515,0.106491,98.4375,543.08
516,0.187236,93.7500,550.44
517,0.219207,95.3125,500.65
518,0.224243,89.0625,619.75
519,0.188752,93.7500,500.47
520,0.087544,95.3125,614.23
521,0.220422,93.7500,505.04
522,0.169290,95.3125,602.77
523,0.129908,93.7500,533.25
524,0.091977,96.8750,561.37
525,0.084116,95.3125,530.46
526,0.119106,96.8750,557.10
527,0.290479,92.1875,501.06
528,0.213950,89.0625,626.42
529,0.198062,90.6250,504.40
530,0.123498,96.8750,581.02
531,0.145985,93.7500,503.16
532,0.181155,93.7500,519.18
533,0.166488,95.3125,589.35
534,0.153192,93.7500,500.75
535,0.083657,95.3125,577.10
536,0.145807,93.7500,497.92
537,0.082566,98.4375,532.44
538,0.163744,95.3125,558.47
539,0.024411,100.0000,519.40
540,0.060327,96.8750,661.32
541,0.093034,96.8750,497.97
542,0.139018,96.8750,570.07
543,0.055219,98.4375,499.65
544,0.101526,93.7500,538.46
545,0.050465,100.0000,549.38
546,0.056650,98.4375,499.29
547,0.200310,93.7500,644.91
548,0.124088,98.4375,499.44
549,0.073866,98.4375,644.71
550,0.053464,98.4375,496.62
551,0.159690,92.1875,586.04
552,0.340487,85.9375,496.00
553,0.089542,95.3125,502.83
554,0.188072,93.7500,606.55
555,0.024289,100.0000,499.43
556,0.119865,93.7500,558.30
557,0.207801,93.7500,498.57
558,0.067313,98.4375,493.21
559,0.049573,100.0000,612.94
560,0.029169,100.0000,503.22
561,0.258633,92.1875,588.21
562,0.180585,93.7500,501.49
563,0.051763,98.4375,592.87
564,0.196767,93.7500,501.77
565,0.072246,100.0000,598.75
566,0.111003,93.7500,508.14
567,0.096015,98.4375,560.21
568,0.073608,100.0000,499.41
569,0.157737,93.7500,565.87
570,0.079134,96.8750,500.46
571,0.135930,95.3125,499.30
572,0.088378,96.8750,589.41
573,0.106641,96.8750,498.54
574,0.141232,95.3125,603.84
575,0.027678,100.0000,502.44
576,0.097011,96.8750,568.75
577,0.124165,95.3125,511.96
578,0.035305,100.0000,501.23
579,0.227218,90.6250,582.67
580,0.077864,96.8750,497.86
581,0.045583,100.0000,640.72
582,0.074687,95.3125,499.23
583,0.087152,96.8750,550.66
584,0.142460,95.3125,552.63
585,0.155995,93.7500,498.26
586,0.143775,95.3125,647.64
587,0.129948,95.3125,498.99
588,0.032137,98.4375,624.67
589,0.157668,92.1875,500.37
590,0.045439,100.0000,515.81
591,0.203883,93.7500,568.32
592,0.154423,92.1875,557.47
593,0.176639,93.7500,532.79
594,0.065940,96.8750,506.29
595,0.115259,96.8750,623.83
596,0.198494,93.7500,497.91
597,0.203083,90.6250,550.71
598,0.150657,93.7500,519.58
599,0.137690,95.3125,503.85
600,0.179504,93.7500,578.93
601,0.096504,96.8750,496.99
602,0.239706,95.3125,497.54
603,0.080437,96.8750,598.88
604,0.125392,92.1875,502.06
605,0.132598,95.3125,614.27
606,0.096032,96.8750,502.66
607,0.130369,95.3125,494.79
608,0.091528,96.8750,598.67
609,0.064588,95.3125,526.62
610,0.036723,98.4375,545.63
611,0.169581,92.1875,498.44
612,0.043740,100.0000,634.65
613,0.114684,95.3125,500.94
614,0.048213,96.8750,595.93
615,0.051420,98.4375,494.64
616,0.102716,95.3125,620.89
617,0.097067,95.3125,503.01
618,0.178825,93.7500,612.45
619,0.113036,95.3125,498.37
620,0.132074,93.7500,579.13
621,0.067052,100.0000,501.01
622,0.092041,96.8750,497.61
623,0.168953,92.1875,590.56
624,0.114733,95.3125,498.63
625,0.124388,95.3125,559.02
626,0.104552,95.3125,496.58
627,0.083303,95.3125,498.49
628,0.169013,90.6250,600.50
629,0.113261,98.4375,496.66
630,0.020283,100.0000,537.83
631,0.082778,98.4375,521.64
632,0.033436,100.0000,504.11
633,0.144325,95.3125,580.17
634,0.164281,93.7500,499.53
635,0.108014,96.8750,499.54
636,0.024829,100.0000,588.24
637,0.118375,95.3125,519.09
638,0.125420,98.4375,574.34
639,0.137089,93.7500,498.02
640,0.255430,89.0625,569.45
641,0.033634,100.0000,501.75
642,0.186626,95.3125,507.76
643,0.156601,92.1875,605.94
644,0.088109,96.8750,500.92
645,0.105623,98.4375,580.89
646,0.150642,95.3125,503.66
647,0.133057,95.3125,504.91
648,0.136944,96.8750,583.18
649,0.019770,100.0000,506.43
650,0.109122,96.8750,569.54
651,0.065562,98.4375,505.03
652,0.223520,90.6250,532.76
653,0.189230,92.1875,534.50
654,0.159321,93.7500,501.39
655,0.071878,96.8750,594.71
656,0.098987,96.8750,500.59
657,0.055414,98.4375,578.23
658,0.113945,95.3125,501.93
659,0.156501,93.7500,547.95
660,0.085720,96.8750,549.62
661,0.069486,96.8750,497.11
662,0.297463,92.1875,642.06
663,0.098067,96.8750,500.26
664,0.030829,100.0000,584.02
665,0.035558,100.0000,502.67
666,0.202610,90.6250,520.59
667,0.145934,93.7500,576.08
668,0.057845,98.4375,534.73
669,0.191883,90.6250,536.05
670,0.190906,93.7500,498.60
671,0.051995,96.8750,589.99
672,0.097581,95.3125,502.27
673,0.104316,95.3125,583.44
674,0.064487,98.4375,502.68
675,0.086248,96.8750,575.29
676,0.147493,96.8750,515.74
677,0.099129,95.3125,554.07
678,0.263826,95.3125,510.85
679,0.118446,93.7500,521.96
680,0.026095,100.0000,567.15
681,0.088507,98.4375,502.71
682,0.067433,98.4375,637.66
683,0.081154,96.8750,502.61
684,0.077811,96.8750,614.11
685,0.067792,98.4375,496.87
686,0.082058,96.8750,580.14
687,0.049459,100.0000,498.64
688,0.165482,93.7500,585.15
689,0.149828,96.8750,501.98
690,0.155877,95.3125,549.57
691,0.171596,92.1875,520.75
692,0.134146,93.7500,497.00
693,0.027933,100.0000,608.67
694,0.083932,96.8750,498.53
695,0.117833,96.8750,622.89
696,0.225079,92.1875,498.85
697,0.177337,95.3125,579.48
698,0.040208,98.4375,502.59
699,0.153888,96.8750,572.69
700,0.079709,96.8750,510.33
701,0.113400,95.3125,565.94
702,0.109148,96.8750,493.35
703,0.080771,96.8750,496.10
704,0.107675,95.3125,584.62
705,0.074203,96.8750,499.00
706,0.233409,89.0625,557.74
707,0.142223,95.3125,496.03
708,0.126045,95.3125,555.58
709,0.140807,95.3125,497.82
710,0.176344,92.1875,535.44
711,0.119497,93.7500,520.55
712,0.136060,96.8750,564.07
713,0.068889,96.8750,494.94
714,0.084503,96.8750,499.33
715,0.157635,92.1875,628.55
716,0.020381,100.0000,507.04
717,0.053191,96.8750,614.59
718,0.140126,93.7500,498.97
719,0.187877,87.5000,542.93
720,0.101405,95.3125,538.19
721,0.077349,96.8750,500.12
722,0.073763,96.8750,648.18
723,0.154969,93.7500,503.62
724,0.065604,96.8750,617.92
725,0.070290,98.4375,501.06
726,0.063947,95.3125,618.47
727,0.122264,95.3125,499.70
728,0.074564,98.4375,604.99
729,0.131610,95.3125,503.71
730,0.170764,95.3125,563.50
731,0.062572,98.4375,496.89
732,0.090941,98.4375,559.58
733,0.053769,98.4375,507.68
734,0.053006,98.4375,533.95
735,0.193451,90.6250,561.41
736,0.044857,100.0000,504.71
737,0.168449,93.7500,585.85
738,0.122893,93.7500,496.92
739,0.262984,85.9375,586.38
740,0.103602,93.7500,497.99
741,0.143327,92.1875,563.34
742,0.135108,93.7500,498.25
743,0.105608,96.8750,501.76
744,0.065460,98.4375,603.06
745,0.121730,96.8750,502.04
746,0.330153,95.3125,551.94
747,0.198326,95.3125,500.45
748,0.132399,95.3125,552.59
749,0.069491,95.3125,536.20
750,0.095301,96.8750,549.61
751,0.078013,98.4375,499.28
752,0.157347,92.1875,543.53
753,0.041369,98.4375,542.50
754,0.061795,100.0000,504.57
755,0.127283,95.3125,583.92
756,0.124552,95.3125,502.46
757,0.180998,93.7500,535.10
758,0.066875,96.8750,532.19
759,0.150718,93.7500,500.39
760,0.091743,96.8750,653.72
761,0.166567,93.7500,499.79
762,0.056408,98.4375,626.17
763,0.084184,98.4375,497.58
764,0.144358,95.3125,552.47
765,0.036969,98.4375,549.21
766,0.127822,95.3125,497.18
767,0.061302,96.8750,593.37
768,0.073134,96.8750,498.69
769,0.146218,92.1875,631.61
770,0.075866,95.3125,498.48
771,0.141261,93.7500,605.30
772,0.058484,98.4375,502.40
773,0.185782,95.3125,577.69
774,0.085632,96.8750,500.02
775,0.071861,98.4375,561.80
776,0.118531,95.3125,497.64
777,0.163275,92.1875,585.43
778,0.118341,96.8750,499.61
779,0.080643,96.8750,586.18
780,0.031169,98.4375,497.92
781,0.157335,92.1875,539.44
782,0.165133,89.0625,553.06
783,0.099175,96.8750,501.34
784,0.170314,92.1875,580.55
785,0.180308,93.7500,497.59
786,0.187344,93.7500,592.34
787,0.112324,98.4375,495.86
788,0.124576,92.1875,651.86
789,0.123119,98.4375,508.35
790,0.475103,90.6250,626.30
791,0.112009,95.3125,501.41
792,0.128223,98.4375,559.90
793,0.084470,95.3125,495.61
794,0.097509,93.7500,498.47
795,0.086328,98.4375,588.52
796,0.159762,92.1875,494.85
797,0.147875,92.1875,627.46
798,0.102204,96.8750,506.93
799,0.208573,89.0625,627.42
800,0.052016,98.4375,501.34
801,0.076539,98.4375,562.26
802,0.138237,95.3125,498.82
803,0.207617,93.7500,550.98
804,0.064810,98.4375,517.51
805,0.140780,92.1875,496.27
806,0.045625,98.4375,631.04
807,0.102426,98.4375,498.60
808,0.116053,95.3125,560.11
809,0.056534,98.4375,513.16
810,0.086676,98.4375,524.93
811,0.078866,98.4375,583.65
812,0.113355,95.3125,495.55
813,0.095536,93.7500,644.07
814,0.153557,90.6250,496.16
815,0.110616,96.8750,605.72
816,0.126023,95.3125,501.92
817,0.067069,96.8750,582.60
818,0.129062,93.7500,498.81
819,0.071669,95.3125,499.31
820,0.229385,90.6250,639.10
821,0.068297,96.8750,499.67
822,0.130461,96.8750,553.96
823,0.121732,95.3125,529.44
824,0.109975,96.8750,557.20
825,0.198215,92.1875,517.18
826,0.120452,95.3125,498.29
827,0.152610,95.3125,594.03
828,0.092158,95.3125,498.76
829,0.100386,93.7500,556.56
830,0.039215,98.4375,495.97
831,0.132323,95.3125,502.58
832,0.157530,95.3125,635.53
833,0.122372,96.8750,500.52
834,0.060715,95.3125,588.33
835,0.093381,95.3125,496.77
836,0.078934,98.4375,496.11
837,0.056230,96.8750,604.08
838,0.106504,96.8750,501.45
839,0.092563,95.3125,638.69
840,0.179615,96.8750,494.49
841,0.041545,96.8750,597.47
842,0.052738,98.4375,494.71
843,0.096749,95.3125,521.34
844,0.060201,98.4375,561.83
845,0.162749,93.7500,500.12
846,0.126847,93.7500,633.69
847,0.192571,90.6250,504.55
848,0.085923,98.4375,552.30
849,0.099852,95.3125,498.11
850,0.153524,93.7500,561.07
851,0.250293,92.1875,496.14
852,0.158109,95.3125,499.01
853,0.146652,92.1875,601.04
854,0.060837,98.4375,547.39
855,0.079356,96.8750,507.58
856,0.156222,95.3125,489.89
857,0.022862,98.4375,574.69
858,0.086354,96.8750,491.64
859,0.126987,95.3125,486.15
860,0.023321,100.0000,618.95
861,0.202843,92.1875,493.67
862,0.084541,98.4375,532.70
863,0.135321,95.3125,552.71
864,0.117857,93.7500,497.89
865,0.218417,90.6250,617.85
866,0.224476,92.1875,491.95
867,0.306668,96.8750,604.68
868,0.114434,96.8750,495.48
869,0.073145,98.4375,558.38
870,0.137781,92.1875,498.86
871,0.075525,95.3125,578.23
872,0.105458,95.3125,510.27
873,0.031369,98.4375,537.79
874,0.166434,93.7500,560.56
875,0.116738,92.1875,506.06
876,0.131331,95.3125,561.66
877,0.094068,96.8750,501.09
878,0.246679,93.7500,502.30
879,0.107035,96.8750,653.93
880,0.085100,96.8750,505.11
881,0.112021,96.8750,581.68
882,0.273359,92.1875,499.37
883,0.083084,95.3125,512.71
884,0.151822,92.1875,582.14
885,0.222911,90.6250,498.96
886,0.082980,98.4375,561.80
887,0.083334,96.8750,506.33
888,0.060484,98.4375,574.75
889,0.074403,98.4375,502.44
890,0.093436,96.8750,580.10
891,0.033591,100.0000,498.70
892,0.232274,87.5000,500.16
893,0.173712,90.6250,606.18
894,0.286791,89.0625,503.64
895,0.106031,95.3125,594.91
896,0.269686,90.6250,499.12
897,0.107744,98.4375,549.22
898,0.138577,93.7500,522.23
899,0.063337,98.4375,538.58
900,0.117303,98.4375,556.40
901,0.162436,96.8750,501.09
902,0.233345,92.1875,616.41
903,0.061963,100.0000,505.43
904,0.137614,92.1875,604.74
905,0.296233,93.7500,519.34
906,0.160837,93.7500,572.09
907,0.133712,93.7500,501.64
908,0.159729,93.7500,586.80
909,0.191113,92.1875,499.94
910,0.275050,95.3125,629.89
911,0.073732,98.4375,502.05
912,0.072482,98.4375,581.41
913,0.092568,96.8750,498.42
914,0.083232,95.3125,557.88
915,0.115398,95.3125,516.25
916,0.057627,96.8750,586.09
917,0.227085,95.3125,505.72
918,0.183174,95.3125,582.95
919,0.135936,93.7500,502.57
920,0.096559,96.8750,528.85
921,0.049822,96.8750,559.70
922,0.091408,96.8750,565.37
923,0.092605,95.3125,502.46
924,0.151687,96.8750,505.51
925,0.054367,100.0000,637.75
926,0.091106,98.4375,508.46
927,0.249978,93.7500,547.89
928,0.248628,92.1875,592.40
929,0.145794,93.7500,496.27
930,0.162226,92.1875,533.24
931,0.070369,98.4375,552.18
932,0.123264,95.3125,505.38
933,0.044936,98.4375,644.92
934,0.182418,93.7500,498.39
935,0.063966,98.4375,579.57
936,0.047114,98.4375,497.95
937,0.136262,93.7500,585.14
938,0.086599,95.3125,501.73
939,0.129317,93.7500,573.96
940,0.235585,90.6250,495.48
941,0.079048,95.3125,499.83
942,0.165806,96.8750,610.75
943,0.122648,92.1875,507.25
944,0.100057,98.4375,607.36
945,0.034252,100.0000,510.88
946,0.026159,100.0000,568.45
947,0.055174,100.0000,503.42
948,0.071716,98.4375,548.84
949,0.237949,95.3125,502.87
950,0.112800,96.8750,545.07
951,0.141144,95.3125,495.32
952,0.070576,96.8750,502.33
953,0.106153,93.7500,582.39
954,0.063046,98.4375,501.36
955,0.154395,93.7500,635.24
956,0.282014,95.3125,497.58
957,0.078775,98.4375,626.09
958,0.071438,98.4375,497.39
959,0.190572,92.1875,528.07
960,0.285022,90.6250,563.48
961,0.118230,95.3125,500.68
962,0.092609,96.8750,599.66
963,0.140262,92.1875,536.81
964,0.139546,93.7500,549.23
965,0.043669,98.4375,503.02
966,0.165716,95.3125,636.71
967,0.122256,96.8750,502.86
968,0.041898,98.4375,636.38
969,0.137931,95.3125,501.88
970,0.112891,96.8750,576.58
971,0.138718,95.3125,502.09
972,0.151484,95.3125,552.19
973,0.269360,90.6250,518.12
974,0.250824,90.6250,499.81
975,0.068106,96.8750,653.51
976,0.201956,92.1875,500.70
977,0.226399,90.6250,572.88
978,0.187321,93.7500,498.24
979,0.201114,90.6250,638.55
980,0.083911,96.8750,500.80
981,0.232598,93.7500,531.54
982,0.138598,92.1875,561.20
983,0.109608,95.3125,544.28
984,0.116711,96.8750,530.22
985,0.072740,96.8750,496.72
986,0.125115,96.8750,608.80
987,0.138752,95.3125,501.76
988,0.209476,89.0625,565.08
989,0.028263,100.0000,499.41
990,0.114764,96.8750,574.69
991,0.082776,96.8750,501.31
992,0.101733,95.3125,564.98
993,0.110321,95.3125,499.34
994,0.043639,100.0000,498.95
995,0.146933,95.3125,603.44
996,0.166366,92.1875,526.03
997,0.154126,93.7500,562.13
998,0.132456,95.3125,541.71
999,0.084007,96.8750,526.23
1000,0.247839,89.0625,515.84
1001,0.070703,95.3125,568.50
1002,0.331811,87.5000,500.94
1003,0.243504,89.0625,564.81
1004,0.135737,95.3125,507.36
1005,0.210638,93.7500,500.74
1006,0.198931,93.7500,660.45
1007,0.217695,93.7500,499.58
1008,0.140388,95.3125,588.36
1009,0.119951,95.3125,501.77
1010,0.083083,96.8750,576.76
1011,0.170583,92.1875,500.35
1012,0.249650,92.1875,526.96
1013,0.139531,92.1875,567.10
1014,0.097966,96.8750,557.60
1015,0.160849,95.3125,495.57
1016,0.111832,96.8750,566.36
1017,0.168330,92.1875,497.92
1018,0.323077,93.7500,495.66
1019,0.204427,92.1875,609.16
1020,0.181432,90.6250,507.02
1021,0.084795,96.8750,637.03
1022,0.112375,95.3125,499.25
1023,0.107649,96.8750,631.38
1024,0.160892,93.7500,494.66
1025,0.062011,96.8750,572.48
1026,0.110851,96.8750,501.32
1027,0.082238,98.4375,563.85
1028,0.075800,96.8750,513.80
1029,0.021179,100.0000,495.70
1030,0.124174,96.8750,614.90
1031,0.090216,96.8750,498.33
1032,0.103444,96.8750,551.78
1033,0.275843,87.5000,515.15
1034,0.168140,95.3125,497.33
1035,0.081901,98.4375,593.42
1036,0.102210,98.4375,491.19
1037,0.242978,90.6250,603.74
1038,0.147875,96.8750,495.87
1039,0.123943,92.1875,581.87
1040,0.174246,92.1875,502.60
1041,0.061777,98.4375,575.26
1042,0.039512,100.0000,507.72
1043,0.130220,95.3125,578.68
1044,0.139102,95.3125,502.87
1045,0.104939,93.7500,585.66
1046,0.297130,90.6250,505.86
1047,0.166873,93.7500,534.34
1048,0.089770,96.8750,575.54
1049,0.048613,98.4375,501.73
1050,0.169637,92.1875,603.39
1051,0.186257,93.7500,503.12
1052,0.106619,93.7500,553.92
1053,0.254888,92.1875,499.62
1054,0.119678,95.3125,549.06
1055,0.090952,95.3125,501.92
1056,0.050136,98.4375,594.53
1057,0.057361,98.4375,495.93
1058,0.048821,98.4375,501.68
1059,0.066363,96.8750,620.28
1060,0.223217,93.7500,500.42
1061,0.121387,95.3125,555.34
1062,0.090170,98.4375,500.21
1063,0.135174,96.8750,500.65
1064,0.055394,100.0000,602.05
1065,0.094615,96.8750,507.17
1066,0.216403,95.3125,627.69
1067,0.088701,98.4375,498.56
1068,0.147165,93.7500,600.98
1069,0.094988,98.4375,503.00
1070,0.146043,95.3125,589.07
1071,0.073613,98.4375,499.52
1072,0.066293,96.8750,649.32
1073,0.055123,96.8750,506.48
1074,0.122390,95.3125,597.76
1075,0.127190,96.8750,504.17
1076,0.213421,95.3125,584.27
1077,0.057541,96.8750,500.58
1078,0.177901,92.1875,502.42
1079,0.097158,95.3125,595.80
1080,0.131001,93.7500,497.98
1081,0.081846,98.4375,559.43
1082,0.167844,96.8750,518.36
1083,0.362757,89.0625,513.73
1084,0.131579,95.3125,599.06
1085,0.132201,96.8750,509.03
1086,0.187002,93.7500,578.20
1087,0.092964,98.4375,504.49
1088,0.113418,96.8750,501.48
1089,0.057019,96.8750,624.03
1090,0.084903,98.4375,493.49
1091,0.083287,96.8750,599.52
1092,0.124073,92.1875,491.91
1093,0.068098,96.8750,562.11
1094,0.103654,96.8750,495.00
1095,0.038891,100.0000,491.27
1096,0.140049,92.1875,587.92
1097,0.126263,95.3125,520.45
1098,0.156883,93.7500,543.12
1099,0.125048,96.8750,491.88
1100,0.210363,95.3125,641.40
1101,0.151824,90.6250,490.43
1102,0.098007,96.8750,560.89
1103,0.072971,98.4375,498.96
1104,0.075461,98.4375,543.86
1105,0.087087,95.3125,529.15
1106,0.166490,92.1875,501.63
1107,0.080247,98.4375,587.15
1108,0.092657,98.4375,503.85
1109,0.100221,95.3125,568.82
1110,0.144016,96.8750,506.04
1111,0.111631,96.8750,560.72
1112,0.144436,96.8750,501.54
1113,0.208702,92.1875,570.11
1114,0.080697,96.8750,498.77
1115,0.102199,96.8750,536.10
1116,0.222577,92.1875,560.52
1117,0.166475,93.7500,498.59
1118,0.094072,96.8750,597.11
1119,0.143433,93.7500,501.66
1120,0.089871,96.8750,637.42
1121,0.167437,93.7500,504.77
1122,0.201280,92.1875,614.72
1123,0.190060,92.1875,524.24
1124,0.103765,95.3125,581.44
1125,0.264461,92.1875,513.05
1126,0.132571,96.8750,591.91
1127,0.356128,85.9375,500.74
1128,0.158933,93.7500,583.50
1129,0.056906,98.4375,504.60
1130,0.028475,100.0000,560.07
1131,0.155942,92.1875,504.35
1132,0.129154,92.1875,559.55
1133,0.142311,93.7500,500.30
1134,0.206148,92.1875,567.50
1135,0.025666,100.0000,496.38
1136,0.206263,92.1875,560.39
1137,0.189847,93.7500,497.12
1138,0.069111,98.4375,546.73
1139,0.180198,90.6250,504.69
1140,0.150217,92.1875,583.94
1141,0.108519,96.8750,504.83
1142,0.153517,96.8750,505.67
1143,0.269657,90.6250,601.75
1144,0.138843,95.3125,500.14
1145,0.156445,92.1875,619.97
1146,0.188447,87.5000,550.14
1147,0.131398,96.8750,550.15
1148,0.170749,92.1875,551.50
1149,0.083381,96.8750,545.75
1150,0.232553,92.1875,497.65
1151,0.103307,95.3125,600.36
1152,0.136306,92.1875,505.02
1153,0.137663,96.8750,596.70
1154,0.092109,93.7500,498.81
1155,0.150479,96.8750,532.03
1156,0.149089,95.3125,551.76
1157,0.283867,90.6250,505.07
1158,0.255249,93.7500,607.92
1159,0.175532,95.3125,504.53
1160,0.148478,96.8750,540.27
1161,0.068691,98.4375,557.59
1162,0.136843,92.1875,560.33
1163,0.172141,92.1875,502.32
1164,0.124450,95.3125,501.18
1165,0.096476,95.3125,583.91
1166,0.072561,98.4375,501.82
1167,0.259228,90.6250,548.16
1168,0.070511,96.8750,553.47
1169,0.058753,98.4375,533.11
1170,0.201774,95.3125,557.04
1171,0.106045,95.3125,502.60
1172,0.145350,93.7500,642.29
1173,0.217159,92.1875,501.29
1174,0.158457,95.3125,647.58
1175,0.197448,93.7500,501.14
1176,0.082840,98.4375,613.12
1177,0.150128,92.1875,499.05
1178,0.209339,95.3125,554.34
1179,0.228732,92.1875,499.48
1180,0.079181,100.0000,493.98
1181,0.122696,95.3125,595.43
1182,0.113419,95.3125,494.74
1183,0.166184,93.7500,603.90
1184,0.148022,92.1875,490.38
1185,0.104756,96.8750,611.93
1186,0.137795,93.7500,491.75
1187,0.111206,96.8750,545.48
1188,0.077823,96.8750,547.09
1189,0.147497,95.3125,496.88
1190,0.095789,96.8750,564.67
1191,0.049183,100.0000,498.78
1192,0.119797,96.8750,498.05
1193,0.107064,95.3125,589.51
1194,0.225880,93.7500,503.03
1195,0.031937,100.0000,550.21
1196,0.147319,96.8750,532.31
1197,0.086036,96.8750,503.57
1198,0.080181,98.4375,639.33
1199,0.104992,96.8750,501.64
1200,0.126508,92.1875,624.51
1201,0.034072,100.0000,505.90
1202,0.092256,98.4375,622.17
1203,0.037167,100.0000,520.79
1204,0.216695,92.1875,590.17
1205,0.051098,100.0000,504.42
1206,0.119902,93.7500,560.39
1207,0.105028,95.3125,502.58
1208,0.020867,100.0000,507.30
1209,0.064318,98.4375,633.32
1210,0.148986,96.8750,502.95
1211,0.098033,92.1875,530.89
1212,0.078734,96.8750,550.55
1213,0.139304,95.3125,532.26
1214,0.169540,96.8750,558.66
1215,0.216747,92.1875,500.81
1216,0.152163,96.8750,564.30
1217,0.099982,95.3125,499.66
1218,0.030127,100.0000,498.75
1219,0.212046,93.7500,619.43
1220,0.215833,90.6250,497.01
1221,0.064115,100.0000,634.79
1222,0.179716,92.1875,501.06
1223,0.087930,96.8750,558.01
1224,0.099312,95.3125,496.32
1225,0.086389,98.4375,500.47
1226,0.041774,98.4375,652.71
1227,0.189966,93.7500,501.84
1228,0.134485,95.3125,571.63
1229,0.119617,96.8750,496.06
1230,0.152132,93.7500,496.27
1231,0.167312,98.4375,625.11
1232,0.130142,95.3125,499.68
1233,0.267836,89.0625,547.74
1234,0.176809,90.6250,539.70
1235,0.125375,98.4375,494.89
1236,0.084415,96.8750,583.34
1237,0.183015,93.7500,499.93
1238,0.232475,92.1875,580.99
1239,0.059333,98.4375,499.79
1240,0.171830,92.1875,565.18
1241,0.108945,95.3125,508.26
1242,0.227113,92.1875,550.85
1243,0.166851,92.1875,527.17
1244,0.074736,96.8750,496.24
1245,0.053929,96.8750,619.72
1246,0.082956,98.4375,497.10
1247,0.160201,93.7500,557.68
1248,0.115413,93.7500,497.71
1249,0.167612,92.1875,510.73
1250,0.060567,96.8750,574.85
1251,0.053678,96.8750,530.32
1252,0.191751,95.3125,549.90
1253,0.247439,95.3125,561.27
1254,0.102470,95.3125,543.33
1255,0.188292,93.7500,514.46
1256,0.151250,93.7500,572.53
1257,0.143094,93.7500,530.29
1258,0.134163,95.3125,562.41
1259,0.153650,93.7500,554.61
1260,0.106631,95.3125,499.52
1261,0.066619,98.4375,495.65
1262,0.089550,96.8750,617.40
1263,0.036870,98.4375,498.42
1264,0.093000,95.3125,575.35
1265,0.139705,92.1875,497.10
1266,0.144504,96.8750,529.11
1267,0.189602,93.7500,563.93
1268,0.177954,93.7500,502.27
1269,0.040798,98.4375,576.36
1270,0.176049,92.1875,496.32
1271,0.133091,95.3125,584.35
1272,0.144841,96.8750,497.83
1273,0.120494,95.3125,545.02
1274,0.151300,93.7500,499.58
1275,0.096592,96.8750,586.27
1276,0.060155,96.8750,498.12
1277,0.061390,98.4375,499.89
1278,0.117379,95.3125,602.57
1279,0.110114,92.1875,545.63
1280,0.102709,96.8750,530.15
1281,0.209382,93.7500,500.24
1282,0.159515,96.8750,580.30
1283,0.373133,87.5000,499.71
1284,0.112769,96.8750,553.28
1285,0.142203,95.3125,500.37
1286,0.044595,100.0000,501.34
1287,0.307277,92.1875,636.95
1288,0.151527,93.7500,496.30
1289,0.136746,95.3125,602.42
1290,0.105493,93.7500,500.74
1291,0.185336,93.7500,569.24
1292,0.054307,98.4375,495.55
1293,0.131465,96.8750,524.89
1294,0.239492,95.3125,568.17
1295,0.274029,92.1875,499.83
1296,0.154406,95.3125,618.60
1297,0.083984,98.4375,496.31
1298,0.141586,95.3125,548.88
1299,0.231421,92.1875,500.25
1300,0.065002,98.4375,580.12
1301,0.152681,95.3125,498.59
1302,0.096624,95.3125,496.83
1303,0.226846,92.1875,619.77
1304,0.060876,96.8750,499.69
1305,0.198221,92.1875,606.04
1306,0.114826,98.4375,535.64
1307,0.039119,100.0000,571.95
1308,0.232173,95.3125,498.89
1309,0.250378,89.0625,658.77
1310,0.147811,96.8750,501.90
1311,0.034883,100.0000,530.98
1312,0.103033,95.3125,567.06
1313,0.180993,92.1875,499.09
1314,0.238331,93.7500,636.68
1315,0.090703,96.8750,510.44
1316,0.125118,95.3125,554.27
1317,0.160546,92.1875,540.61
1318,0.108118,95.3125,499.59
1319,0.112523,93.7500,647.81
1320,0.137087,95.3125,496.75
1321,0.067170,96.8750,610.57
1322,0.122525,95.3125,498.03
1323,0.184337,93.7500,632.14
1324,0.155035,93.7500,498.43
1325,0.105419,98.4375,592.40
1326,0.092088,95.3125,499.83
1327,0.133861,95.3125,636.65
1328,0.209105,87.5000,498.85
1329,0.200468,92.1875,610.03
1330,0.177057,95.3125,498.50
1331,0.204992,90.6250,637.13
1332,0.069099,96.8750,498.84
1333,0.031959,100.0000,560.67
1334,0.083461,98.4375,495.92
1335,0.126544,96.8750,529.42
1336,0.033026,100.0000,563.81
1337,0.037054,100.0000,548.00
1338,0.228967,93.7500,544.78
1339,0.189347,90.6250,560.59
1340,0.103927,96.8750,495.33
1341,0.110504,95.3125,497.22
1342,0.077213,95.3125,606.54
1343,0.118424,96.8750,497.22
1344,0.201936,95.3125,614.09
1345,0.078111,98.4375,505.58
1346,0.112567,96.8750,587.30
1347,0.146093,95.3125,494.09
1348,0.083118,95.3125,552.03
1349,0.023900,100.0000,530.94
1350,0.127559,95.3125,558.39
1351,0.083824,98.4375,504.76
1352,0.073066,95.3125,498.94
1353,0.054137,96.8750,656.55
1354,0.125344,95.3125,499.73
1355,0.060688,98.4375,599.69
1356,0.029496,100.0000,497.20
1357,0.079070,95.3125,568.92
1358,0.140731,95.3125,516.62
1359,0.123436,96.8750,499.41
1360,0.136125,95.3125,591.35
1361,0.078374,96.8750,499.28
1362,0.133735,95.3125,580.85
1363,0.049743,98.4375,505.86
1364,0.039674,96.8750,621.10
1365,0.126280,93.7500,500.98
1366,0.201723,90.6250,547.38
1367,0.153423,98.4375,509.95
1368,0.112594,96.8750,496.80
1369,0.087885,98.4375,619.62
1370,0.128037,96.8750,500.63
1371,0.061384,96.8750,626.46
1372,0.050013,100.0000,495.91
1373,0.105218,93.7500,547.26
1374,0.115063,95.3125,541.45
1375,0.059728,98.4375,562.55
1376,0.087559,96.8750,496.82
1377,0.101459,95.3125,496.29
1378,0.251261,90.6250,575.95
1379,0.218847,93.7500,495.85
1380,0.105803,93.7500,592.02
1381,0.256192,93.7500,494.40
1382,0.183942,90.6250,526.63
1383,0.143180,96.8750,563.59
1384,0.091775,98.4375,494.42
1385,0.192727,92.1875,604.08
1386,0.062815,98.4375,517.36
1387,0.069515,98.4375,579.13
1388,0.068098,98.4375,550.69
1389,0.205321,92.1875,546.93
1390,0.040738,100.0000,522.72
1391,0.035158,98.4375,555.79
1392,0.097656,95.3125,497.38
1393,0.144215,92.1875,647.78
1394,0.083384,96.8750,499.19
1395,0.075120,96.8750,626.65
1396,0.154154,92.1875,495.28
1397,0.175378,90.6250,593.41
1398,0.106909,96.8750,494.78
1399,0.108918,93.7500,501.43
1400,0.117382,95.3125,590.72
1401,0.077264,96.8750,498.92
1402,0.133420,96.8750,580.20
1403,0.092127,98.4375,497.11
1404,0.172457,90.6250,498.36
1405,0.185151,90.6250,618.02
1406,0.070753,98.4375,499.79
1407,0.291410,96.8750,559.52
1408,0.187636,90.6250,499.33
1409,0.066739,100.0000,592.45
1410,0.130234,95.3125,493.14
1411,0.033356,98.4375,641.07
1412,0.043684,100.0000,495.88
1413,0.230883,90.6250,569.63
1414,0.079651,96.8750,521.36
1415,0.124654,95.3125,501.26
1416,0.143288,92.1875,635.28
1417,0.100676,95.3125,500.41
1418,0.179017,92.1875,571.76
1419,0.078832,96.8750,503.30
1420,0.097542,96.8750,548.80
1421,0.032320,100.0000,527.18
1422,0.074176,95.3125,518.80
1423,0.044066,100.0000,564.29
1424,0.042165,100.0000,497.18
1425,0.099096,95.3125,604.38
1426,0.151688,93.7500,497.98
1427,0.095317,96.8750,585.23
1428,0.175635,95.3125,498.07
1429,0.109513,95.3125,639.10
1430,0.189205,96.8750,504.03
1431,0.095898,95.3125,544.89
1432,0.149457,92.1875,517.76
1433,0.099116,95.3125,500.24
1434,0.097217,98.4375,578.15
1435,0.154411,93.7500,499.28
1436,0.127502,93.7500,495.46
1437,0.090571,98.4375,614.88
1438,0.068657,96.8750,496.17
1439,0.126036,95.3125,648.14
1440,0.245162,92.1875,504.95
1441,0.065421,96.8750,616.49
1442,0.086482,96.8750,498.31
1443,0.047845,98.4375,653.71
1444,0.102028,98.4375,498.04
1445,0.129172,93.7500,590.84
1446,0.132755,92.1875,499.80
1447,0.103630,96.8750,536.26
1448,0.128374,95.3125,578.62
1449,0.146940,93.7500,505.10
1450,0.160748,93.7500,609.39
1451,0.089394,96.8750,499.32
1452,0.167634,89.0625,624.04
1453,0.199797,92.1875,498.83
1454,0.137237,95.3125,560.73
1455,0.108003,95.3125,502.53
1456,0.062780,98.4375,498.91
1457,0.189028,90.6250,582.94
1458,0.087203,96.8750,499.29
1459,0.115012,95.3125,646.31
1460,0.087987,98.4375,496.92
1461,0.077948,96.8750,633.51
1462,0.153908,93.7500,508.88
1463,0.082950,96.8750,635.00
1464,0.082768,100.0000,506.82
1465,0.052006,100.0000,593.37
1466,0.150998,95.3125,500.98
1467,0.073355,98.4375,623.68
1468,0.158131,93.7500,498.69
1469,0.088557,95.3125,544.93
1470,0.188240,92.1875,534.03
1471,0.097229,93.7500,557.46
1472,0.102301,95.3125,500.88
1473,0.212692,90.6250,497.95
1474,0.169075,93.7500,642.91
1475,0.041502,98.4375,499.36
1476,0.140662,93.7500,568.30
1477,0.085585,98.4375,502.66
1478,0.083455,98.4375,536.59
1479,0.086184,98.4375,550.64
1480,0.117587,95.3125,496.06
1481,0.056818,98.4375,637.62
1482,0.128438,93.7500,533.32
1483,0.064034,98.4375,542.36
1484,0.175223,96.8750,563.46
1485,0.163580,90.6250,495.56
1486,0.109487,95.3125,494.57
1487,0.064137,98.4375,633.99
1488,0.093834,96.8750,497.70
1489,0.037432,98.4375,525.28
1490,0.223457,92.1875,549.96
1491,0.058804,98.4375,497.43
1492,0.080706,96.8750,549.62
1493,0.210256,90.6250,496.07
1494,0.040374,98.4375,551.77
1495,0.038513,98.4375,506.80
1496,0.077877,96.8750,496.10
1497,0.172566,95.3125,622.99
1498,0.069070,96.8750,504.31
1499,0.074793,96.8750,616.23
1500,0.119971,96.8750,496.05
1501,0.159354,93.7500,526.93
1502,0.117165,95.3125,551.62
1503,0.157755,95.3125,548.20
1504,0.155884,93.7500,547.42
1505,0.097046,95.3125,504.63
1506,0.096728,96.8750,584.63
1507,0.068607,96.8750,545.95
1508,0.085153,96.8750,541.25
1509,0.068685,96.8750,506.23
1510,0.088064,96.8750,587.13
1511,0.035619,98.4375,527.87
1512,0.263934,89.0625,560.25
1513,0.073721,95.3125,499.95
1514,0.175712,95.3125,600.88
1515,0.176432,92.1875,504.42
1516,0.086239,96.8750,499.19
1517,0.042083,100.0000,593.12
1518,0.171703,92.1875,501.46
1519,0.150313,93.7500,555.68
1520,0.082816,98.4375,505.14
1521,0.309374,90.6250,518.12
1522,0.075974,95.3125,582.72
1523,0.115924,95.3125,578.10
1524,0.099258,96.8750,516.62
1525,0.186547,92.1875,524.20
1526,0.137582,93.7500,585.60
1527,0.236388,89.0625,506.17
1528,0.144530,95.3125,588.10
1529,0.080859,93.7500,507.07
1530,0.128934,93.7500,649.09
1531,0.054477,100.0000,499.73
1532,0.187476,96.8750,614.43
1533,0.213531,95.3125,500.42
1534,0.065908,96.8750,572.66
1535,0.205952,93.7500,510.14
1536,0.165593,95.3125,610.67
1537,0.133286,96.8750,497.17
1538,0.113034,93.7500,595.89
1539,0.150670,93.7500,498.80
1540,0.093909,96.8750,536.23
1541,0.119480,92.1875,564.59
1542,0.124717,95.3125,497.74
1543,0.250658,93.7500,639.57
1544,0.180027,90.6250,498.92
1545,0.204664,92.1875,548.71
1546,0.142674,95.3125,525.05
1547,0.118287,95.3125,505.49
1548,0.332523,90.6250,585.85
1549,0.108482,96.8750,496.60
1550,0.115870,98.4375,654.84
1551,0.089822,95.3125,503.34
1552,0.141286,95.3125,497.46
1553,0.122339,96.8750,601.91
1554,0.275719,87.5000,506.92
1555,0.035168,100.0000,642.95
1556,0.182787,95.3125,500.48
1557,0.028492,100.0000,582.17
1558,0.105905,95.3125,501.41
1559,0.159167,93.7500,499.86
1560,0.131681,93.7500,601.47
1561,0.072477,98.4375,495.92
1562,0.184332,92.1875,595.88
1563,0.099136,96.8750,501.28
1564,0.103915,96.8750,511.45
1565,0.103453,95.3125,593.21
1566,0.164676,95.3125,498.14
1567,0.112849,95.3125,563.08
1568,0.170822,93.7500,496.17
1569,0.157242,96.8750,497.93
1570,0.083969,98.4375,602.88
1571,0.165106,96.8750,539.57
1572,0.161882,95.3125,629.46
1573,0.162936,96.8750,527.36
1574,0.163549,95.3125,553.43
1575,0.156255,93.7500,499.02
1576,0.127892,95.3125,575.34
1577,0.258102,92.1875,495.58
1578,0.173372,93.7500,571.43
1579,0.107657,95.3125,494.54
1580,0.061030,96.8750,552.99
1581,0.271377,89.0625,528.43
1582,0.257582,92.1875,499.13
1583,0.197744,90.6250,590.66
1584,0.035330,98.4375,501.53
1585,0.030791,100.0000,537.78
1586,0.136546,93.7500,560.71
1587,0.052480,100.0000,497.09
1588,0.085754,98.4375,602.55
1589,0.080014,96.8750,496.16
1590,0.347267,89.0625,625.00
1591,0.143781,93.7500,498.78
1592,0.194316,95.3125,627.47
1593,0.128713,98.4375,497.57
1594,0.117347,93.7500,617.93
1595,0.091801,96.8750,502.25
1596,0.316922,93.7500,548.44
1597,0.115298,95.3125,514.42
1598,0.045517,98.4375,498.25
1599,0.061754,98.4375,599.18
1600,0.097812,96.8750,502.75
1601,0.178394,92.1875,554.11
1602,0.084587,98.4375,503.21
1603,0.077557,96.8750,494.65
1604,0.081671,95.3125,602.67
1605,0.076607,98.4375,498.37
1606,0.101867,95.3125,497.66
1607,0.202274,93.7500,600.74
1608,0.126849,93.7500,552.86
1609,0.056602,98.4375,549.50
1610,0.090509,95.3125,501.35
1611,0.042114,98.4375,641.79
1612,0.090480,96.8750,500.02
1613,0.218556,92.1875,582.90
1614,0.125061,98.4375,499.44
1615,0.086755,95.3125,501.10
1616,0.205452,92.1875,601.46
1617,0.071569,98.4375,499.17
1618,0.093482,96.8750,580.53
1619,0.125797,95.3125,497.93
1620,0.095583,96.8750,556.52
1621,0.118553,93.7500,521.36
1622,0.070638,96.8750,500.35
1623,0.087617,98.4375,589.03
1624,0.170477,95.3125,495.79
1625,0.031521,100.0000,563.61
1626,0.160379,93.7500,503.66
1627,0.081182,96.8750,541.50
1628,0.112278,95.3125,538.17
1629,0.217224,90.6250,498.70
1630,0.146055,96.8750,622.15
1631,0.067214,96.8750,495.90
1632,0.094982,95.3125,598.29
1633,0.065897,98.4375,496.56
1634,0.164390,92.1875,579.08
1635,0.109788,96.8750,503.99
1636,0.120222,96.8750,502.06
1637,0.072627,96.8750,602.64
1638,0.078172,95.3125,501.12
1639,0.080955,98.4375,551.21
1640,0.204299,89.0625,520.75
1641,0.108652,96.8750,568.09
1642,0.073314,98.4375,494.56
1643,0.168887,93.7500,496.80
1644,0.100346,98.4375,569.80
1645,0.129753,96.8750,502.10
1646,0.148231,92.1875,586.55
1647,0.126892,96.8750,501.37
1648,0.051361,98.4375,497.97
1649,0.112639,96.8750,647.90
1650,0.067981,98.4375,503.50
1651,0.074173,98.4375,579.43
1652,0.047300,100.0000,499.04
1653,0.106197,95.3125,502.49
1654,0.042520,98.4375,647.17
1655,0.079219,96.8750,500.20
1656,0.189908,93.7500,538.67
1657,0.052244,98.4375,564.26
1658,0.098104,96.8750,502.15
1659,0.124276,95.3125,588.09
1660,0.064916,98.4375,497.81
1661,0.103239,95.3125,498.62
1662,0.209760,92.1875,614.37
1663,0.147373,93.7500,501.44
1664,0.186765,92.1875,547.49
1665,0.161958,95.3125,518.96
1666,0.070049,96.8750,544.87
1667,0.043576,100.0000,543.07
1668,0.137644,93.7500,502.73
1669,0.116584,96.8750,591.59
1670,0.067969,98.4375,494.45
1671,0.190141,93.7500,554.21
1672,0.085991,96.8750,495.89
1673,0.052731,96.8750,580.08
1674,0.047202,98.4375,495.27
1675,0.192872,92.1875,578.24
1676,0.059601,96.8750,492.66
1677,0.116781,95.3125,497.17
1678,0.087738,96.8750,610.69
1679,0.055254,98.4375,495.13
1680,0.100698,96.8750,539.01
1681,0.092256,98.4375,527.95
1682,0.156308,95.3125,500.43
1683,0.062133,96.8750,627.87
1684,0.157284,96.8750,498.83
1685,0.153847,95.3125,567.72
1686,0.145837,96.8750,495.17
1687,0.127315,95.3125,491.91
1688,0.049074,98.4375,580.24
1689,0.208644,89.0625,496.51
1690,0.118782,96.8750,522.93
1691,0.181086,95.3125,565.27
1692,0.081391,96.8750,501.30
1693,0.236894,90.6250,599.72
1694,0.136097,93.7500,505.53
1695,0.189804,95.3125,607.00
1696,0.069070,98.4375,502.81
1697,0.070981,96.8750,573.03
1698,0.172441,92.1875,499.87
1699,0.111259,95.3125,590.34
1700,0.094669,95.3125,497.06
1701,0.146987,95.3125,620.29
1702,0.151877,95.3125,496.79
1703,0.205450,92.1875,553.79
1704,0.171926,93.7500,505.46
1705,0.092902,98.4375,582.51
1706,0.047043,100.0000,503.01
1707,0.067865,100.0000,542.03
1708,0.252811,89.0625,521.62
1709,0.280762,92.1875,500.23
1710,0.016845,100.0000,638.45
1711,0.110648,93.7500,501.57
1712,0.068335,98.4375,577.01
1713,0.143899,95.3125,502.89
1714,0.338069,89.0625,582.70
1715,0.031509,100.0000,500.34
1716,0.125133,95.3125,546.41
1717,0.056782,96.8750,515.47
1718,0.238341,92.1875,496.62
1719,0.223053,93.7500,598.25
1720,0.053932,100.0000,504.90
1721,0.279086,89.0625,640.30
1722,0.092526,95.3125,494.79
1723,0.203679,92.1875,587.80
1724,0.269676,96.8750,530.41
1725,0.144120,95.3125,558.67
1726,0.113125,96.8750,553.96
1727,0.073777,96.8750,516.44
1728,0.058007,96.8750,496.75
1729,0.163084,95.3125,616.20
1730,0.080607,96.8750,500.16
1731,0.128157,96.8750,563.63
1732,0.196401,89.0625,498.81
1733,0.167911,93.7500,585.67
1734,0.093649,98.4375,497.33
1735,0.148765,93.7500,514.35
1736,0.251149,93.7500,584.23
1737,0.150119,96.8750,564.38
1738,0.128102,96.8750,515.61
1739,0.079828,95.3125,505.95
1740,0.105154,93.7500,621.10
1741,0.137327,92.1875,502.04
1742,0.101876,95.3125,581.98
1743,0.063117,98.4375,497.93
1744,0.174753,93.7500,524.73
1745,0.041474,100.0000,557.62
1746,0.167246,93.7500,539.20
1747,0.166208,96.8750,558.72
1748,0.134205,96.8750,503.21
1749,0.090970,95.3125,645.75
1750,0.119813,93.7500,526.66
1751,0.127720,95.3125,560.72
1752,0.058416,98.4375,561.36
1753,0.137948,95.3125,495.56
1754,0.137933,95.3125,550.46
1755,0.320641,89.0625,502.18
1756,0.076904,98.4375,565.04
1757,0.050594,100.0000,506.11
1758,0.030954,98.4375,501.60
1759,0.081953,98.4375,634.41
1760,0.207904,90.6250,499.59
1761,0.071897,96.8750,634.45
1762,0.109744,95.3125,503.37
1763,0.038120,100.0000,546.21
1764,0.143229,90.6250,544.19
1765,0.170716,93.7500,546.88
1766,0.080946,95.3125,526.86
1767,0.195778,92.1875,559.81
1768,0.072496,98.4375,499.65
1769,0.124410,96.8750,582.07
1770,0.094920,95.3125,515.36
1771,0.143378,93.7500,589.58
1772,0.198576,92.1875,502.22
1773,0.148687,93.7500,539.47
1774,0.200790,93.7500,526.87
1775,0.110932,93.7500,561.30
1776,0.169545,93.7500,507.25
1777,0.016649,100.0000,497.28
1778,0.198247,90.6250,639.44
1779,0.171412,93.7500,501.94
1780,0.119727,92.1875,625.49
1781,0.045549,98.4375,498.09
1782,0.105381,95.3125,560.48
1783,0.166266,95.3125,504.74
1784,0.168045,92.1875,569.35
1785,0.090378,98.4375,501.72
1786,0.118082,96.8750,580.64
1787,0.153433,95.3125,498.34
1788,0.042375,98.4375,575.16
1789,0.073325,96.8750,496.83
1790,0.085059,96.8750,547.48
1791,0.116860,95.3125,519.48
1792,0.026353,100.0000,497.84
1793,0.056571,98.4375,603.01
1794,0.045879,98.4375,499.93
1795,0.196988,93.7500,598.97
1796,0.074421,96.8750,496.73
1797,0.161503,93.7500,496.63
1798,0.047532,98.4375,594.69
1799,0.215299,92.1875,502.56
1800,0.151688,93.7500,647.40
1801,0.070351,96.8750,499.09
1802,0.054261,98.4375,556.55
1803,0.085856,93.7500,519.78
1804,0.131485,95.3125,496.57
1805,0.098947,98.4375,573.74
1806,0.092736,96.8750,499.85
1807,0.214432,93.7500,494.87
1808,0.228233,90.6250,594.38
1809,0.108635,96.8750,546.19
1810,0.181648,92.1875,549.52
1811,0.192450,95.3125,559.60
1812,0.033528,98.4375,495.16
1813,0.161793,90.6250,497.77
1814,0.122188,93.7500,600.83
1815,0.040252,100.0000,497.07
1816,0.126259,96.8750,639.19
1817,0.125316,95.3125,497.84
1818,0.101374,95.3125,645.66
1819,0.091303,96.8750,498.07
1820,0.096062,98.4375,562.64
1821,0.130045,95.3125,497.81
1822,0.146244,95.3125,500.83
1823,0.249758,92.1875,623.19
1824,0.046535,96.8750,498.10
1825,0.161972,92.1875,644.00
1826,0.095015,93.7500,496.52
1827,0.074390,96.8750,550.50
1828,0.066432,98.4375,518.73
1829,0.135325,95.3125,542.65
1830,0.073928,96.8750,530.01
1831,0.040500,100.0000,507.14
1832,0.123380,96.8750,596.29
1833,0.091353,98.4375,500.28
1834,0.091967,95.3125,529.25
1835,0.161412,95.3125,556.11
1836,0.069212,95.3125,529.71
1837,0.084305,96.8750,558.25
1838,0.080821,96.8750,489.86
1839,0.109592,98.4375,600.05
1840,0.076929,98.4375,514.48
1841,0.092119,98.4375,604.13
1842,0.064640,96.8750,497.61
1843,0.248656,92.1875,602.35
1844,0.065330,98.4375,500.47
1845,0.092742,93.7500,591.52
1846,0.027781,98.4375,495.91
1847,0.072902,98.4375,549.32
1848,0.134830,95.3125,513.39
1849,0.144401,92.1875,501.79
1850,0.075362,96.8750,625.26
1851,0.157819,90.6250,500.98
1852,0.045717,100.0000,531.35
1853,0.134983,93.7500,542.95
1854,0.109098,98.4375,538.64
1855,0.056687,96.8750,549.90
1856,0.105261,95.3125,517.91
1857,0.038970,98.4375,587.29
1858,0.179026,92.1875,500.97
1859,0.128702,93.7500,632.13
1860,0.050554,98.4375,498.84
1861,0.086822,96.8750,575.95
1862,0.207851,92.1875,505.15
1863,0.088408,96.8750,503.04
1864,0.078560,96.8750,606.46
1865,0.120908,96.8750,531.35
1866,0.036431,98.4375,554.44
1867,0.138373,95.3125,506.59
1868,0.103050,96.8750,574.76
1869,0.041771,98.4375,503.98
1870,0.258456,92.1875,594.05
1871,0.175641,95.3125,499.30
1872,0.137156,90.6250,583.41
1873,0.080861,98.4375,498.86
1874,0.145020,95.3125,533.77
1875,0.173326,92.1875,559.25
1876,0.108068,95.3125,501.83
1877,0.066427,98.4375,620.01
1878,0.126487,95.3125,500.00
1879,0.103831,95.3125,587.57
1880,0.056847,98.4375,498.59
1881,0.034614,98.4375,606.26
1882,0.089405,96.8750,501.23
1883,0.049604,98.4375,631.15
1884,0.082209,98.4375,499.62
1885,0.134235,95.3125,609.42
1886,0.136164,95.3125,501.99
1887,0.132345,96.8750,570.85
1888,0.129756,95.3125,518.88
1889,0.030185,100.0000,500.43
1890,0.089500,95.3125,601.45
1891,0.051058,96.8750,495.86
1892,0.171690,95.3125,588.91
1893,0.143864,95.3125,525.90
1894,0.109328,96.8750,556.24
1895,0.090665,96.8750,500.55
1896,0.109369,96.8750,574.56
1897,0.087023,96.8750,502.20
1898,0.069450,98.4375,598.87
1899,0.178651,90.6250,495.62
1900,0.176765,93.7500,623.29
1901,0.137373,98.4375,497.01
1902,0.149617,92.1875,552.56
1903,0.135619,95.3125,522.55
1904,0.076884,98.4375,550.45
1905,0.183035,92.1875,541.65
1906,0.094654,95.3125,550.19
1907,0.075307,96.8750,496.39
1908,0.083850,96.8750,505.39
1909,0.114486,95.3125,574.80
1910,0.146476,93.7500,562.18
1911,0.137866,92.1875,505.64
1912,0.098635,95.3125,569.90
1913,0.126081,95.3125,490.69
1914,0.072317,96.8750,491.77
1915,0.054810,98.4375,619.02
1916,0.078807,96.8750,487.52
1917,0.140225,93.7500,573.97
1918,0.060676,96.8750,495.56
1919,0.125367,93.7500,575.31
1920,0.126971,95.3125,493.28
1921,0.072447,98.4375,563.89
1922,0.166388,93.7500,494.65
1923,0.393724,87.5000,495.70
1924,0.104078,96.8750,610.13
1925,0.066858,96.8750,519.42
1926,0.038539,98.4375,573.39
1927,0.085710,98.4375,503.82
1928,0.115992,93.7500,587.98
1929,0.112073,95.3125,502.49
1930,0.155314,93.7500,505.08
1931,0.115324,95.3125,653.11
1932,0.128857,96.8750,500.62
1933,0.035020,100.0000,611.57
1934,0.079836,98.4375,499.24
1935,0.094727,95.3125,497.16
1936,0.067325,96.8750,624.89
1937,0.106288,95.3125,495.63
1938,0.095764,96.8750,528.53
1939,0.072497,96.8750,546.00
1940,0.079141,98.4375,545.07
1941,0.107410,93.7500,531.33
1942,0.148150,93.7500,495.64
1943,0.110295,95.3125,581.49
1944,0.129705,93.7500,499.50
1945,0.063429,98.4375,549.59
1946,0.108757,95.3125,532.14
1947,0.091337,95.3125,564.51
1948,0.105649,95.3125,502.25
1949,0.140624,95.3125,498.71
1950,0.038117,98.4375,647.47
1951,0.049011,100.0000,497.80
1952,0.168184,89.0625,590.87
1953,0.074635,98.4375,502.69
1954,0.028568,100.0000,578.81
1955,0.063455,98.4375,505.60
1956,0.083050,98.4375,534.88
1957,0.093420,96.8750,559.28
1958,0.091021,96.8750,557.94
1959,0.098662,93.7500,495.15
1960,0.060640,96.8750,500.52
1961,0.330006,87.5000,594.10
1962,0.108365,96.8750,498.06
1963,0.096177,98.4375,620.64
1964,0.097062,95.3125,497.42
1965,0.041224,96.8750,556.44
1966,0.111007,96.8750,502.38
1967,0.044879,98.4375,498.54
1968,0.119928,95.3125,627.56
1969,0.058342,98.4375,501.95
1970,0.183353,87.5000,662.83
1971,0.097696,95.3125,498.63
1972,0.065837,98.4375,610.72
1973,0.018789,100.0000,502.79
1974,0.194138,90.6250,627.73
1975,0.148612,95.3125,498.36
1976,0.159685,93.7500,548.09
1977,0.033446,100.0000,553.24
1978,0.155965,92.1875,508.61
1979,0.207598,90.6250,606.77
1980,0.038335,100.0000,502.14
1981,0.083514,96.8750,552.50
1982,0.106881,95.3125,527.99
1983,0.055495,96.8750,500.67
1984,0.059476,100.0000,627.40
1985,0.077434,95.3125,497.12
1986,0.077005,95.3125,571.94
1987,0.040720,98.4375,499.72
1988,0.166480,93.7500,497.02
1989,0.078001,98.4375,592.21
1990,0.311307,89.0625,502.39
1991,0.093005,95.3125,577.87
1992,0.041386,96.8750,498.12
1993,0.069019,96.8750,594.29
1994,0.221859,90.6250,496.80
1995,0.123007,95.3125,496.94
1996,0.068694,98.4375,601.17
1997,0.147213,95.3125,501.25
1998,0.176464,93.7500,585.27
1999,0.054796,96.8750,500.34
2000,0.212942,92.1875,646.57
2001,0.133655,95.3125,501.59
2002,0.125165,92.1875,627.93
2003,0.296712,93.7500,499.65
2004,0.037652,98.4375,644.43
2005,0.174124,93.7500,507.95
2006,0.021555,100.0000,548.00
2007,0.101936,96.8750,566.04
2008,0.085553,96.8750,508.30
2009,0.140179,95.3125,587.51
2010,0.091973,96.8750,506.64
2011,0.101342,96.8750,581.36
2012,0.173779,93.7500,497.56
2013,0.082607,96.8750,503.93
2014,0.104463,95.3125,605.19
2015,0.029239,100.0000,508.52
2016,0.124581,90.6250,561.70
2017,0.194843,92.1875,500.36
2018,0.105008,95.3125,505.49
2019,0.128344,95.3125,633.65
2020,0.049797,98.4375,498.62
2021,0.117630,96.8750,580.78
2022,0.087287,95.3125,495.17
2023,0.061322,96.8750,563.43
2024,0.088688,96.8750,496.87
2025,0.037832,100.0000,503.72
2026,0.110044,96.8750,627.56
2027,0.138332,93.7500,505.81
2028,0.221132,92.1875,653.25
2029,0.077696,96.8750,496.58
2030,0.073700,98.4375,577.19
2031,0.069196,95.3125,496.44
2032,0.100325,96.8750,498.49
2033,0.088574,96.8750,631.57
2034,0.092351,96.8750,497.46
2035,0.130977,96.8750,646.91
2036,0.095310,98.4375,498.98
2037,0.182050,95.3125,574.84
2038,0.097768,95.3125,496.94
2039,0.231382,92.1875,549.03
2040,0.068593,98.4375,529.49
2041,0.051933,98.4375,498.52
2042,0.044512,98.4375,609.94
2043,0.172364,95.3125,495.23
2044,0.109650,96.8750,617.64
2045,0.059359,98.4375,495.45
2046,0.052885,98.4375,572.26
2047,0.065879,96.8750,495.63
2048,0.095530,96.8750,556.43
2049,0.045157,100.0000,494.05
2050,0.122838,93.7500,502.97
2051,0.117298,95.3125,583.88
2052,0.296024,87.5000,503.77
2053,0.067094,98.4375,647.21
2054,0.206728,92.1875,501.45
2055,0.041545,98.4375,561.19
2056,0.077118,96.8750,503.81
2057,0.091749,95.3125,560.90
2058,0.170108,95.3125,500.17
2059,0.179374,95.3125,589.64
2060,0.095651,96.8750,501.33
2061,0.047792,100.0000,497.63
2062,0.065103,96.8750,601.42
2063,0.170231,93.7500,498.07
2064,0.046092,96.8750,592.79
2065,0.133349,95.3125,495.15
2066,0.084151,95.3125,614.27
2067,0.070613,96.8750,497.38
2068,0.125643,93.7500,589.31
2069,0.057065,98.4375,504.49
2070,0.047889,96.8750,615.64
2071,0.103778,95.3125,498.60
2072,0.110672,95.3125,586.34
2073,0.233467,93.7500,498.19
2074,0.148703,90.6250,646.94
2075,0.184497,95.3125,494.59
2076,0.105199,96.8750,566.79
2077,0.188629,89.0625,492.98
2078,0.052835,100.0000,503.18
2079,0.074145,96.8750,646.74
2080,0.241219,92.1875,495.99
2081,0.149187,92.1875,547.27
2082,0.102004,92.1875,536.86
2083,0.088091,96.8750,561.17
2084,0.028468,100.0000,497.72
2085,0.153692,92.1875,497.16
2086,0.122071,93.7500,640.69
2087,0.062552,98.4375,496.03
2088,0.104822,95.3125,639.80
2089,0.059955,96.8750,506.71
2090,0.100131,95.3125,571.54
2091,0.188767,92.1875,501.06
2092,0.061919,98.4375,535.20
2093,0.148118,92.1875,561.16
2094,0.036522,98.4375,564.23
2095,0.108012,96.8750,499.35
2096,0.085222,96.8750,511.43
2097,0.044510,100.0000,590.68
2098,0.091218,98.4375,500.10
2099,0.098000,96.8750,582.79
2100,0.138830,93.7500,502.81
2101,0.163784,92.1875,554.60
2102,0.161478,93.7500,504.64
2103,0.057484,98.4375,494.90
2104,0.057038,98.4375,634.93
2105,0.118274,95.3125,494.49
2106,0.055636,98.4375,551.88
2107,0.084026,96.8750,493.01
2108,0.083974,95.3125,538.07
2109,0.084892,96.8750,493.56
2110,0.127423,96.8750,552.76
2111,0.105131,98.4375,492.05
2112,0.035671,98.4375,579.00
2113,0.088624,95.3125,496.33
2114,0.083683,96.8750,553.36
2115,0.056559,98.4375,497.46
2116,0.145048,92.1875,546.02
2117,0.096618,96.8750,523.35
2118,0.049894,96.8750,500.85
2119,0.169788,92.1875,629.77
2120,0.062760,96.8750,494.56
2121,0.054816,98.4375,562.02
2122,0.192688,95.3125,500.69
2123,0.094292,95.3125,500.09
2124,0.161025,92.1875,621.99
2125,0.086039,95.3125,510.24
2126,0.053372,98.4375,629.53
2127,0.147394,93.7500,503.11
2128,0.136596,93.7500,598.43
2129,0.036737,98.4375,500.45
2130,0.146713,95.3125,639.04
2131,0.168499,96.8750,502.90
2132,0.126197,92.1875,637.69
2133,0.179945,92.1875,501.81
2134,0.054388,98.4375,552.78
2135,0.121798,93.7500,543.96
2136,0.037915,100.0000,499.82
2137,0.078040,98.4375,638.17
2138,0.096603,95.3125,496.99
2139,0.113721,95.3125,584.55
2140,0.120420,98.4375,503.96
2141,0.238948,87.5000,581.88
2142,0.091972,96.8750,498.97
2143,0.052362,98.4375,498.27
2144,0.164425,93.7500,589.23
2145,0.093532,96.8750,524.92
2146,0.058251,98.4375,594.46
2147,0.168787,93.7500,511.23
2148,0.063032,96.8750,585.90
2149,0.122762,93.7500,500.63
2150,0.187336,93.7500,649.99
2151,0.258675,90.6250,499.17
2152,0.066286,100.0000,549.97
2153,0.128747,92.1875,543.67
2154,0.185705,90.6250,549.14
2155,0.085215,96.8750,524.03
2156,0.049660,98.4375,531.79
2157,0.031945,98.4375,554.80
2158,0.093034,96.8750,542.99
2159,0.113964,96.8750,520.40
2160,0.107122,93.7500,497.59
2161,0.241636,93.7500,601.27
2162,0.079560,96.8750,498.21
2163,0.083456,96.8750,552.66
2164,0.040131,98.4375,509.73
2165,0.133065,95.3125,503.35
2166,0.064346,96.8750,599.51
2167,0.197778,95.3125,501.29
2168,0.067178,96.8750,573.62
2169,0.095518,95.3125,498.93
2170,0.123483,96.8750,499.03
2171,0.055710,98.4375,621.75
2172,0.142118,93.7500,499.40
2173,0.078749,96.8750,636.58
2174,0.119232,93.7500,500.87
2175,0.135933,95.3125,568.60
2176,0.104536,96.8750,499.17
2177,0.088234,95.3125,581.27
2178,0.224709,90.6250,500.50
2179,0.071206,98.4375,591.07
2180,0.116366,95.3125,500.89
2181,0.031850,100.0000,636.84
2182,0.075123,98.4375,499.22
2183,0.089358,96.8750,625.30
2184,0.115282,93.7500,493.73
2185,0.101263,93.7500,594.90
2186,0.067555,96.8750,497.25
2187,0.026671,100.0000,543.30
2188,0.089809,95.3125,549.42
2189,0.071483,96.8750,567.97
2190,0.077548,96.8750,501.12
2191,0.089772,95.3125,500.06
2192,0.097036,96.8750,665.67
2193,0.092135,95.3125,501.04
2194,0.255252,90.6250,650.78
2195,0.040815,98.4375,495.84
2196,0.098754,95.3125,578.05
2197,0.115456,96.8750,498.75
2198,0.079208,96.8750,566.12
2199,0.086758,95.3125,508.69
2200,0.215172,92.1875,562.70
2201,0.158292,95.3125,505.08
2202,0.172785,92.1875,502.58
2203,0.120391,95.3125,605.68
2204,0.043420,96.8750,496.89
2205,0.026002,100.0000,629.60
2206,0.062286,96.8750,499.57
2207,0.158730,93.7500,566.69
2208,0.116519,95.3125,498.01
2209,0.098107,95.3125,557.92
2210,0.119427,95.3125,501.15
2211,0.067443,98.4375,563.34
2212,0.050531,98.4375,522.00
2213,0.014254,100.0000,566.99
2214,0.188107,93.7500,506.01
2215,0.196501,93.7500,551.95
2216,0.114979,96.8750,499.18
2217,0.156233,92.1875,501.80
2218,0.025925,98.4375,646.80
2219,0.216572,90.6250,499.16
2220,0.083835,98.4375,549.74
2221,0.032780,100.0000,501.54
2222,0.176141,95.3125,501.06
2223,0.053485,96.8750,641.24
2224,0.044479,98.4375,497.05
2225,0.048770,100.0000,570.06
2226,0.099711,96.8750,505.00
2227,0.148585,92.1875,501.51
2228,0.056434,96.8750,619.10
2229,0.118939,92.1875,501.68
2230,0.106425,95.3125,649.68
2231,0.096647,95.3125,531.74
2232,0.129814,95.3125,558.57
2233,0.074231,96.8750,519.38
2234,0.045340,98.4375,585.87
2235,0.188506,93.7500,507.25
2236,0.230808,93.7500,584.41
2237,0.039794,98.4375,499.23
2238,0.088640,96.8750,535.30
2239,0.197801,92.1875,558.75
2240,0.086417,95.3125,500.09
2241,0.103598,96.8750,587.78
2242,0.098375,96.8750,504.84
2243,0.080434,96.8750,540.06
2244,0.088803,98.4375,578.91
2245,0.095770,95.3125,542.92
2246,0.103382,93.7500,577.88
2247,0.124946,95.3125,520.67
2248,0.107413,95.3125,566.90
2249,0.029735,100.0000,502.07
2250,0.057127,98.4375,656.27
2251,0.244023,92.1875,502.83
2252,0.234097,92.1875,628.32
2253,0.011264,100.0000,500.30
2254,0.051322,98.4375,592.75
2255,0.039331,98.4375,501.65
2256,0.043034,98.4375,657.20
2257,0.083179,96.8750,495.90
2258,0.117628,95.3125,604.75
2259,0.064678,96.8750,494.47
2260,0.082036,96.8750,606.87
2261,0.161416,95.3125,497.36
2262,0.132294,92.1875,626.90
2263,0.056887,98.4375,499.97
2264,0.081372,96.8750,584.31
2265,0.190164,93.7500,505.04
2266,0.118082,95.3125,627.00
2267,0.222635,93.7500,497.47
2268,0.079282,96.8750,549.25
2269,0.112051,95.3125,500.38
2270,0.095787,96.8750,554.83
2271,0.072186,98.4375,500.80
2272,0.047523,100.0000,602.15
2273,0.144497,92.1875,500.55
2274,0.106091,95.3125,566.36
2275,0.046208,98.4375,519.82
2276,0.044267,98.4375,499.94
2277,0.101094,96.8750,633.38
2278,0.088139,96.8750,501.32
2279,0.049808,96.8750,631.83
2280,0.142368,96.8750,500.08
2281,0.077136,95.3125,549.10
2282,0.166962,93.7500,516.04
2283,0.197965,90.6250,498.97
2284,0.114491,96.8750,582.57
2285,0.086093,98.4375,502.61
2286,0.092404,95.3125,543.88
2287,0.033524,100.0000,541.15
2288,0.130341,92.1875,497.10
2289,0.189776,92.1875,594.48
2290,0.068626,98.4375,502.49
2291,0.160197,95.3125,633.99
2292,0.235066,92.1875,499.10
2293,0.092010,95.3125,537.35
2294,0.088409,93.7500,555.17
2295,0.187978,90.6250,500.48
2296,0.168308,93.7500,653.02
2297,0.111542,95.3125,504.58
2298,0.101019,95.3125,603.79
2299,0.063871,98.4375,546.08
2300,0.053823,98.4375,542.32
2301,0.120275,95.3125,499.97
2302,0.050319,98.4375,597.67
2303,0.078621,96.8750,497.29
2304,0.069734,98.4375,561.26
2305,0.071775,96.8750,500.00
2306,0.041703,96.8750,565.19
2307,0.113819,98.4375,496.11
2308,0.042282,98.4375,508.63
2309,0.177801,92.1875,648.90
2310,0.046099,98.4375,502.87
2311,0.191057,93.7500,645.78
2312,0.072826,98.4375,513.77
2313,0.110824,93.7500,590.47
2314,0.054950,98.4375,503.94
2315,0.152653,96.8750,634.81
2316,0.069721,96.8750,495.09
2317,0.065395,96.8750,621.62
2318,0.106253,96.8750,523.46
2319,0.085357,96.8750,585.84
2320,0.060441,98.4375,563.21
2321,0.237769,92.1875,494.33
2322,0.078326,95.3125,498.04
2323,0.041611,100.0000,590.72
2324,0.123986,95.3125,501.65
2325,0.122428,95.3125,548.84
2326,0.147398,95.3125,500.78
2327,0.131682,93.7500,553.56
2328,0.173974,95.3125,500.78
2329,0.066790,100.0000,497.48
2330,0.042906,98.4375,656.37
2331,0.065769,98.4375,503.19
2332,0.038544,98.4375,623.25
2333,0.271087,93.7500,500.57
2334,0.031415,100.0000,622.20
2335,0.026935,100.0000,500.63
2336,0.084926,96.8750,587.10
2337,0.186974,95.3125,498.53
2338,0.122898,93.7500,493.16
2339,0.177701,95.3125,627.63
2340,0.166955,89.0625,550.05
2341,0.199748,95.3125,498.88
2342,0.141415,92.1875,557.92
2343,0.122389,93.7500,514.20
2344,0.127817,95.3125,496.44
2345,0.098387,96.8750,638.74
2346,0.066980,96.8750,507.22
2347,0.016601,100.0000,548.27
2348,0.130475,96.8750,502.21
2349,0.062004,100.0000,579.81
2350,0.183478,93.7500,499.49
2351,0.110682,95.3125,551.76
2352,0.085016,95.3125,535.47
2353,0.091785,96.8750,508.36
2354,0.083487,98.4375,580.71
2355,0.171704,93.7500,497.33
2356,0.085508,98.4375,590.07
2357,0.103517,95.3125,499.44
2358,0.036990,98.4375,560.04
2359,0.099262,95.3125,500.67
2360,0.071768,96.8750,495.69
2361,0.126055,93.7500,618.08
2362,0.080207,95.3125,492.67
2363,0.032661,98.4375,601.31
2364,0.037490,98.4375,497.06
2365,0.287299,89.0625,569.29
2366,0.047789,98.4375,495.01
2367,0.058906,98.4375,580.28
2368,0.059176,98.4375,501.29
2369,0.105328,98.4375,498.05
2370,0.110411,95.3125,597.47
2371,0.094109,96.8750,496.31
2372,0.092414,95.3125,591.46
2373,0.110212,95.3125,504.03
2374,0.086726,96.8750,596.80
2375,0.043417,98.4375,496.42
2376,0.144623,95.3125,645.45
2377,0.071712,96.8750,498.85
2378,0.257038,89.0625,559.10
2379,0.156155,96.8750,501.80
2380,0.108178,95.3125,501.27
2381,0.041634,98.4375,652.08
2382,0.157957,92.1875,501.01
2383,0.089482,96.8750,594.15
2384,0.088816,96.8750,500.37
2385,0.166375,93.7500,592.15
2386,0.117080,93.7500,503.30
2387,0.117763,95.3125,541.71
2388,0.111128,96.8750,558.60
2389,0.111625,96.8750,498.69
2390,0.054313,98.4375,641.70
2391,0.066274,96.8750,499.95
2392,0.087035,96.8750,590.62
2393,0.106329,95.3125,497.89
2394,0.071529,95.3125,562.05
2395,0.118426,95.3125,492.82
2396,0.048170,98.4375,579.24
2397,0.094743,98.4375,500.26
2398,0.045962,98.4375,631.65
2399,0.089592,96.8750,493.23
2400,0.207465,90.6250,547.08
2401,0.048077,98.4375,516.87
2402,0.016982,98.4375,504.93
2403,0.048915,98.4375,612.78
2404,0.113590,95.3125,535.02
2405,0.024018,100.0000,566.23
2406,0.068995,96.8750,501.93
2407,0.134665,95.3125,587.43
2408,0.167027,93.7500,499.14
2409,0.117009,92.1875,517.68
2410,0.100447,98.4375,586.23
2411,0.166408,93.7500,497.63
2412,0.072929,98.4375,592.23
2413,0.148235,90.6250,504.02
2414,0.061255,96.8750,529.34
2415,0.119115,96.8750,560.58
2416,0.062538,100.0000,500.92
2417,0.062791,98.4375,592.39
2418,0.200118,92.1875,498.69
2419,0.152827,93.7500,508.43
2420,0.059733,96.8750,642.80
2421,0.056853,98.4375,503.98
2422,0.095428,96.8750,630.79
2423,0.048314,98.4375,501.42
2424,0.042740,100.0000,582.31
2425,0.177472,92.1875,497.76
2426,0.183203,95.3125,499.69
2427,0.153269,92.1875,630.22
2428,0.083609,98.4375,498.53
2429,0.148306,95.3125,616.35
2430,0.194222,95.3125,497.59
2431,0.127837,93.7500,573.96
2432,0.093056,98.4375,499.00
2433,0.070623,100.0000,551.73
2434,0.139549,93.7500,501.55
2435,0.144858,95.3125,505.71
2436,0.118291,92.1875,637.12
2437,0.042953,98.4375,500.01
2438,0.049970,98.4375,651.31
2439,0.178013,92.1875,516.53
2440,0.309326,92.1875,577.32
2441,0.052352,96.8750,498.89
2442,0.127931,93.7500,655.60
2443,0.030406,98.4375,517.31
2444,0.023829,100.0000,578.41
2445,0.186428,92.1875,497.23
2446,0.152170,92.1875,611.69
2447,0.071101,96.8750,500.89
2448,0.098796,95.3125,600.85
2449,0.050679,98.4375,503.04
2450,0.132016,93.7500,582.53
2451,0.098901,96.8750,494.45
2452,0.055440,98.4375,557.21
2453,0.076483,96.8750,497.88
2454,0.261776,90.6250,498.36
2455,0.123584,93.7500,656.70
2456,0.080197,98.4375,524.82
2457,0.162590,92.1875,561.33
2458,0.025990,100.0000,500.62
2459,0.117800,96.8750,576.62
2460,0.106080,96.8750,499.86
2461,0.188745,90.6250,558.46
2462,0.059141,98.4375,499.56
2463,0.066544,98.4375,586.44
2464,0.059500,98.4375,499.73
2465,0.211426,89.0625,558.13
2466,0.072420,98.4375,501.32
2467,0.128385,96.8750,552.38
2468,0.025979,100.0000,503.25
2469,0.069929,96.8750,501.66
2470,0.066503,98.4375,632.14
2471,0.036418,98.4375,498.89
2472,0.032935,100.0000,560.77
2473,0.225684,93.7500,502.79
2474,0.048446,100.0000,497.62
2475,0.118091,96.8750,645.32
2476,0.093416,96.8750,496.67
2477,0.032137,100.0000,630.41
2478,0.163969,92.1875,499.64
2479,0.138036,95.3125,635.41
2480,0.081318,98.4375,494.81
2481,0.071569,100.0000,630.91
2482,0.086666,96.8750,497.17
2483,0.158056,92.1875,577.63
2484,0.140820,95.3125,499.40
2485,0.145994,93.7500,560.70
2486,0.073037,98.4375,496.33
2487,0.075686,98.4375,511.02
2488,0.065735,96.8750,586.44
2489,0.108885,96.8750,495.20
2490,0.030804,100.0000,590.54
2491,0.166080,96.8750,497.00
2492,0.144524,93.7500,567.90
2493,0.110936,95.3125,506.01
2494,0.161884,95.3125,497.65
2495,0.060374,98.4375,600.27
2496,0.060738,98.4375,498.73
2497,0.092814,96.8750,576.37
2498,0.164611,98.4375,497.20
2499,0.031627,100.0000,502.49
2500,0.091829,96.8750,641.92
2501,0.178056,92.1875,503.55
2502,0.072402,96.8750,545.10
2503,0.064248,98.4375,525.41
2504,0.126923,95.3125,506.65
2505,0.355700,85.9375,586.28
2506,0.079302,96.8750,497.83
2507,0.080779,96.8750,497.02
2508,0.190807,90.6250,603.50
2509,0.102979,96.8750,499.47
2510,0.114167,93.7500,557.73
2511,0.134079,95.3125,497.70
2512,0.058323,98.4375,517.45
2513,0.042689,98.4375,561.92
2514,0.038820,96.8750,537.84
2515,0.087274,98.4375,546.38
2516,0.092183,98.4375,497.63
2517,0.043797,100.0000,618.23
2518,0.045100,100.0000,496.69
2519,0.056999,96.8750,583.13
2520,0.102854,96.8750,501.51
2521,0.113240,96.8750,559.16
2522,0.049311,98.4375,494.89
2523,0.056350,96.8750,509.01
2524,0.087955,98.4375,620.72
2525,0.109075,95.3125,506.51
2526,0.098565,95.3125,544.05
2527,0.198680,93.7500,540.54
2528,0.067006,96.8750,561.94
2529,0.070057,98.4375,503.77
2530,0.090004,95.3125,500.96
2531,0.071065,98.4375,646.92
2532,0.150857,95.3125,503.25
2533,0.063060,98.4375,588.76
2534,0.144416,96.8750,507.99
2535,0.135165,95.3125,576.04
2536,0.076446,96.8750,498.48
2537,0.172767,98.4375,589.18
2538,0.206823,93.7500,503.62
2539,0.097386,95.3125,620.96
2540,0.125656,95.3125,497.95
2541,0.032955,100.0000,602.00
2542,0.032858,100.0000,497.94
2543,0.105765,96.8750,650.40
2544,0.053157,98.4375,499.55
2545,0.067309,96.8750,594.96
2546,0.242199,89.0625,505.50
2547,0.087057,98.4375,588.98
2548,0.054386,98.4375,501.05
2549,0.118438,95.3125,559.78
2550,0.050833,100.0000,499.96
2551,0.134962,93.7500,501.38
2552,0.070935,96.8750,611.06
2553,0.233186,92.1875,504.19
2554,0.184951,95.3125,604.97
2555,0.171416,92.1875,494.81
2556,0.092870,95.3125,655.63
2557,0.138905,96.8750,525.46
2558,0.138480,93.7500,549.51
2559,0.121620,92.1875,494.16
2560,0.097390,96.8750,580.00
2561,0.028152,100.0000,492.04
2562,0.060519,98.4375,502.82
2563,0.113520,95.3125,600.29
2564,0.060368,98.4375,499.50
2565,0.085578,95.3125,601.10
2566,0.079509,96.8750,508.39
2567,0.094918,96.8750,567.54
2568,0.180990,92.1875,516.66
2569,0.217640,92.1875,539.87
2570,0.022121,100.0000,237.13
