batch_idx,loss,accuracy,time_ms
1,0.027638,100.0000,582.11
2,0.044610,100.0000,548.70
3,0.072695,95.3125,587.93
4,0.028152,98.4375,512.05
5,0.125498,95.3125,586.83
6,0.019992,100.0000,515.65
7,0.159511,92.1875,532.90
8,0.098959,95.3125,611.39
9,0.093601,95.3125,588.60
10,0.107519,95.3125,520.49
11,0.056317,96.8750,573.27
12,0.090511,95.3125,531.91
13,0.052938,96.8750,514.56
14,0.064094,98.4375,629.83
15,0.015632,100.0000,533.19
16,0.141498,93.7500,605.13
17,0.153516,96.8750,522.92
18,0.023288,98.4375,643.50
19,0.153720,93.7500,515.84
20,0.079099,98.4375,616.01
21,0.176338,93.7500,516.67
22,0.033161,100.0000,592.01
23,0.027206,100.0000,521.38
24,0.091874,96.8750,538.14
25,0.006700,100.0000,576.40
26,0.012566,100.0000,513.97
27,0.034929,98.4375,668.50
28,0.052211,96.8750,515.54
29,0.075655,96.8750,571.82
30,0.064958,96.8750,520.22
31,0.087349,96.8750,595.73
32,0.098695,98.4375,516.47
33,0.062531,96.8750,564.54
34,0.061700,96.8750,542.26
35,0.091133,96.8750,538.09
36,0.075766,96.8750,621.86
37,0.066478,96.8750,513.18
38,0.084636,96.8750,653.50
39,0.116735,95.3125,514.52
40,0.005420,100.0000,633.39
41,0.107148,95.3125,521.17
42,0.054023,98.4375,615.83
43,0.132770,95.3125,517.95
44,0.059100,95.3125,581.67
45,0.082009,95.3125,520.46
46,0.095475,96.8750,585.98
47,0.163465,92.1875,518.06
48,0.067775,96.8750,593.02
49,0.051090,98.4375,514.03
50,0.024875,98.4375,514.24
51,0.020102,100.0000,604.49
52,0.095373,96.8750,514.40
53,0.080731,96.8750,636.34
54,0.085137,95.3125,519.53
55,0.111880,93.7500,613.47
56,0.083324,96.8750,522.86
57,0.036381,98.4375,651.29
58,0.039292,96.8750,553.34
59,0.055451,98.4375,566.14
60,0.114429,98.4375,512.25
61,0.018359,100.0000,628.16
62,0.072605,96.8750,519.75
63,0.041732,96.8750,607.34
64,0.064975,96.8750,520.68
65,0.027784,98.4375,592.97
66,0.025599,98.4375,521.41
67,0.040431,100.0000,598.88
68,0.044537,96.8750,519.05
69,0.055643,98.4375,534.40
70,0.105333,95.3125,587.74
71,0.036337,98.4375,552.90
72,0.022308,98.4375,567.33
73,0.089316,96.8750,518.63
74,0.022970,100.0000,643.76
75,0.026111,100.0000,518.11
76,0.141923,93.7500,561.31
77,0.066022,96.8750,513.61
78,0.167516,95.3125,574.40
79,0.095367,96.8750,513.40
80,0.067458,96.8750,528.72
81,0.062887,96.8750,610.33
82,0.139378,93.7500,519.83
83,0.081195,98.4375,632.61
84,0.019975,100.0000,517.76
85,0.161194,95.3125,664.96
86,0.078551,96.8750,515.78
87,0.052846,96.8750,577.48
88,0.010528,100.0000,512.48
89,0.020260,100.0000,569.81
90,0.025935,100.0000,556.00
91,0.069160,98.4375,519.30
92,0.020472,98.4375,643.76
93,0.063615,96.8750,517.20
94,0.017827,100.0000,571.36
95,0.043500,98.4375,567.51
96,0.047209,98.4375,516.23
97,0.040700,100.0000,615.77
98,0.077606,96.8750,519.35
99,0.043742,98.4375,604.23
100,0.020878,100.0000,518.41
101,0.069952,98.4375,591.85
102,0.014429,100.0000,514.53
103,0.178722,95.3125,564.73
104,0.040036,100.0000,543.03
105,0.028709,98.4375,543.05
106,0.053683,96.8750,616.19
107,0.147990,92.1875,520.68
108,0.037989,98.4375,628.05
109,0.091977,95.3125,517.48
110,0.063452,96.8750,630.15
111,0.049756,98.4375,517.80
112,0.068797,96.8750,640.88
113,0.103810,96.8750,516.24
114,0.059836,96.8750,577.06
115,0.132491,95.3125,512.95
116,0.108116,95.3125,574.65
117,0.057991,98.4375,515.63
118,0.105664,96.8750,519.80
119,0.052546,98.4375,665.59
120,0.060803,98.4375,518.00
121,0.091583,96.8750,620.80
122,0.038915,98.4375,501.91
123,0.043291,98.4375,598.46
124,0.058469,95.3125,519.15
125,0.084947,95.3125,670.12
126,0.094519,96.8750,549.23
127,0.041840,98.4375,587.90
128,0.063797,96.8750,512.80
129,0.119195,93.7500,612.27
130,0.037907,100.0000,515.59
131,0.155008,93.7500,671.22
132,0.149290,95.3125,518.20
133,0.016283,100.0000,602.07
134,0.023887,98.4375,518.04
135,0.091003,95.3125,548.84
136,0.103650,93.7500,582.80
137,0.081204,93.7500,517.05
138,0.045555,98.4375,597.06
139,0.057069,96.8750,516.45
140,0.011141,100.0000,576.39
141,0.109265,95.3125,515.83
142,0.063899,96.8750,579.10
143,0.027817,98.4375,522.16
144,0.015852,98.4375,521.84
145,0.169841,95.3125,643.16
146,0.127669,92.1875,517.86
147,0.081760,96.8750,579.57
148,0.047552,96.8750,513.28
149,0.095728,95.3125,510.31
150,0.079557,96.8750,606.00
151,0.071337,98.4375,519.21
152,0.043178,100.0000,603.20
153,0.032493,98.4375,519.58
154,0.068295,96.8750,588.41
155,0.069364,98.4375,518.50
156,0.084318,95.3125,565.86
157,0.052301,98.4375,541.63
158,0.055896,98.4375,514.25
159,0.043307,98.4375,603.37
160,0.035134,100.0000,517.26
161,0.050353,98.4375,665.61
162,0.055023,96.8750,516.65
163,0.018519,100.0000,659.36
164,0.050758,98.4375,512.30
165,0.038721,96.8750,648.28
166,0.027594,98.4375,519.68
167,0.110402,96.8750,661.10
168,0.071554,96.8750,516.05
169,0.019631,100.0000,610.69
170,0.133685,93.7500,510.64
171,0.106903,95.3125,627.91
172,0.014215,100.0000,511.64
173,0.042330,98.4375,653.67
174,0.085949,95.3125,517.55
175,0.036346,98.4375,591.97
176,0.059072,98.4375,514.38
177,0.061464,98.4375,514.10
178,0.105861,95.3125,643.41
179,0.079776,96.8750,517.45
180,0.033374,98.4375,567.54
181,0.024191,100.0000,512.50
182,0.091265,96.8750,579.24
183,0.052029,98.4375,513.90
184,0.096509,96.8750,581.21
185,0.050918,98.4375,511.36
186,0.049638,96.8750,516.55
187,0.154517,93.7500,671.68
188,0.101566,96.8750,516.55
189,0.016964,100.0000,568.99
190,0.110727,98.4375,527.27
191,0.073377,95.3125,540.48
192,0.150331,93.7500,587.21
193,0.010769,100.0000,511.80
194,0.044812,100.0000,626.62
195,0.052789,98.4375,517.52
196,0.096650,95.3125,634.79
197,0.087258,95.3125,514.87
198,0.053593,98.4375,568.75
199,0.218765,95.3125,553.77
200,0.097747,95.3125,589.94
201,0.081574,95.3125,528.70
202,0.022303,98.4375,589.53
203,0.045889,98.4375,509.80
204,0.090109,96.8750,517.23
205,0.110736,92.1875,606.78
206,0.039908,98.4375,510.39
207,0.040018,98.4375,614.83
208,0.081191,98.4375,512.30
209,0.071832,98.4375,563.42
210,0.083995,93.7500,535.15
211,0.158434,95.3125,535.41
212,0.059935,96.8750,608.69
213,0.057145,96.8750,544.51
214,0.042401,98.4375,580.98
215,0.080177,95.3125,521.19
216,0.019188,100.0000,630.02
217,0.038431,98.4375,519.68
218,0.121347,95.3125,636.68
219,0.009349,100.0000,521.74
220,0.039208,98.4375,581.65
221,0.048829,96.8750,521.29
222,0.090205,98.4375,559.92
223,0.066974,96.8750,549.56
224,0.037579,98.4375,613.61
225,0.060010,95.3125,524.54
226,0.074420,96.8750,574.01
227,0.089471,95.3125,533.44
228,0.059630,96.8750,513.04
229,0.041133,98.4375,664.54
230,0.006521,100.0000,513.60
231,0.035115,98.4375,651.92
232,0.056234,98.4375,513.92
233,0.076435,95.3125,595.49
234,0.093191,96.8750,518.16
235,0.022215,100.0000,602.55
236,0.059733,96.8750,520.07
237,0.106050,95.3125,568.02
238,0.147405,92.1875,513.83
239,0.095294,95.3125,568.77
240,0.032503,98.4375,539.51
241,0.058308,96.8750,584.60
242,0.116700,96.8750,515.22
243,0.075331,96.8750,499.45
244,0.042410,98.4375,615.48
245,0.067943,96.8750,500.80
246,0.092699,95.3125,595.00
247,0.090476,95.3125,504.76
248,0.079108,96.8750,574.24
249,0.048449,98.4375,505.46
250,0.052622,98.4375,560.98
251,0.084155,96.8750,502.03
252,0.064800,96.8750,503.98
253,0.052307,98.4375,593.83
254,0.089426,96.8750,501.36
255,0.149473,92.1875,596.96
256,0.150824,93.7500,500.61
257,0.043817,98.4375,631.61
258,0.038720,98.4375,506.27
259,0.058658,96.8750,608.77
260,0.055880,98.4375,521.73
261,0.044352,96.8750,565.98
262,0.075867,96.8750,500.79
263,0.058167,96.8750,645.16
264,0.121378,95.3125,498.93
265,0.046763,100.0000,568.98
266,0.072391,96.8750,512.24
267,0.055434,96.8750,540.24
268,0.147177,93.7500,575.11
269,0.033154,98.4375,504.47
270,0.044025,98.4375,562.07
271,0.075458,98.4375,504.91
272,0.054301,98.4375,505.35
273,0.042452,100.0000,651.26
274,0.083327,95.3125,507.82
275,0.036673,98.4375,572.47
276,0.045868,96.8750,502.43
277,0.079546,98.4375,500.54
278,0.041214,100.0000,628.32
279,0.055596,98.4375,522.73
280,0.103121,96.8750,638.15
281,0.191885,93.7500,501.48
282,0.178372,95.3125,610.02
283,0.073517,98.4375,502.84
284,0.062522,98.4375,629.19
285,0.043694,100.0000,499.87
286,0.072165,96.8750,582.46
287,0.019462,100.0000,505.59
288,0.078481,96.8750,552.11
289,0.203030,92.1875,541.86
290,0.083516,96.8750,569.44
291,0.079675,96.8750,498.86
292,0.016390,100.0000,597.78
293,0.073351,96.8750,496.53
294,0.122238,95.3125,566.69
295,0.069410,96.8750,501.81
296,0.061065,96.8750,503.94
297,0.028652,98.4375,655.90
298,0.029516,98.4375,507.16
299,0.081799,95.3125,586.10
300,0.024623,98.4375,501.55
301,0.155767,92.1875,595.55
302,0.125922,95.3125,506.34
303,0.030186,100.0000,568.29
304,0.070495,95.3125,499.69
305,0.184449,93.7500,500.77
306,0.115250,96.8750,631.46
307,0.045059,98.4375,502.76
308,0.057514,98.4375,610.43
309,0.074560,96.8750,506.10
310,0.038944,100.0000,500.50
311,0.016696,100.0000,596.77
312,0.047786,98.4375,503.98
313,0.147420,96.8750,589.13
314,0.018774,100.0000,501.24
315,0.087012,96.8750,573.38
316,0.061918,95.3125,499.71
317,0.030256,98.4375,501.88
318,0.028489,100.0000,615.07
319,0.063618,96.8750,497.26
320,0.033130,100.0000,568.51
321,0.031151,100.0000,498.53
322,0.091232,95.3125,562.67
323,0.100250,95.3125,503.30
324,0.115972,96.8750,504.92
325,0.046509,96.8750,613.93
326,0.057716,96.8750,502.14
327,0.080256,96.8750,653.60
328,0.108671,96.8750,509.20
329,0.069645,96.8750,555.91
330,0.123428,95.3125,529.12
331,0.006690,100.0000,528.69
332,0.025589,100.0000,582.97
333,0.088636,93.7500,558.84
334,0.129961,96.8750,528.89
335,0.200794,92.1875,496.47
336,0.053651,96.8750,605.92
337,0.071507,95.3125,501.84
338,0.044432,98.4375,575.40
339,0.027817,98.4375,499.11
340,0.147786,95.3125,499.23
341,0.140641,95.3125,633.92
342,0.140136,95.3125,506.26
343,0.128257,92.1875,560.97
344,0.023127,100.0000,499.09
345,0.032033,98.4375,589.39
346,0.036539,100.0000,500.45
347,0.035796,98.4375,543.69
348,0.068803,98.4375,541.47
349,0.003606,100.0000,519.34
350,0.103268,96.8750,582.86
351,0.086921,95.3125,501.87
352,0.052804,98.4375,605.39
353,0.100167,96.8750,502.21
354,0.093479,96.8750,504.42
355,0.007998,100.0000,606.38
356,0.124633,96.8750,502.14
357,0.112447,93.7500,554.92
358,0.146034,95.3125,528.11
359,0.009841,100.0000,539.70
360,0.044597,98.4375,557.76
361,0.241102,90.6250,567.54
362,0.071896,96.8750,505.02
363,0.085225,95.3125,559.46
364,0.047989,98.4375,500.81
365,0.056022,98.4375,553.83
366,0.028601,98.4375,526.46
367,0.071422,96.8750,495.40
368,0.032071,98.4375,566.68
369,0.078516,95.3125,502.04
370,0.101287,96.8750,542.93
371,0.080318,96.8750,572.94
372,0.059755,96.8750,570.12
373,0.121786,95.3125,504.11
374,0.031418,98.4375,502.49
375,0.078954,98.4375,591.67
376,0.067692,98.4375,505.16
377,0.008087,100.0000,674.07
378,0.069661,98.4375,498.99
379,0.021064,100.0000,589.03
380,0.056483,98.4375,504.88
381,0.029969,100.0000,569.57
382,0.018771,98.4375,500.20
383,0.056359,95.3125,558.05
384,0.009711,100.0000,518.62
385,0.094166,96.8750,501.42
386,0.029363,100.0000,655.63
387,0.108889,95.3125,503.02
388,0.056369,96.8750,591.52
389,0.026636,100.0000,500.78
390,0.092682,95.3125,528.56
391,0.094564,95.3125,585.77
392,0.090205,96.8750,560.03
393,0.117080,93.7500,549.66
394,0.087865,95.3125,579.62
395,0.057397,98.4375,503.18
396,0.089325,95.3125,505.21
397,0.075205,98.4375,600.90
398,0.016353,100.0000,502.32
399,0.041238,98.4375,587.44
400,0.062800,96.8750,497.32
401,0.036065,98.4375,662.07
402,0.025244,100.0000,518.92
403,0.048390,98.4375,592.02
404,0.107463,96.8750,496.19
405,0.121040,95.3125,589.56
406,0.022680,100.0000,503.04
407,0.074364,98.4375,519.15
408,0.050950,96.8750,591.24
409,0.040072,98.4375,494.39
410,0.078250,98.4375,629.66
411,0.010668,100.0000,497.75
412,0.028409,100.0000,581.61
413,0.036676,100.0000,495.92
414,0.209301,95.3125,535.51
415,0.098851,95.3125,562.24
416,0.048983,98.4375,501.27
417,0.201435,95.3125,614.10
418,0.035064,98.4375,500.01
419,0.063439,98.4375,602.26
420,0.037739,98.4375,496.36
421,0.063537,98.4375,587.36
422,0.113327,95.3125,497.73
423,0.036662,98.4375,566.43
424,0.057946,96.8750,503.48
425,0.232407,92.1875,589.30
426,0.119541,93.7500,502.66
427,0.031248,100.0000,515.53
428,0.102034,96.8750,587.75
429,0.039160,100.0000,498.54
430,0.074627,96.8750,578.33
431,0.059153,96.8750,502.55
432,0.027667,100.0000,505.15
433,0.036214,98.4375,633.57
434,0.049055,98.4375,504.84
435,0.058493,96.8750,596.99
436,0.073437,98.4375,501.32
437,0.094709,98.4375,565.39
438,0.081080,96.8750,507.26
439,0.041714,98.4375,589.44
440,0.041572,100.0000,507.17
441,0.054882,96.8750,628.09
442,0.035653,100.0000,505.92
443,0.082758,98.4375,600.09
444,0.106342,96.8750,508.67
445,0.086060,95.3125,571.65
446,0.027277,100.0000,502.80
447,0.109625,95.3125,503.79
448,0.055740,96.8750,615.79
449,0.088866,96.8750,523.71
450,0.083852,95.3125,576.03
451,0.091743,96.8750,497.98
452,0.041480,98.4375,569.86
453,0.058793,96.8750,504.79
454,0.044724,98.4375,581.11
455,0.080572,98.4375,497.75
456,0.064295,95.3125,573.63
457,0.034814,98.4375,578.96
458,0.026935,100.0000,499.75
459,0.098766,96.8750,653.55
460,0.074174,98.4375,497.19
461,0.047289,96.8750,521.33
462,0.071800,96.8750,582.45
463,0.063763,96.8750,525.66
464,0.006750,100.0000,557.23
465,0.076533,96.8750,501.14
466,0.034243,100.0000,651.39
467,0.045121,96.8750,500.08
468,0.115838,95.3125,596.46
469,0.069072,98.4375,500.68
470,0.076566,95.3125,593.12
471,0.009463,100.0000,504.83
472,0.053016,98.4375,509.03
473,0.039678,100.0000,623.57
474,0.034142,98.4375,496.97
475,0.035246,98.4375,638.97
476,0.048394,98.4375,500.74
477,0.112382,98.4375,599.35
478,0.142109,93.7500,507.41
479,0.039010,98.4375,603.56
480,0.117724,93.7500,508.13
481,0.059266,98.4375,564.78
482,0.023475,98.4375,501.68
483,0.104755,98.4375,499.53
484,0.193505,90.6250,625.64
485,0.104834,96.8750,501.83
486,0.064083,98.4375,599.50
487,0.058824,98.4375,499.58
488,0.078390,98.4375,518.77
489,0.063424,96.8750,589.25
490,0.091104,95.3125,504.17
491,0.068244,96.8750,568.75
492,0.152709,92.1875,498.68
493,0.093418,95.3125,504.85
494,0.096361,95.3125,604.39
495,0.058985,96.8750,502.32
496,0.013221,100.0000,602.00
497,0.091559,95.3125,505.44
498,0.033316,98.4375,570.43
499,0.114855,96.8750,495.83
500,0.048652,96.8750,502.33
501,0.041209,98.4375,630.17
502,0.106874,95.3125,503.21
503,0.121222,95.3125,567.69
504,0.062094,98.4375,505.14
505,0.003777,100.0000,528.69
506,0.026871,100.0000,591.85
507,0.068112,95.3125,500.79
508,0.095992,95.3125,659.09
509,0.093256,96.8750,504.01
510,0.035010,98.4375,638.20
511,0.047974,98.4375,498.69
512,0.032588,98.4375,585.23
513,0.022861,100.0000,498.03
514,0.018544,100.0000,584.62
515,0.085534,96.8750,499.14
516,0.113451,93.7500,521.25
517,0.121699,95.3125,611.39
518,0.160307,95.3125,508.64
519,0.103513,96.8750,595.62
520,0.006108,100.0000,501.29
521,0.087436,95.3125,499.70
522,0.029341,100.0000,604.60
523,0.049020,98.4375,501.82
524,0.032417,98.4375,569.36
525,0.035149,98.4375,497.87
526,0.024596,98.4375,503.66
527,0.145281,93.7500,663.29
528,0.072875,96.8750,499.56
529,0.205556,93.7500,605.58
530,0.023207,100.0000,499.60
531,0.049132,96.8750,654.15
532,0.034801,100.0000,501.21
533,0.142634,95.3125,619.92
534,0.069283,95.3125,508.20
535,0.060112,96.8750,574.41
536,0.078645,96.8750,522.18
537,0.094989,93.7500,562.91
538,0.050580,96.8750,509.03
539,0.032648,98.4375,551.51
540,0.032611,98.4375,551.66
541,0.076235,98.4375,548.15
542,0.045276,98.4375,546.56
543,0.052186,96.8750,572.82
544,0.071849,96.8750,507.79
545,0.005231,100.0000,504.58
546,0.019108,98.4375,621.79
547,0.074218,96.8750,506.10
548,0.040297,98.4375,641.98
549,0.061598,96.8750,505.75
550,0.061099,96.8750,554.24
551,0.130680,93.7500,502.82
552,0.088627,95.3125,508.43
553,0.073884,98.4375,644.20
554,0.135108,95.3125,507.12
555,0.019018,100.0000,566.10
556,0.046993,98.4375,502.31
557,0.082043,96.8750,505.38
558,0.061322,98.4375,634.86
559,0.043105,98.4375,501.85
560,0.021854,100.0000,574.17
561,0.109487,95.3125,499.00
562,0.074315,96.8750,604.47
563,0.024326,100.0000,500.48
564,0.077941,96.8750,501.23
565,0.018391,100.0000,633.56
566,0.110551,95.3125,501.79
567,0.073508,95.3125,574.96
568,0.033277,100.0000,498.50
569,0.069029,96.8750,560.43
570,0.024693,100.0000,537.22
571,0.071763,96.8750,577.33
572,0.140995,95.3125,501.02
573,0.135600,95.3125,571.03
574,0.048188,98.4375,514.45
575,0.060475,98.4375,504.48
576,0.062661,98.4375,619.08
577,0.067567,96.8750,536.42
578,0.026554,100.0000,563.60
579,0.110823,96.8750,576.28
580,0.005607,100.0000,499.75
581,0.086083,98.4375,504.04
582,0.038539,98.4375,642.25
583,0.052680,96.8750,501.90
584,0.101831,95.3125,584.49
585,0.014898,100.0000,518.92
586,0.014478,100.0000,592.38
587,0.016193,100.0000,499.16
588,0.026546,98.4375,497.44
589,0.078521,96.8750,645.32
590,0.020556,100.0000,505.88
591,0.140422,96.8750,593.17
592,0.068646,96.8750,497.79
593,0.095935,95.3125,564.92
594,0.027590,98.4375,497.51
595,0.068694,96.8750,594.33
596,0.036850,98.4375,500.72
597,0.039814,98.4375,501.19
598,0.032669,100.0000,661.44
599,0.076150,98.4375,504.10
600,0.048417,98.4375,552.18
601,0.050596,98.4375,527.62
602,0.122146,98.4375,548.00
603,0.107077,96.8750,541.87
604,0.032071,98.4375,492.09
605,0.076439,96.8750,577.81
606,0.099854,96.8750,496.88
607,0.065439,96.8750,579.96
608,0.043790,96.8750,494.52
609,0.033586,98.4375,579.66
610,0.066180,96.8750,490.43
611,0.067889,98.4375,523.75
612,0.066550,96.8750,558.41
613,0.015890,100.0000,493.56
614,0.062887,98.4375,597.62
615,0.070780,96.8750,503.37
616,0.022454,98.4375,657.80
617,0.005537,100.0000,502.93
618,0.054370,98.4375,618.78
619,0.157822,93.7500,504.81
620,0.063198,98.4375,560.60
621,0.059242,96.8750,554.51
622,0.113817,95.3125,501.08
623,0.053420,98.4375,661.57
624,0.053176,98.4375,507.32
625,0.051750,96.8750,615.46
626,0.104647,96.8750,505.90
627,0.054017,98.4375,582.51
628,0.040470,98.4375,501.52
629,0.103330,96.8750,616.14
630,0.089232,98.4375,501.58
631,0.074715,98.4375,524.30
632,0.023082,98.4375,585.01
633,0.054916,98.4375,530.80
634,0.079703,96.8750,574.42
635,0.061884,96.8750,519.39
636,0.022597,100.0000,581.94
637,0.090827,95.3125,504.61
638,0.046275,96.8750,609.33
639,0.082801,96.8750,551.72
640,0.064681,96.8750,561.38
641,0.017664,100.0000,546.44
642,0.084004,96.8750,540.52
643,0.138532,92.1875,504.77
644,0.111377,95.3125,596.44
645,0.088004,96.8750,499.70
646,0.092634,95.3125,528.08
647,0.082286,95.3125,575.52
648,0.082502,96.8750,504.18
649,0.005402,100.0000,653.39
650,0.023875,100.0000,500.69
651,0.017727,100.0000,623.80
652,0.058641,98.4375,500.19
653,0.102503,96.8750,560.71
654,0.039128,98.4375,500.76
655,0.020352,100.0000,576.29
656,0.067493,98.4375,502.98
657,0.032081,98.4375,503.25
658,0.035409,98.4375,598.25
659,0.100021,98.4375,502.87
660,0.019877,100.0000,554.82
661,0.012937,100.0000,496.97
662,0.062088,98.4375,512.38
663,0.027451,98.4375,621.56
664,0.012410,100.0000,509.15
665,0.021026,100.0000,616.03
666,0.127620,96.8750,503.28
667,0.080361,95.3125,659.57
668,0.039632,98.4375,514.58
669,0.130810,92.1875,595.98
670,0.130577,93.7500,519.32
671,0.029978,98.4375,595.14
672,0.065661,96.8750,559.82
673,0.087715,96.8750,529.74
674,0.024995,100.0000,567.53
675,0.070765,96.8750,505.61
676,0.076267,98.4375,550.06
677,0.022925,100.0000,497.30
678,0.137405,96.8750,572.97
679,0.099366,95.3125,494.02
680,0.022064,98.4375,559.24
681,0.040815,96.8750,493.32
682,0.012152,100.0000,551.37
683,0.038364,100.0000,496.95
684,0.025840,100.0000,561.76
685,0.042097,96.8750,492.98
686,0.090683,96.8750,564.53
687,0.063146,96.8750,500.91
688,0.123224,95.3125,498.80
689,0.054400,98.4375,583.52
690,0.043896,96.8750,497.90
691,0.074960,96.8750,528.70
692,0.061810,98.4375,575.24
693,0.040630,98.4375,499.55
694,0.050065,98.4375,664.73
695,0.061850,98.4375,500.77
696,0.068565,98.4375,595.80
697,0.065322,98.4375,508.95
698,0.013313,100.0000,506.07
699,0.036906,98.4375,622.64
700,0.052189,98.4375,506.98
701,0.052822,98.4375,579.69
702,0.060654,96.8750,499.67
703,0.030070,98.4375,563.06
704,0.066750,96.8750,496.85
705,0.047433,96.8750,519.31
706,0.113148,93.7500,594.29
707,0.065493,98.4375,538.51
708,0.038344,98.4375,570.01
709,0.033905,98.4375,529.80
710,0.117484,93.7500,570.29
711,0.092860,96.8750,501.57
712,0.064700,98.4375,566.75
713,0.055387,98.4375,504.82
714,0.061546,96.8750,546.57
715,0.040196,96.8750,553.73
716,0.008046,100.0000,504.00
717,0.026859,98.4375,598.11
718,0.054447,96.8750,496.38
719,0.058181,98.4375,561.82
720,0.120246,92.1875,499.79
721,0.032482,100.0000,548.83
722,0.028626,100.0000,526.42
723,0.112588,93.7500,497.98
724,0.043563,100.0000,657.22
725,0.076397,96.8750,500.02
726,0.028435,98.4375,662.69
727,0.119896,95.3125,502.48
728,0.051844,98.4375,615.88
729,0.031470,100.0000,502.05
730,0.068091,96.8750,641.77
731,0.043830,96.8750,500.84
732,0.088578,96.8750,569.21
733,0.064809,96.8750,500.04
734,0.015427,100.0000,567.60
735,0.121205,96.8750,501.23
736,0.046180,100.0000,594.96
737,0.072861,95.3125,509.28
738,0.088572,96.8750,569.75
739,0.224988,90.6250,498.65
740,0.143197,96.8750,503.87
741,0.045984,98.4375,629.18
742,0.117498,93.7500,501.76
743,0.046330,96.8750,557.87
744,0.019741,100.0000,543.49
745,0.051411,98.4375,499.56
746,0.133759,92.1875,597.49
747,0.131743,95.3125,507.83
748,0.053726,98.4375,549.13
749,0.056107,98.4375,541.45
750,0.105176,96.8750,563.34
751,0.040318,98.4375,505.10
752,0.095480,96.8750,496.75
753,0.012271,100.0000,645.53
754,0.090144,98.4375,502.39
755,0.065170,95.3125,582.16
756,0.108624,93.7500,501.71
757,0.079426,98.4375,492.98
758,0.061100,96.8750,631.82
759,0.066793,98.4375,501.08
760,0.009046,100.0000,567.19
761,0.034744,98.4375,510.43
762,0.041828,98.4375,581.27
763,0.088992,95.3125,499.07
764,0.066263,96.8750,581.34
765,0.075037,96.8750,502.02
766,0.017668,100.0000,498.97
767,0.047454,96.8750,622.49
768,0.039929,98.4375,504.86
769,0.126382,98.4375,660.69
770,0.047577,96.8750,497.58
771,0.149441,93.7500,561.57
772,0.033157,98.4375,502.03
773,0.127151,93.7500,542.26
774,0.032510,98.4375,561.41
775,0.073563,96.8750,498.27
776,0.031614,100.0000,591.36
777,0.054819,98.4375,506.59
778,0.076843,95.3125,658.91
779,0.021019,100.0000,498.22
780,0.022708,98.4375,596.79
781,0.068996,96.8750,502.79
782,0.059437,100.0000,500.90
783,0.096594,95.3125,607.74
784,0.045232,98.4375,500.25
785,0.044129,98.4375,590.80
786,0.057948,98.4375,497.15
787,0.041563,98.4375,493.65
788,0.102986,96.8750,604.37
789,0.048730,96.8750,501.42
790,0.202148,92.1875,568.45
791,0.087853,95.3125,508.72
792,0.116959,95.3125,560.55
793,0.023437,98.4375,499.56
794,0.071887,95.3125,499.01
795,0.057529,96.8750,638.97
796,0.016141,100.0000,509.86
797,0.065335,96.8750,584.30
798,0.013651,100.0000,498.17
799,0.077395,95.3125,545.26
800,0.009039,100.0000,554.81
801,0.049448,96.8750,498.59
802,0.087538,95.3125,613.25
803,0.118325,95.3125,504.48
804,0.032994,100.0000,566.78
805,0.042346,98.4375,500.43
806,0.011036,100.0000,498.74
807,0.034944,98.4375,637.65
808,0.017461,100.0000,500.60
809,0.042638,98.4375,550.68
810,0.017772,100.0000,552.03
811,0.034321,98.4375,516.30
812,0.056072,98.4375,589.74
813,0.062563,98.4375,500.25
814,0.120392,92.1875,495.82
815,0.049974,98.4375,629.68
816,0.117217,95.3125,512.48
817,0.023330,98.4375,594.58
818,0.057177,98.4375,495.72
819,0.061420,95.3125,601.98
820,0.112146,96.8750,499.62
821,0.029133,98.4375,570.84
822,0.022390,98.4375,511.09
823,0.044186,98.4375,568.52
824,0.068065,96.8750,517.34
825,0.139342,93.7500,495.50
826,0.112415,95.3125,622.95
827,0.118072,93.7500,497.17
828,0.051952,98.4375,555.57
829,0.047439,98.4375,519.82
830,0.017404,100.0000,500.65
831,0.085258,96.8750,599.91
832,0.052455,98.4375,503.94
833,0.080434,96.8750,564.15
834,0.010459,100.0000,517.61
835,0.031361,98.4375,582.97
836,0.092680,98.4375,500.09
837,0.021158,100.0000,589.66
838,0.064436,96.8750,501.03
839,0.048065,95.3125,584.92
840,0.048897,100.0000,500.43
841,0.018424,100.0000,589.70
842,0.046121,98.4375,493.86
843,0.082454,96.8750,552.75
844,0.060743,96.8750,522.30
845,0.139205,93.7500,565.51
846,0.037839,100.0000,524.55
847,0.080655,96.8750,502.20
848,0.070834,96.8750,652.14
849,0.027499,98.4375,499.26
850,0.131198,93.7500,642.47
851,0.235508,93.7500,495.01
852,0.060215,98.4375,551.11
853,0.083651,93.7500,522.19
854,0.026245,100.0000,501.86
855,0.038403,98.4375,583.25
856,0.052563,98.4375,499.45
857,0.004714,100.0000,569.88
858,0.087151,95.3125,525.11
859,0.051504,98.4375,506.45
860,0.018267,100.0000,627.35
861,0.159560,93.7500,510.47
862,0.031542,98.4375,592.51
863,0.086367,98.4375,500.64
864,0.092709,98.4375,557.68
865,0.169470,92.1875,501.10
866,0.088916,96.8750,552.48
867,0.104698,95.3125,551.62
868,0.091196,95.3125,555.44
869,0.049421,98.4375,500.53
870,0.054942,96.8750,500.84
871,0.029060,100.0000,608.73
872,0.008414,100.0000,502.72
873,0.032852,98.4375,565.63
874,0.127095,95.3125,504.43
875,0.077701,96.8750,570.42
876,0.094015,95.3125,508.75
877,0.116013,96.8750,501.90
878,0.097647,95.3125,664.30
879,0.029527,100.0000,500.02
880,0.061440,96.8750,619.40
881,0.065974,95.3125,499.41
882,0.114304,95.3125,549.64
883,0.058948,96.8750,539.80
884,0.123789,95.3125,507.48
885,0.106576,93.7500,659.56
886,0.052190,98.4375,497.34
887,0.023202,98.4375,653.75
888,0.053178,96.8750,501.82
889,0.067601,96.8750,537.57
890,0.077370,96.8750,528.74
891,0.010090,100.0000,568.07
892,0.131674,93.7500,516.62
893,0.167436,93.7500,500.88
894,0.137416,93.7500,595.47
895,0.070297,95.3125,503.49
896,0.120141,95.3125,507.74
897,0.079395,96.8750,629.37
898,0.142662,93.7500,498.99
899,0.035929,98.4375,557.81
900,0.011837,100.0000,493.02
901,0.124329,93.7500,488.29
902,0.115884,96.8750,617.65
903,0.021316,100.0000,487.89
904,0.067421,98.4375,573.91
905,0.083279,96.8750,491.67
906,0.087493,98.4375,486.55
907,0.062683,98.4375,640.22
908,0.105482,93.7500,495.85
909,0.084783,96.8750,616.04
910,0.020653,100.0000,490.72
911,0.022906,100.0000,557.71
912,0.019574,100.0000,516.51
913,0.042300,98.4375,505.75
914,0.055695,96.8750,652.97
915,0.029377,98.4375,502.34
916,0.036716,96.8750,602.69
917,0.247617,93.7500,500.31
918,0.091478,96.8750,634.70
919,0.095355,96.8750,503.69
920,0.062664,98.4375,566.11
921,0.033155,96.8750,507.64
922,0.029538,100.0000,506.46
923,0.020200,100.0000,616.37
924,0.054297,98.4375,532.00
925,0.071232,95.3125,563.81
926,0.065202,96.8750,501.42
927,0.135361,96.8750,584.46
928,0.178092,93.7500,504.62
929,0.052442,98.4375,593.64
930,0.084182,96.8750,501.23
931,0.065689,96.8750,654.06
932,0.039262,98.4375,503.17
933,0.021597,100.0000,622.28
934,0.111643,95.3125,498.79
935,0.023447,100.0000,572.96
936,0.081635,96.8750,500.89
937,0.013716,100.0000,547.21
938,0.041251,96.8750,538.05
939,0.031920,98.4375,531.63
940,0.118523,95.3125,538.22
941,0.052206,96.8750,555.48
942,0.037761,98.4375,512.87
943,0.042960,98.4375,558.81
944,0.024596,100.0000,501.44
945,0.023964,100.0000,493.32
946,0.019967,100.0000,593.47
947,0.051195,98.4375,498.55
948,0.101569,96.8750,506.51
949,0.204720,93.7500,599.30
950,0.035861,98.4375,496.31
951,0.050663,96.8750,556.18
952,0.011392,100.0000,490.51
953,0.079115,95.3125,506.36
954,0.062984,96.8750,576.76
955,0.116764,93.7500,492.21
956,0.058198,98.4375,643.38
957,0.049288,98.4375,507.56
958,0.013779,100.0000,647.82
959,0.069116,96.8750,506.01
960,0.030676,100.0000,588.07
961,0.038348,100.0000,502.29
962,0.064154,98.4375,502.20
963,0.064082,96.8750,616.66
964,0.033283,100.0000,503.64
965,0.024049,100.0000,591.14
966,0.012580,100.0000,502.66
967,0.087774,96.8750,662.43
968,0.013713,100.0000,505.72
969,0.078930,98.4375,551.87
970,0.046067,96.8750,560.01
971,0.077710,96.8750,500.53
972,0.052438,96.8750,590.10
973,0.084654,96.8750,509.91
974,0.072792,98.4375,572.54
975,0.096867,95.3125,504.55
976,0.117994,95.3125,546.64
977,0.095257,96.8750,553.39
978,0.043759,98.4375,538.42
979,0.058071,100.0000,541.25
980,0.065363,96.8750,503.32
981,0.066185,95.3125,616.35
982,0.101377,96.8750,501.88
983,0.055948,98.4375,555.08
984,0.045744,96.8750,501.20
985,0.046383,98.4375,595.38
986,0.019278,100.0000,501.66
987,0.022510,100.0000,517.82
988,0.066068,98.4375,606.92
989,0.004481,100.0000,516.89
990,0.054432,100.0000,586.06
991,0.080581,96.8750,572.73
992,0.063183,96.8750,521.26
993,0.083877,95.3125,517.55
994,0.025308,98.4375,605.06
995,0.045066,98.4375,503.72
996,0.098361,93.7500,633.82
997,0.052778,98.4375,507.58
998,0.079952,93.7500,577.14
999,0.061593,96.8750,505.82
1000,0.055275,98.4375,566.03
1001,0.043325,98.4375,501.02
1002,0.111344,95.3125,497.58
1003,0.067235,96.8750,626.23
1004,0.066182,96.8750,504.54
1005,0.148694,95.3125,544.02
1006,0.056438,96.8750,537.62
1007,0.093122,95.3125,558.16
1008,0.046050,98.4375,503.10
1009,0.067771,95.3125,496.66
1010,0.042501,98.4375,626.31
1011,0.105842,96.8750,498.02
1012,0.031413,100.0000,563.93
1013,0.075905,93.7500,495.64
1014,0.083980,96.8750,502.99
1015,0.094701,93.7500,626.41
1016,0.050905,96.8750,500.62
1017,0.111009,95.3125,553.55
1018,0.113952,96.8750,543.59
1019,0.045751,98.4375,491.88
1020,0.085434,98.4375,578.53
1021,0.034145,100.0000,494.23
1022,0.097092,95.3125,490.21
1023,0.068787,96.8750,605.95
1024,0.101816,95.3125,493.26
1025,0.025300,100.0000,579.52
1026,0.114227,93.7500,495.18
1027,0.033916,98.4375,559.53
1028,0.052891,96.8750,509.66
1029,0.019945,100.0000,566.15
1030,0.076765,93.7500,513.46
1031,0.035396,98.4375,505.31
1032,0.062176,96.8750,612.00
1033,0.099195,93.7500,497.67
1034,0.034130,98.4375,501.49
1035,0.089869,96.8750,639.12
1036,0.033311,100.0000,503.53
1037,0.145516,93.7500,637.38
1038,0.104950,96.8750,509.19
1039,0.030087,98.4375,573.52
1040,0.057253,98.4375,507.33
1041,0.104556,95.3125,500.75
1042,0.012299,100.0000,646.80
1043,0.075606,96.8750,506.50
1044,0.024825,100.0000,665.79
1045,0.017313,100.0000,506.28
1046,0.105922,96.8750,533.23
1047,0.044944,96.8750,570.68
1048,0.057674,98.4375,501.59
1049,0.050428,98.4375,605.22
1050,0.066152,98.4375,550.46
1051,0.082061,96.8750,548.06
1052,0.074175,95.3125,501.48
1053,0.032851,100.0000,569.13
1054,0.061538,98.4375,502.99
1055,0.049303,96.8750,579.56
1056,0.031018,100.0000,503.74
1057,0.045198,96.8750,647.19
1058,0.013114,100.0000,499.77
1059,0.062663,95.3125,555.84
1060,0.081895,95.3125,521.58
1061,0.078922,98.4375,500.68
1062,0.117961,95.3125,593.18
1063,0.100604,96.8750,501.24
1064,0.102274,95.3125,497.10
1065,0.050861,98.4375,631.35
1066,0.066970,96.8750,496.19
1067,0.056654,96.8750,569.29
1068,0.026899,100.0000,504.25
1069,0.050381,96.8750,501.96
1070,0.044148,98.4375,621.57
1071,0.093447,96.8750,500.98
1072,0.063314,98.4375,630.82
1073,0.075999,95.3125,505.09
1074,0.049517,98.4375,520.25
1075,0.045475,98.4375,580.85
1076,0.093048,96.8750,496.85
1077,0.045961,98.4375,587.41
1078,0.075656,98.4375,501.60
1079,0.074193,95.3125,519.58
1080,0.090594,95.3125,574.23
1081,0.057073,96.8750,499.44
1082,0.030453,100.0000,648.24
1083,0.186714,95.3125,497.60
1084,0.066042,98.4375,628.66
1085,0.081355,98.4375,500.36
1086,0.114596,95.3125,664.30
1087,0.030989,98.4375,505.39
1088,0.103996,96.8750,581.18
1089,0.026399,100.0000,504.51
1090,0.026969,100.0000,501.45
1091,0.033740,98.4375,614.02
1092,0.072404,96.8750,498.51
1093,0.030277,98.4375,569.87
1094,0.026920,98.4375,499.87
1095,0.012498,100.0000,507.71
1096,0.080967,98.4375,620.43
1097,0.046691,98.4375,533.47
1098,0.109093,95.3125,551.53
1099,0.045292,98.4375,563.56
1100,0.067639,98.4375,501.36
1101,0.064465,96.8750,576.16
1102,0.042279,98.4375,519.46
1103,0.010052,100.0000,497.69
1104,0.053553,96.8750,633.46
1105,0.065486,98.4375,522.65
1106,0.052079,98.4375,585.14
1107,0.021191,100.0000,500.65
1108,0.023021,100.0000,568.30
1109,0.028513,98.4375,509.97
1110,0.046110,100.0000,499.23
1111,0.042117,98.4375,648.53
1112,0.016187,100.0000,497.31
1113,0.097270,96.8750,538.43
1114,0.025343,98.4375,530.80
1115,0.034234,100.0000,506.87
1116,0.171276,93.7500,657.43
1117,0.039728,96.8750,503.26
1118,0.041681,98.4375,652.18
1119,0.089290,96.8750,495.81
1120,0.035903,98.4375,585.47
1121,0.082560,96.8750,494.77
1122,0.144129,93.7500,575.51
1123,0.164807,93.7500,513.72
1124,0.062200,98.4375,499.87
1125,0.061697,98.4375,587.54
1126,0.049295,96.8750,502.86
1127,0.114101,96.8750,647.91
1128,0.048483,98.4375,497.43
1129,0.048682,96.8750,583.87
1130,0.005401,100.0000,496.85
1131,0.061484,98.4375,590.17
1132,0.086852,95.3125,497.62
1133,0.056875,98.4375,523.08
1134,0.052944,96.8750,558.69
1135,0.013977,100.0000,560.70
1136,0.058461,96.8750,531.19
1137,0.067949,96.8750,498.75
1138,0.062788,98.4375,647.05
1139,0.081761,96.8750,505.13
1140,0.104084,96.8750,624.26
1141,0.071171,95.3125,498.42
1142,0.126772,93.7500,629.09
1143,0.088088,95.3125,499.91
1144,0.099920,95.3125,562.25
1145,0.067066,96.8750,500.22
1146,0.088139,96.8750,514.22
1147,0.071328,96.8750,576.43
1148,0.081697,95.3125,519.23
1149,0.009312,100.0000,586.94
1150,0.215183,95.3125,502.07
1151,0.042089,98.4375,614.53
1152,0.045144,98.4375,500.31
1153,0.080932,95.3125,604.05
1154,0.030982,98.4375,514.32
1155,0.053912,98.4375,646.80
1156,0.086514,95.3125,504.02
1157,0.068113,96.8750,642.14
1158,0.083488,93.7500,504.04
1159,0.015042,100.0000,602.15
1160,0.098729,96.8750,499.86
1161,0.026563,100.0000,543.50
1162,0.077504,98.4375,551.84
1163,0.139812,93.7500,497.39
1164,0.148793,93.7500,600.79
1165,0.022161,100.0000,501.75
1166,0.015995,100.0000,615.01
1167,0.074688,96.8750,501.69
1168,0.031146,100.0000,598.47
1169,0.041863,98.4375,508.42
1170,0.022381,98.4375,553.54
1171,0.066489,98.4375,539.46
1172,0.036035,98.4375,499.21
1173,0.053532,98.4375,647.27
1174,0.068222,98.4375,498.99
1175,0.093243,96.8750,569.39
1176,0.057170,96.8750,500.48
1177,0.058516,98.4375,522.59
1178,0.026775,100.0000,662.75
1179,0.168864,90.6250,502.05
1180,0.089869,95.3125,599.67
1181,0.083108,98.4375,501.61
1182,0.080312,98.4375,506.09
1183,0.042439,98.4375,597.70
1184,0.043954,96.8750,500.56
1185,0.073355,96.8750,594.90
1186,0.046198,98.4375,499.39
1187,0.039476,98.4375,585.57
1188,0.055255,96.8750,499.29
1189,0.047091,98.4375,594.63
1190,0.067373,96.8750,496.31
1191,0.014138,100.0000,508.12
1192,0.008065,100.0000,607.79
1193,0.042330,96.8750,504.03
1194,0.075285,96.8750,566.45
1195,0.045322,98.4375,505.39
1196,0.023976,100.0000,498.71
1197,0.077426,96.8750,629.63
1198,0.016117,100.0000,502.89
1199,0.055455,100.0000,616.77
1200,0.030032,100.0000,501.76
1201,0.007736,100.0000,599.98
1202,0.049339,98.4375,504.40
1203,0.024244,98.4375,590.25
1204,0.081356,95.3125,507.78
1205,0.021505,100.0000,563.96
1206,0.053532,96.8750,502.02
1207,0.091410,95.3125,498.65
1208,0.021847,100.0000,594.85
1209,0.074740,96.8750,497.19
1210,0.036764,98.4375,572.69
1211,0.081660,95.3125,499.43
1212,0.110958,95.3125,566.64
1213,0.081324,96.8750,497.98
1214,0.117322,95.3125,507.19
1215,0.073032,96.8750,594.79
1216,0.071474,96.8750,495.85
1217,0.045716,98.4375,585.14
1218,0.007116,100.0000,522.17
1219,0.091555,98.4375,558.64
1220,0.067959,98.4375,517.24
1221,0.020883,98.4375,552.05
1222,0.170977,92.1875,520.77
1223,0.043297,96.8750,504.11
1224,0.053634,96.8750,587.83
1225,0.035787,98.4375,502.60
1226,0.031122,98.4375,521.73
1227,0.097218,98.4375,580.03
1228,0.154748,95.3125,499.36
1229,0.084367,96.8750,622.90
1230,0.101544,95.3125,499.03
1231,0.097549,93.7500,582.28
1232,0.086554,96.8750,504.22
1233,0.196686,92.1875,564.06
1234,0.060802,98.4375,500.04
1235,0.064127,98.4375,530.99
1236,0.130832,95.3125,532.97
1237,0.058123,98.4375,502.65
1238,0.058046,96.8750,593.48
1239,0.064433,98.4375,505.86
1240,0.058206,98.4375,554.05
1241,0.039659,98.4375,501.95
1242,0.203995,90.6250,499.27
1243,0.099097,96.8750,652.69
1244,0.060643,95.3125,503.10
1245,0.032368,98.4375,572.05
1246,0.052252,98.4375,501.73
1247,0.057489,98.4375,499.42
1248,0.089201,98.4375,622.31
1249,0.074304,95.3125,499.81
1250,0.047749,96.8750,575.57
1251,0.034157,98.4375,509.49
1252,0.131774,96.8750,560.83
1253,0.067390,96.8750,549.86
1254,0.023060,100.0000,505.39
1255,0.131574,95.3125,615.56
1256,0.065621,98.4375,504.90
1257,0.107068,96.8750,582.05
1258,0.058368,98.4375,505.56
1259,0.101399,93.7500,564.57
1260,0.065906,95.3125,501.82
1261,0.021571,98.4375,562.23
1262,0.052390,98.4375,501.49
1263,0.027045,98.4375,509.52
1264,0.059012,98.4375,600.11
1265,0.035224,100.0000,494.34
1266,0.122153,95.3125,595.15
1267,0.115436,93.7500,498.75
1268,0.132195,93.7500,556.67
1269,0.031945,98.4375,502.78
1270,0.104952,98.4375,495.77
1271,0.084263,95.3125,616.09
1272,0.014255,100.0000,492.87
1273,0.054987,98.4375,561.00
1274,0.051483,100.0000,500.36
1275,0.061100,96.8750,503.84
1276,0.025811,98.4375,613.98
1277,0.053995,98.4375,498.02
1278,0.091652,96.8750,634.69
1279,0.042198,98.4375,500.25
1280,0.089670,95.3125,645.86
1281,0.130561,95.3125,533.62
1282,0.061036,98.4375,573.14
1283,0.100345,92.1875,545.49
1284,0.049431,98.4375,536.63
1285,0.133932,95.3125,534.19
1286,0.037348,98.4375,535.15
1287,0.070707,98.4375,502.05
1288,0.064281,95.3125,653.47
1289,0.044376,100.0000,501.95
1290,0.069435,95.3125,547.88
1291,0.066400,98.4375,547.58
1292,0.050337,98.4375,497.52
1293,0.057273,98.4375,655.04
1294,0.146559,93.7500,498.02
1295,0.159910,95.3125,535.34
1296,0.025408,100.0000,559.65
1297,0.079020,98.4375,505.20
1298,0.044611,96.8750,611.11
1299,0.126741,95.3125,498.90
1300,0.023792,100.0000,589.24
1301,0.073141,96.8750,504.83
1302,0.059094,98.4375,622.79
1303,0.154893,92.1875,500.99
1304,0.035414,98.4375,655.82
1305,0.053512,98.4375,513.50
1306,0.031109,100.0000,588.36
1307,0.019216,100.0000,506.18
1308,0.049286,98.4375,599.58
1309,0.076784,96.8750,501.92
1310,0.040459,98.4375,595.32
1311,0.009382,100.0000,501.10
1312,0.045969,96.8750,496.78
1313,0.151322,93.7500,640.51
1314,0.163813,93.7500,501.25
1315,0.056021,98.4375,608.71
1316,0.089818,96.8750,504.24
1317,0.155346,92.1875,669.07
1318,0.090324,96.8750,512.08
1319,0.079904,96.8750,566.24
1320,0.079929,95.3125,513.84
1321,0.029073,100.0000,495.14
1322,0.047701,98.4375,648.62
1323,0.060590,98.4375,505.98
1324,0.088809,96.8750,640.14
1325,0.058079,96.8750,507.54
1326,0.025039,100.0000,496.85
1327,0.067859,93.7500,594.65
1328,0.084028,95.3125,499.38
1329,0.117181,93.7500,597.13
1330,0.061718,98.4375,503.81
1331,0.148756,93.7500,650.44
1332,0.033115,96.8750,498.98
1333,0.020848,98.4375,622.77
1334,0.029053,100.0000,506.38
1335,0.037928,100.0000,635.11
1336,0.010368,100.0000,503.38
1337,0.033908,98.4375,585.55
1338,0.182705,93.7500,498.55
1339,0.044763,96.8750,599.68
1340,0.045193,98.4375,499.46
1341,0.012211,100.0000,496.92
1342,0.033993,98.4375,592.57
1343,0.126082,95.3125,500.17
1344,0.098981,96.8750,609.89
1345,0.129286,95.3125,506.25
1346,0.115899,93.7500,573.68
1347,0.061974,96.8750,504.15
1348,0.040440,98.4375,495.31
1349,0.006961,100.0000,618.25
1350,0.043194,100.0000,500.15
1351,0.033259,98.4375,587.79
1352,0.018973,98.4375,502.39
1353,0.020698,100.0000,547.58
1354,0.043264,100.0000,558.32
1355,0.039435,100.0000,582.41
1356,0.048553,98.4375,498.51
1357,0.039204,98.4375,500.10
1358,0.033564,100.0000,608.30
1359,0.080406,98.4375,517.78
1360,0.035803,100.0000,582.07
1361,0.034266,98.4375,501.16
1362,0.033311,100.0000,664.10
1363,0.031457,100.0000,517.24
1364,0.035109,100.0000,583.48
1365,0.017927,98.4375,503.52
1366,0.110044,95.3125,595.66
1367,0.046799,100.0000,500.57
1368,0.049600,98.4375,586.37
1369,0.063291,96.8750,502.91
1370,0.058960,98.4375,496.74
1371,0.090808,96.8750,655.06
1372,0.066598,96.8750,502.48
1373,0.054481,98.4375,642.80
1374,0.084755,96.8750,502.44
1375,0.046908,96.8750,581.91
1376,0.044894,98.4375,502.41
1377,0.112438,95.3125,613.09
1378,0.091917,95.3125,504.32
1379,0.051515,98.4375,577.33
1380,0.068264,96.8750,497.36
1381,0.089196,96.8750,565.77
1382,0.057952,98.4375,521.29
1383,0.030827,100.0000,529.52
1384,0.092380,98.4375,564.37
1385,0.109359,93.7500,501.86
1386,0.020433,100.0000,597.10
1387,0.045004,100.0000,500.98
1388,0.057508,98.4375,627.63
1389,0.069790,96.8750,501.55
1390,0.019255,100.0000,635.82
1391,0.005189,100.0000,501.12
1392,0.076295,96.8750,652.98
1393,0.094070,95.3125,518.39
1394,0.047307,98.4375,579.17
1395,0.091820,95.3125,500.94
1396,0.108484,95.3125,605.98
1397,0.103792,93.7500,524.54
1398,0.101568,95.3125,597.06
1399,0.072673,95.3125,512.53
1400,0.101255,96.8750,572.93
1401,0.052945,96.8750,499.40
1402,0.058860,98.4375,499.26
1403,0.069906,96.8750,604.88
1404,0.041625,98.4375,502.78
1405,0.101859,92.1875,657.02
1406,0.064565,98.4375,505.60
1407,0.026839,100.0000,605.37
1408,0.058066,96.8750,499.31
1409,0.048760,98.4375,566.73
1410,0.077229,96.8750,503.59
1411,0.014294,100.0000,574.27
1412,0.011021,100.0000,499.88
1413,0.079461,96.8750,503.96
1414,0.076949,95.3125,639.49
1415,0.162982,92.1875,501.79
1416,0.065220,98.4375,622.70
1417,0.085517,95.3125,502.48
1418,0.065990,98.4375,630.11
1419,0.040841,98.4375,505.55
1420,0.080420,96.8750,592.86
1421,0.012327,100.0000,499.63
1422,0.093930,95.3125,543.31
1423,0.023570,100.0000,544.78
1424,0.065898,98.4375,502.00
1425,0.071025,96.8750,598.05
1426,0.098427,95.3125,500.19
1427,0.039480,98.4375,627.92
1428,0.154031,93.7500,503.08
1429,0.028333,100.0000,555.29
1430,0.167773,96.8750,535.42
1431,0.059495,95.3125,575.33
1432,0.129883,95.3125,500.23
1433,0.071211,95.3125,513.54
1434,0.082125,95.3125,648.03
1435,0.075938,95.3125,501.01
1436,0.113444,95.3125,578.67
1437,0.047871,98.4375,507.08
1438,0.014462,100.0000,507.85
1439,0.022810,100.0000,621.54
1440,0.055074,96.8750,509.32
1441,0.013811,100.0000,534.77
1442,0.159334,95.3125,558.08
1443,0.049735,96.8750,502.02
1444,0.107614,96.8750,595.06
1445,0.057148,95.3125,507.80
1446,0.062591,98.4375,557.34
1447,0.036657,100.0000,500.04
1448,0.069058,98.4375,584.33
1449,0.056184,98.4375,505.17
1450,0.020268,100.0000,590.38
1451,0.041508,98.4375,499.51
1452,0.078275,95.3125,501.34
1453,0.124611,93.7500,603.95
1454,0.016687,98.4375,501.59
1455,0.088829,98.4375,608.59
1456,0.065748,98.4375,501.39
1457,0.084888,95.3125,603.78
1458,0.051113,96.8750,501.20
1459,0.057531,96.8750,600.85
1460,0.041827,98.4375,504.65
1461,0.058753,98.4375,571.62
1462,0.124560,95.3125,506.70
1463,0.046075,98.4375,556.30
1464,0.058566,98.4375,503.36
1465,0.017552,100.0000,495.80
1466,0.098360,96.8750,656.01
1467,0.109847,95.3125,499.51
1468,0.072248,95.3125,546.91
1469,0.056785,98.4375,555.68
1470,0.053415,98.4375,511.35
1471,0.125859,93.7500,648.98
1472,0.050875,98.4375,503.18
1473,0.102265,95.3125,553.65
1474,0.107451,95.3125,500.83
1475,0.030625,98.4375,504.03
1476,0.035636,100.0000,636.38
1477,0.049915,96.8750,495.91
1478,0.034426,98.4375,602.35
1479,0.056075,98.4375,499.01
1480,0.034166,98.4375,646.91
1481,0.022609,100.0000,498.23
1482,0.089747,96.8750,563.64
1483,0.023853,100.0000,497.33
1484,0.167827,95.3125,555.95
1485,0.086241,96.8750,531.60
1486,0.037628,98.4375,503.02
1487,0.111031,95.3125,587.24
1488,0.070983,96.8750,505.04
1489,0.034900,96.8750,610.54
1490,0.071432,96.8750,547.80
1491,0.038315,98.4375,549.53
1492,0.047161,98.4375,576.87
1493,0.113837,93.7500,505.40
1494,0.037098,98.4375,593.20
1495,0.032213,98.4375,501.98
1496,0.042736,96.8750,543.42
1497,0.089227,95.3125,553.23
1498,0.030684,96.8750,500.88
1499,0.051342,96.8750,589.98
1500,0.074574,96.8750,502.30
1501,0.017809,100.0000,591.18
1502,0.031479,100.0000,501.98
1503,0.088144,95.3125,495.36
1504,0.163550,92.1875,643.87
1505,0.049132,98.4375,516.06
1506,0.072786,98.4375,593.82
1507,0.015313,100.0000,560.98
1508,0.049039,98.4375,523.61
1509,0.057075,96.8750,552.19
1510,0.039887,98.4375,555.91
1511,0.052328,96.8750,553.90
1512,0.144903,93.7500,538.10
1513,0.042115,98.4375,505.93
1514,0.043852,100.0000,635.08
1515,0.134417,95.3125,504.33
1516,0.098989,95.3125,601.45
1517,0.043932,100.0000,499.86
1518,0.076382,96.8750,644.36
1519,0.139336,93.7500,535.35
1520,0.061853,98.4375,546.50
1521,0.168230,92.1875,551.91
1522,0.061233,96.8750,525.10
1523,0.078811,96.8750,566.32
1524,0.026307,100.0000,500.45
1525,0.042066,98.4375,499.89
1526,0.128621,95.3125,622.80
1527,0.052652,96.8750,503.96
1528,0.180865,95.3125,576.60
1529,0.078548,96.8750,504.77
1530,0.129865,96.8750,514.48
1531,0.057799,98.4375,585.94
1532,0.059885,96.8750,501.38
1533,0.033223,100.0000,569.03
1534,0.050206,98.4375,501.67
1535,0.055617,98.4375,545.25
1536,0.042577,100.0000,566.65
1537,0.012565,100.0000,500.54
1538,0.048634,96.8750,648.14
1539,0.107774,95.3125,503.40
1540,0.037093,98.4375,550.78
1541,0.049141,96.8750,546.67
1542,0.086091,96.8750,507.86
1543,0.176986,95.3125,582.68
1544,0.112405,92.1875,510.01
1545,0.121020,95.3125,502.14
1546,0.097598,95.3125,664.69
1547,0.109041,96.8750,506.95
1548,0.073509,95.3125,548.89
1549,0.051990,96.8750,566.39
1550,0.070587,96.8750,502.09
1551,0.061381,96.8750,567.14
1552,0.086306,95.3125,506.44
1553,0.044867,96.8750,504.36
1554,0.149346,95.3125,650.76
1555,0.046034,98.4375,527.46
1556,0.157364,93.7500,571.76
1557,0.049214,98.4375,501.35
1558,0.014970,100.0000,600.19
1559,0.100757,93.7500,502.49
1560,0.174629,90.6250,599.11
1561,0.059636,100.0000,523.51
1562,0.063797,98.4375,607.18
1563,0.088695,96.8750,538.63
1564,0.078125,98.4375,564.75
1565,0.071230,98.4375,551.04
1566,0.016523,100.0000,526.51
1567,0.141648,95.3125,498.05
1568,0.042268,98.4375,584.30
1569,0.074479,98.4375,498.28
1570,0.030968,100.0000,561.38
1571,0.101928,95.3125,521.48
1572,0.048754,98.4375,568.73
1573,0.046439,98.4375,501.10
1574,0.098284,96.8750,572.10
1575,0.129230,93.7500,500.18
1576,0.034653,98.4375,499.83
1577,0.089464,98.4375,618.53
1578,0.093556,95.3125,496.69
1579,0.035682,98.4375,552.46
1580,0.044571,98.4375,557.26
1581,0.099653,95.3125,499.73
1582,0.080898,96.8750,582.79
1583,0.099236,95.3125,505.87
1584,0.013810,100.0000,547.92
1585,0.017072,100.0000,528.51
1586,0.085813,96.8750,562.81
1587,0.046224,98.4375,496.95
1588,0.011136,100.0000,546.28
1589,0.024474,98.4375,533.82
1590,0.102632,98.4375,498.86
1591,0.062946,98.4375,644.97
1592,0.116413,98.4375,503.72
1593,0.088045,98.4375,556.92
1594,0.058013,98.4375,504.12
1595,0.142214,96.8750,509.76
1596,0.085285,95.3125,605.70
1597,0.009974,100.0000,498.55
1598,0.017258,100.0000,646.50
1599,0.088677,95.3125,540.93
1600,0.075931,96.8750,553.17
1601,0.039302,100.0000,500.49
1602,0.011646,100.0000,564.43
1603,0.063911,96.8750,505.66
1604,0.050568,98.4375,554.42
1605,0.018297,100.0000,506.55
1606,0.089320,98.4375,538.43
1607,0.107834,96.8750,560.69
1608,0.040417,100.0000,496.73
1609,0.019792,100.0000,595.00
1610,0.108738,98.4375,506.24
1611,0.034522,100.0000,615.41
1612,0.022002,100.0000,501.07
1613,0.056907,100.0000,659.03
1614,0.100563,93.7500,503.14
1615,0.065828,96.8750,534.83
1616,0.187799,92.1875,568.73
1617,0.084300,96.8750,507.83
1618,0.066283,98.4375,590.32
1619,0.054499,98.4375,499.48
1620,0.038444,98.4375,499.97
1621,0.119995,92.1875,612.81
1622,0.046453,98.4375,500.09
1623,0.052786,96.8750,587.14
1624,0.054869,98.4375,495.74
1625,0.015164,100.0000,544.91
1626,0.095167,95.3125,558.45
1627,0.041282,98.4375,534.36
1628,0.102262,93.7500,550.44
1629,0.111177,95.3125,514.13
1630,0.025767,100.0000,590.17
1631,0.038291,98.4375,498.93
1632,0.028886,100.0000,639.42
1633,0.014936,100.0000,502.79
1634,0.079601,96.8750,551.45
1635,0.064774,98.4375,546.94
1636,0.060457,98.4375,525.69
1637,0.043065,98.4375,580.25
1638,0.057382,98.4375,509.09
1639,0.090985,98.4375,637.44
1640,0.044018,96.8750,501.51
1641,0.029799,100.0000,587.40
1642,0.057296,96.8750,503.86
1643,0.067139,95.3125,549.76
1644,0.103011,93.7500,552.20
1645,0.025403,100.0000,502.78
1646,0.069796,98.4375,620.21
1647,0.027264,100.0000,505.87
1648,0.102174,95.3125,568.24
1649,0.029782,98.4375,519.74
1650,0.086481,96.8750,501.71
1651,0.050323,98.4375,644.99
1652,0.026031,100.0000,503.27
1653,0.064978,96.8750,667.98
1654,0.017564,100.0000,499.15
1655,0.040289,98.4375,561.45
1656,0.092770,95.3125,508.18
1657,0.022115,100.0000,500.14
1658,0.029384,98.4375,585.03
1659,0.028907,100.0000,501.49
1660,0.028965,98.4375,573.33
1661,0.049002,100.0000,501.63
1662,0.083387,96.8750,574.03
1663,0.119688,92.1875,500.17
1664,0.081291,96.8750,578.92
1665,0.058224,96.8750,504.88
1666,0.071041,96.8750,518.94
1667,0.026631,100.0000,623.06
1668,0.048568,98.4375,502.58
1669,0.092246,96.8750,502.05
1670,0.075042,96.8750,603.55
1671,0.108946,95.3125,501.42
1672,0.045013,100.0000,580.00
1673,0.035389,98.4375,502.80
1674,0.068648,96.8750,538.72
1675,0.071086,96.8750,559.28
1676,0.027292,100.0000,503.93
1677,0.031569,98.4375,628.07
1678,0.059320,98.4375,502.19
1679,0.044994,96.8750,563.02
1680,0.073462,96.8750,502.78
1681,0.075061,96.8750,498.50
1682,0.121332,95.3125,652.70
1683,0.016881,100.0000,500.89
1684,0.113206,93.7500,576.06
1685,0.072749,96.8750,502.35
1686,0.006642,100.0000,494.47
1687,0.065029,98.4375,639.75
1688,0.027894,98.4375,500.52
1689,0.098340,93.7500,659.09
1690,0.049950,98.4375,511.15
1691,0.102172,93.7500,577.55
1692,0.049035,98.4375,519.28
1693,0.134832,93.7500,500.91
1694,0.099354,95.3125,596.71
1695,0.100884,96.8750,500.41
1696,0.062073,96.8750,613.37
1697,0.028263,98.4375,531.75
1698,0.093031,96.8750,562.22
1699,0.066883,98.4375,542.60
1700,0.125078,96.8750,550.39
1701,0.106130,98.4375,500.73
1702,0.150559,95.3125,646.70
1703,0.083790,95.3125,497.54
1704,0.080024,95.3125,547.17
1705,0.031534,100.0000,548.14
1706,0.064062,98.4375,504.21
1707,0.043463,100.0000,616.95
1708,0.041651,100.0000,500.21
1709,0.095697,96.8750,590.39
1710,0.023204,98.4375,501.13
1711,0.027853,100.0000,553.31
1712,0.028245,100.0000,542.88
1713,0.050924,98.4375,574.15
1714,0.091144,95.3125,501.45
1715,0.043637,98.4375,501.80
1716,0.041373,100.0000,623.89
1717,0.028886,98.4375,501.53
1718,0.098803,95.3125,542.60
1719,0.052938,96.8750,548.52
1720,0.018311,100.0000,559.29
1721,0.173971,93.7500,537.38
1722,0.017485,100.0000,501.58
1723,0.053020,98.4375,654.61
1724,0.138450,95.3125,500.65
1725,0.099075,96.8750,593.25
1726,0.072059,98.4375,512.84
1727,0.026794,98.4375,568.76
1728,0.049322,100.0000,502.16
1729,0.046820,98.4375,564.54
1730,0.072392,98.4375,501.24
1731,0.046410,98.4375,504.55
1732,0.101056,95.3125,644.87
1733,0.051596,96.8750,503.20
1734,0.070445,98.4375,605.23
1735,0.050924,100.0000,521.53
1736,0.092442,96.8750,590.09
1737,0.105500,98.4375,517.72
1738,0.166912,95.3125,600.87
1739,0.032099,100.0000,505.92
1740,0.032778,98.4375,605.11
1741,0.085562,98.4375,503.01
1742,0.030193,98.4375,682.61
1743,0.060261,96.8750,505.37
1744,0.032742,100.0000,642.45
1745,0.027007,98.4375,500.27
1746,0.083056,96.8750,545.49
1747,0.016463,100.0000,551.06
1748,0.033761,98.4375,501.58
1749,0.051369,96.8750,596.80
1750,0.047950,98.4375,504.92
1751,0.058324,98.4375,558.75
1752,0.074559,98.4375,502.52
1753,0.032053,100.0000,566.51
1754,0.064589,96.8750,512.30
1755,0.090866,96.8750,552.51
1756,0.036680,98.4375,549.34
1757,0.013868,100.0000,571.60
1758,0.019933,100.0000,504.67
1759,0.080585,98.4375,570.37
1760,0.105720,95.3125,501.51
1761,0.025965,98.4375,547.90
1762,0.079797,96.8750,562.00
1763,0.028113,100.0000,528.52
1764,0.047580,96.8750,606.00
1765,0.104702,93.7500,499.06
1766,0.026022,100.0000,652.70
1767,0.101265,93.7500,506.59
1768,0.038867,98.4375,561.44
1769,0.032732,98.4375,521.73
1770,0.061427,98.4375,572.67
1771,0.056146,98.4375,500.66
1772,0.100559,95.3125,504.03
1773,0.057756,98.4375,603.52
1774,0.036148,100.0000,521.78
1775,0.023825,100.0000,588.83
1776,0.142095,95.3125,501.48
1777,0.023195,98.4375,643.33
1778,0.065764,96.8750,508.61
1779,0.080990,96.8750,633.97
1780,0.078183,98.4375,505.21
1781,0.043060,98.4375,604.76
1782,0.030564,100.0000,506.95
1783,0.179865,95.3125,497.92
1784,0.047125,98.4375,637.09
1785,0.048457,96.8750,551.60
1786,0.063247,96.8750,545.18
1787,0.109755,93.7500,501.91
1788,0.021658,100.0000,655.70
1789,0.051267,98.4375,499.51
1790,0.078922,96.8750,626.97
1791,0.054741,96.8750,501.35
1792,0.014631,100.0000,632.00
1793,0.005253,100.0000,500.30
1794,0.016015,100.0000,641.22
1795,0.112676,98.4375,505.91
1796,0.011424,100.0000,550.81
1797,0.096128,93.7500,545.99
1798,0.114249,95.3125,562.72
1799,0.104247,95.3125,506.60
1800,0.044254,98.4375,581.35
1801,0.036337,98.4375,499.04
1802,0.060742,98.4375,549.57
1803,0.030622,98.4375,531.48
1804,0.022544,100.0000,562.07
1805,0.017565,100.0000,500.12
1806,0.034674,98.4375,584.99
1807,0.077477,95.3125,502.67
1808,0.137959,93.7500,536.07
1809,0.078117,98.4375,561.05
1810,0.115073,95.3125,546.76
1811,0.110425,95.3125,527.48
1812,0.005594,100.0000,510.02
1813,0.060551,100.0000,600.86
1814,0.068256,96.8750,505.47
1815,0.081798,96.8750,589.76
1816,0.119700,98.4375,495.24
1817,0.051542,98.4375,500.62
1818,0.092031,96.8750,633.49
1819,0.072703,95.3125,505.04
1820,0.029123,100.0000,570.04
1821,0.100263,95.3125,509.54
1822,0.012138,100.0000,553.27
1823,0.086058,96.8750,553.99
1824,0.036230,98.4375,552.82
1825,0.077810,96.8750,543.42
1826,0.055128,96.8750,508.29
1827,0.074063,98.4375,637.56
1828,0.005660,100.0000,506.24
1829,0.060509,96.8750,636.09
1830,0.019978,100.0000,507.69
1831,0.031777,100.0000,579.34
1832,0.106328,95.3125,503.40
1833,0.061274,98.4375,544.05
1834,0.073521,96.8750,547.34
1835,0.104740,98.4375,514.42
1836,0.028923,98.4375,658.85
1837,0.034013,100.0000,509.90
1838,0.055856,96.8750,608.11
1839,0.045230,100.0000,503.77
1840,0.011549,100.0000,591.82
1841,0.048726,96.8750,502.80
1842,0.077296,96.8750,603.17
1843,0.053022,98.4375,502.88
1844,0.025211,100.0000,582.78
1845,0.055382,96.8750,520.89
1846,0.008241,100.0000,547.56
1847,0.022974,98.4375,551.12
1848,0.041315,98.4375,501.90
1849,0.037880,100.0000,616.29
1850,0.122111,93.7500,502.20
1851,0.043030,100.0000,592.86
1852,0.022139,100.0000,509.93
1853,0.029434,100.0000,571.97
1854,0.037757,98.4375,516.82
1855,0.037914,98.4375,505.17
1856,0.036332,100.0000,622.37
1857,0.016204,100.0000,500.59
1858,0.196985,92.1875,551.55
1859,0.018622,98.4375,564.05
1860,0.121544,95.3125,508.61
1861,0.068566,96.8750,570.97
1862,0.081218,98.4375,503.05
1863,0.010317,100.0000,562.84
1864,0.073411,95.3125,502.68
1865,0.021422,100.0000,583.14
1866,0.037220,98.4375,507.14
1867,0.067368,96.8750,653.59
1868,0.040219,100.0000,506.45
1869,0.017665,100.0000,569.22
1870,0.198168,93.7500,501.86
1871,0.075274,96.8750,548.09
1872,0.108033,93.7500,537.34
1873,0.044628,98.4375,500.65
1874,0.046690,98.4375,598.54
1875,0.037818,98.4375,505.56
1876,0.058316,98.4375,559.71
1877,0.071015,96.8750,506.94
1878,0.067184,98.4375,553.58
1879,0.050289,98.4375,526.75
1880,0.030413,98.4375,542.06
1881,0.023322,100.0000,561.91
1882,0.055423,98.4375,499.86
1883,0.053284,98.4375,659.89
1884,0.027955,98.4375,501.67
1885,0.047619,98.4375,596.75
1886,0.140732,96.8750,499.43
1887,0.045071,98.4375,551.80
1888,0.091234,96.8750,539.76
1889,0.007132,100.0000,501.57
1890,0.183294,95.3125,637.94
1891,0.005812,100.0000,506.58
1892,0.113308,96.8750,531.47
1893,0.113487,93.7500,583.39
1894,0.058243,96.8750,501.61
1895,0.053492,98.4375,571.88
1896,0.100462,96.8750,501.38
1897,0.057093,96.8750,513.25
1898,0.037406,98.4375,592.79
1899,0.049424,98.4375,507.46
1900,0.133664,95.3125,562.78
1901,0.071912,98.4375,505.19
1902,0.078684,98.4375,504.00
1903,0.044187,96.8750,608.62
1904,0.085534,98.4375,503.72
1905,0.099693,95.3125,616.23
1906,0.041148,96.8750,503.63
1907,0.053251,96.8750,595.61
1908,0.048752,96.8750,503.55
1909,0.075153,96.8750,523.93
1910,0.113159,95.3125,602.68
1911,0.087252,96.8750,496.54
1912,0.044358,96.8750,625.93
1913,0.085656,95.3125,501.49
1914,0.042484,98.4375,582.79
1915,0.013968,100.0000,499.30
1916,0.013915,100.0000,498.51
1917,0.090659,95.3125,603.47
1918,0.071335,96.8750,504.88
1919,0.050271,96.8750,599.07
1920,0.036254,98.4375,498.77
1921,0.030373,98.4375,565.66
1922,0.106843,96.8750,516.15
1923,0.221240,90.6250,550.66
1924,0.060966,96.8750,553.67
1925,0.064635,96.8750,564.57
1926,0.056785,96.8750,497.69
1927,0.064052,98.4375,529.49
1928,0.100492,93.7500,566.43
1929,0.035476,98.4375,500.92
1930,0.069450,96.8750,578.29
1931,0.056222,96.8750,498.91
1932,0.119277,93.7500,522.08
1933,0.031957,98.4375,581.14
1934,0.038136,98.4375,503.85
1935,0.017185,100.0000,581.44
1936,0.042070,98.4375,503.94
1937,0.125052,93.7500,588.17
1938,0.028731,98.4375,502.90
1939,0.037165,98.4375,575.52
1940,0.050274,98.4375,499.65
1941,0.077089,95.3125,504.66
1942,0.087326,96.8750,638.38
1943,0.086186,96.8750,495.47
1944,0.027704,100.0000,656.46
1945,0.063534,96.8750,501.61
1946,0.066124,96.8750,627.51
1947,0.020691,98.4375,497.15
1948,0.047979,100.0000,589.01
1949,0.051404,100.0000,508.14
1950,0.023442,100.0000,541.95
1951,0.027784,98.4375,562.07
1952,0.102467,96.8750,554.74
1953,0.025011,100.0000,534.83
1954,0.003088,100.0000,500.60
1955,0.038139,98.4375,649.34
1956,0.032562,100.0000,502.03
1957,0.088920,98.4375,590.28
1958,0.049599,98.4375,502.06
1959,0.015053,100.0000,639.44
1960,0.039461,98.4375,498.78
1961,0.088339,93.7500,586.17
1962,0.017107,98.4375,504.29
1963,0.032562,98.4375,650.94
1964,0.079222,98.4375,502.67
1965,0.042492,96.8750,564.96
1966,0.041359,98.4375,503.60
1967,0.017537,100.0000,566.07
1968,0.097340,95.3125,502.30
1969,0.048462,98.4375,564.36
1970,0.065547,98.4375,503.87
1971,0.027988,100.0000,500.57
1972,0.099994,93.7500,632.92
1973,0.074080,98.4375,503.42
1974,0.069853,96.8750,637.01
1975,0.073357,96.8750,503.14
1976,0.067472,96.8750,567.27
1977,0.034905,96.8750,506.80
1978,0.095667,96.8750,538.71
1979,0.102239,96.8750,546.71
1980,0.011643,100.0000,550.10
1981,0.015279,100.0000,556.21
1982,0.031574,98.4375,513.01
1983,0.023416,100.0000,656.94
1984,0.066574,96.8750,520.43
1985,0.024081,100.0000,595.59
1986,0.044452,96.8750,506.54
1987,0.052603,98.4375,579.73
1988,0.087848,96.8750,504.94
1989,0.081059,96.8750,503.19
1990,0.141862,96.8750,599.51
1991,0.036924,100.0000,506.16
1992,0.010155,100.0000,629.27
1993,0.044937,98.4375,505.95
1994,0.090324,98.4375,571.55
1995,0.037244,98.4375,499.32
1996,0.020558,100.0000,591.73
1997,0.081821,98.4375,502.41
1998,0.082379,96.8750,546.75
1999,0.022242,100.0000,538.83
2000,0.088399,93.7500,510.54
2001,0.043824,98.4375,628.83
2002,0.115276,96.8750,498.17
2003,0.100042,93.7500,555.13
2004,0.013457,100.0000,521.40
2005,0.053708,98.4375,521.41
2006,0.011236,100.0000,584.92
2007,0.045895,98.4375,506.28
2008,0.076096,96.8750,601.77
2009,0.066756,96.8750,502.14
2010,0.048003,98.4375,651.35
2011,0.087052,96.8750,501.19
2012,0.112238,93.7500,571.93
2013,0.105672,96.8750,498.34
2014,0.030994,98.4375,498.28
2015,0.037546,100.0000,618.07
2016,0.067946,96.8750,502.09
2017,0.084618,96.8750,546.47
2018,0.074464,95.3125,529.92
2019,0.084107,96.8750,505.79
2020,0.015262,100.0000,593.30
2021,0.038470,98.4375,503.78
2022,0.034290,98.4375,568.89
2023,0.038193,98.4375,499.40
2024,0.020934,100.0000,497.30
2025,0.031118,100.0000,588.05
2026,0.069868,96.8750,505.87
2027,0.063156,95.3125,592.16
2028,0.041382,100.0000,512.37
2029,0.040171,100.0000,578.04
2030,0.006863,100.0000,499.44
2031,0.032376,98.4375,568.32
2032,0.045324,98.4375,509.51
2033,0.019846,100.0000,533.18
2034,0.032375,98.4375,581.81
2035,0.019161,100.0000,497.02
2036,0.066599,98.4375,647.26
2037,0.088027,95.3125,503.34
2038,0.057921,96.8750,652.00
2039,0.087111,95.3125,500.45
2040,0.060797,96.8750,593.46
2041,0.027712,100.0000,506.16
2042,0.012102,100.0000,560.54
2043,0.082819,96.8750,498.66
2044,0.049477,98.4375,545.31
2045,0.053646,98.4375,539.40
2046,0.037727,98.4375,582.90
2047,0.057720,96.8750,509.47
2048,0.041203,98.4375,542.66
2049,0.015427,100.0000,569.58
2050,0.140027,93.7500,576.24
2051,0.088438,95.3125,524.88
2052,0.122458,93.7500,596.89
2053,0.044839,98.4375,504.72
2054,0.088884,95.3125,655.05
2055,0.008366,100.0000,517.31
2056,0.039492,98.4375,649.59
2057,0.024220,100.0000,506.02
2058,0.044318,98.4375,563.09
2059,0.119019,93.7500,502.71
2060,0.063452,96.8750,500.95
2061,0.012985,100.0000,614.11
2062,0.048365,98.4375,500.30
2063,0.047359,100.0000,618.85
2064,0.040897,98.4375,501.63
2065,0.045565,100.0000,559.88
2066,0.027818,100.0000,497.98
2067,0.056641,96.8750,549.33
2068,0.109634,95.3125,537.08
2069,0.047552,96.8750,565.68
2070,0.066757,96.8750,500.99
2071,0.062460,96.8750,569.16
2072,0.026827,100.0000,498.24
2073,0.196002,90.6250,574.08
2074,0.020661,100.0000,524.12
2075,0.140827,96.8750,500.83
2076,0.058801,96.8750,601.56
2077,0.097770,95.3125,502.12
2078,0.043511,98.4375,564.66
2079,0.019750,98.4375,500.97
2080,0.076122,96.8750,555.05
2081,0.035379,98.4375,521.44
2082,0.030003,98.4375,508.57
2083,0.049894,98.4375,588.46
2084,0.050805,98.4375,501.87
2085,0.037963,100.0000,558.17
2086,0.066608,98.4375,520.34
2087,0.036159,98.4375,544.46
2088,0.058679,98.4375,528.86
2089,0.035703,98.4375,550.93
2090,0.055852,96.8750,525.49
2091,0.041814,98.4375,532.33
2092,0.050609,96.8750,559.15
2093,0.043058,96.8750,501.85
2094,0.012903,100.0000,617.26
2095,0.060887,98.4375,504.85
2096,0.044000,98.4375,561.40
2097,0.025768,100.0000,542.70
2098,0.012609,100.0000,593.96
2099,0.033973,98.4375,502.63
2100,0.061113,98.4375,589.36
2101,0.041286,98.4375,504.91
2102,0.106194,96.8750,549.84
2103,0.034314,100.0000,552.90
2104,0.034551,98.4375,504.50
2105,0.042004,98.4375,608.91
2106,0.004445,100.0000,501.12
2107,0.030127,100.0000,569.78
2108,0.083229,96.8750,498.46
2109,0.071738,96.8750,548.66
2110,0.025743,100.0000,531.38
2111,0.030320,100.0000,558.44
2112,0.027686,98.4375,522.82
2113,0.043862,98.4375,554.97
2114,0.054969,96.8750,553.13
2115,0.046515,98.4375,507.28
2116,0.035588,98.4375,581.24
2117,0.155330,95.3125,504.92
2118,0.065180,96.8750,633.66
2119,0.109201,93.7500,506.18
2120,0.030072,100.0000,593.76
2121,0.024625,98.4375,499.24
2122,0.064836,96.8750,499.78
2123,0.025031,100.0000,593.00
2124,0.045330,98.4375,501.45
2125,0.049997,96.8750,575.20
2126,0.017851,98.4375,515.78
2127,0.051845,96.8750,499.35
2128,0.044922,100.0000,624.73
2129,0.039293,98.4375,508.52
2130,0.094824,98.4375,614.98
2131,0.043061,98.4375,502.25
2132,0.058706,98.4375,556.99
2133,0.053402,96.8750,521.43
2134,0.019165,100.0000,565.18
2135,0.040101,98.4375,500.22
2136,0.052994,98.4375,544.38
2137,0.026453,100.0000,546.03
2138,0.076232,95.3125,509.66
2139,0.007669,100.0000,596.88
2140,0.013093,100.0000,535.99
2141,0.133508,92.1875,560.86
2142,0.054768,96.8750,501.40
2143,0.016274,100.0000,660.39
2144,0.065591,96.8750,506.12
2145,0.044499,98.4375,613.44
2146,0.093847,95.3125,500.42
2147,0.119891,96.8750,596.08
2148,0.067418,96.8750,501.93
2149,0.096618,95.3125,598.69
2150,0.044680,100.0000,501.00
2151,0.165314,95.3125,642.78
2152,0.039195,100.0000,502.30
2153,0.110098,95.3125,598.11
2154,0.034721,100.0000,509.72
2155,0.066839,96.8750,644.54
2156,0.050627,96.8750,531.67
2157,0.019121,100.0000,551.77
2158,0.042837,98.4375,503.08
2159,0.074765,96.8750,575.78
2160,0.022113,100.0000,501.40
2161,0.093412,95.3125,581.24
2162,0.041080,98.4375,507.17
2163,0.020209,100.0000,497.91
2164,0.009846,100.0000,628.67
2165,0.046961,96.8750,507.17
2166,0.011012,100.0000,541.85
2167,0.085612,96.8750,541.51
2168,0.064212,96.8750,555.30
2169,0.033262,98.4375,558.12
2170,0.017311,100.0000,505.18
2171,0.037650,100.0000,597.93
2172,0.096967,93.7500,504.80
2173,0.063081,98.4375,588.61
2174,0.105718,95.3125,499.47
2175,0.054149,96.8750,584.70
2176,0.050321,96.8750,495.17
2177,0.017186,100.0000,540.16
2178,0.079646,95.3125,572.45
2179,0.041057,98.4375,501.67
2180,0.043321,98.4375,631.20
2181,0.029615,100.0000,502.87
2182,0.033251,98.4375,574.30
2183,0.046220,96.8750,519.93
2184,0.030277,98.4375,557.89
2185,0.021919,100.0000,533.07
2186,0.070857,96.8750,546.72
2187,0.004352,100.0000,560.17
2188,0.098944,95.3125,546.61
2189,0.032292,100.0000,566.08
2190,0.031641,100.0000,499.49
2191,0.146107,92.1875,572.74
2192,0.064605,98.4375,508.07
2193,0.124615,95.3125,501.19
2194,0.214839,92.1875,609.89
2195,0.054666,96.8750,509.42
2196,0.033713,100.0000,574.10
2197,0.030082,100.0000,506.56
2198,0.023300,98.4375,550.44
2199,0.108900,92.1875,519.57
2200,0.122837,96.8750,567.77
2201,0.094216,96.8750,505.99
2202,0.062278,96.8750,509.15
2203,0.076363,95.3125,654.31
2204,0.006006,100.0000,519.32
2205,0.014825,100.0000,608.53
2206,0.017286,100.0000,505.10
2207,0.106049,93.7500,595.16
2208,0.048225,98.4375,503.00
2209,0.067467,98.4375,548.34
2210,0.042055,98.4375,532.29
2211,0.026243,100.0000,554.36
2212,0.057075,98.4375,552.77
2213,0.033101,98.4375,499.81
2214,0.078743,96.8750,608.85
2215,0.121407,95.3125,497.97
2216,0.120352,95.3125,552.45
2217,0.080190,98.4375,528.76
2218,0.009281,100.0000,497.09
2219,0.131869,93.7500,598.85
2220,0.025487,100.0000,505.43
2221,0.018502,100.0000,502.37
2222,0.054678,96.8750,625.94
2223,0.025546,100.0000,504.20
2224,0.059087,98.4375,552.23
2225,0.034627,100.0000,546.66
2226,0.075150,98.4375,498.86
2227,0.157490,96.8750,667.53
2228,0.017660,100.0000,499.62
2229,0.145810,93.7500,552.09
2230,0.050189,96.8750,522.95
2231,0.086513,98.4375,531.35
2232,0.109618,95.3125,567.73
2233,0.050310,96.8750,565.31
2234,0.040342,98.4375,500.33
2235,0.052348,96.8750,568.73
2236,0.033881,100.0000,521.78
2237,0.045169,96.8750,503.30
2238,0.082612,95.3125,604.02
2239,0.071789,96.8750,503.49
2240,0.081794,95.3125,577.97
2241,0.080036,96.8750,499.79
2242,0.067712,96.8750,579.24
2243,0.017241,100.0000,503.34
2244,0.064985,95.3125,501.83
2245,0.088161,93.7500,606.77
2246,0.042593,98.4375,499.71
2247,0.084340,96.8750,618.30
2248,0.035068,100.0000,527.54
2249,0.052464,98.4375,559.16
2250,0.039967,98.4375,499.95
2251,0.167985,92.1875,575.10
2252,0.076534,96.8750,503.59
2253,0.020863,100.0000,502.46
2254,0.023404,100.0000,601.51
2255,0.019260,100.0000,534.56
2256,0.044629,98.4375,550.10
2257,0.049048,98.4375,502.58
2258,0.017648,100.0000,603.96
2259,0.027374,98.4375,502.72
2260,0.059488,96.8750,628.32
2261,0.028140,98.4375,500.62
2262,0.070554,98.4375,578.64
2263,0.033113,98.4375,507.66
2264,0.026344,98.4375,542.50
2265,0.029866,100.0000,555.28
2266,0.068505,96.8750,500.43
2267,0.141802,93.7500,577.62
2268,0.022731,100.0000,500.18
2269,0.030188,100.0000,548.98
2270,0.025317,100.0000,532.11
2271,0.053066,98.4375,502.16
2272,0.057458,96.8750,614.58
2273,0.050846,96.8750,500.24
2274,0.053135,98.4375,579.95
2275,0.052597,98.4375,506.24
2276,0.035428,98.4375,509.45
2277,0.135016,95.3125,652.60
2278,0.091442,96.8750,500.50
2279,0.048693,96.8750,572.21
2280,0.073673,96.8750,521.09
2281,0.022492,100.0000,528.72
2282,0.074836,96.8750,568.92
2283,0.068073,96.8750,501.23
2284,0.025641,100.0000,578.34
2285,0.031806,100.0000,502.57
2286,0.094909,96.8750,498.20
2287,0.013131,100.0000,602.84
2288,0.064951,96.8750,501.05
2289,0.087358,96.8750,653.93
2290,0.030959,98.4375,505.85
2291,0.114874,95.3125,633.41
2292,0.104220,96.8750,506.84
2293,0.087571,96.8750,570.70
2294,0.053231,96.8750,500.08
2295,0.100717,95.3125,571.49
2296,0.082408,96.8750,529.18
2297,0.062415,98.4375,594.73
2298,0.069734,95.3125,498.13
2299,0.019389,98.4375,561.13
2300,0.039361,98.4375,526.68
2301,0.074426,98.4375,586.37
2302,0.047251,96.8750,510.87
2303,0.025528,100.0000,552.14
2304,0.006773,100.0000,527.50
2305,0.067685,96.8750,518.30
2306,0.006702,100.0000,581.27
2307,0.037897,98.4375,503.93
2308,0.039565,98.4375,568.77
2309,0.100326,96.8750,499.50
2310,0.038351,98.4375,521.05
2311,0.024469,98.4375,590.12
2312,0.018361,100.0000,505.79
2313,0.061632,96.8750,584.60
2314,0.003539,100.0000,497.67
2315,0.042759,98.4375,507.58
2316,0.025670,100.0000,636.02
2317,0.040718,98.4375,507.90
2318,0.041055,96.8750,655.72
2319,0.036386,98.4375,499.67
2320,0.007331,100.0000,619.35
2321,0.089070,95.3125,504.23
2322,0.027515,98.4375,570.03
2323,0.032712,98.4375,500.24
2324,0.092361,96.8750,501.92
2325,0.027676,98.4375,636.03
2326,0.058845,98.4375,496.93
2327,0.069275,96.8750,570.08
2328,0.121386,95.3125,496.93
2329,0.075470,96.8750,496.65
2330,0.031457,100.0000,665.48
2331,0.045119,96.8750,501.97
2332,0.036840,98.4375,608.61
2333,0.026001,100.0000,503.17
2334,0.026515,100.0000,563.09
2335,0.055112,96.8750,506.16
2336,0.093711,96.8750,584.24
2337,0.130320,95.3125,505.76
2338,0.018241,98.4375,502.03
2339,0.046104,98.4375,603.13
2340,0.156474,93.7500,523.93
2341,0.101178,96.8750,578.54
2342,0.066088,96.8750,500.23
2343,0.063199,98.4375,598.05
2344,0.020274,100.0000,495.91
2345,0.084771,98.4375,589.95
2346,0.006678,100.0000,502.11
2347,0.013637,100.0000,653.30
2348,0.036441,98.4375,507.69
2349,0.021595,100.0000,629.64
2350,0.084722,96.8750,502.72
2351,0.044589,98.4375,576.51
2352,0.048545,96.8750,498.65
2353,0.051726,96.8750,509.38
2354,0.041947,96.8750,600.00
2355,0.087840,96.8750,500.06
2356,0.059806,96.8750,543.32
2357,0.109106,93.7500,518.49
2358,0.018819,98.4375,498.47
2359,0.042882,98.4375,585.82
2360,0.039898,98.4375,501.46
2361,0.121047,95.3125,539.24
2362,0.050903,98.4375,576.19
2363,0.029086,98.4375,550.09
2364,0.023911,98.4375,570.82
2365,0.081616,98.4375,502.30
2366,0.027234,100.0000,628.28
2367,0.049157,96.8750,502.02
2368,0.030672,98.4375,559.28
2369,0.069373,98.4375,516.77
2370,0.043913,98.4375,550.64
2371,0.071415,96.8750,541.41
2372,0.100980,96.8750,500.35
2373,0.063774,98.4375,629.11
2374,0.090670,96.8750,498.55
2375,0.015205,100.0000,555.10
2376,0.230729,93.7500,540.56
2377,0.074860,95.3125,501.24
2378,0.123793,93.7500,612.99
2379,0.060303,98.4375,506.03
2380,0.048883,96.8750,634.52
2381,0.034599,98.4375,533.09
2382,0.120674,93.7500,579.43
2383,0.105541,96.8750,500.04
2384,0.029746,98.4375,617.62
2385,0.085866,98.4375,508.66
2386,0.059128,98.4375,586.69
2387,0.089305,96.8750,500.89
2388,0.084810,93.7500,518.05
2389,0.047375,98.4375,595.21
2390,0.066097,96.8750,503.11
2391,0.053711,96.8750,618.30
2392,0.038728,98.4375,504.70
2393,0.065723,98.4375,595.98
2394,0.063923,95.3125,551.04
2395,0.061743,96.8750,532.91
2396,0.044126,98.4375,495.04
2397,0.061566,96.8750,602.28
2398,0.049255,98.4375,528.21
2399,0.026361,100.0000,582.18
2400,0.107694,95.3125,564.63
2401,0.014473,100.0000,525.15
2402,0.013373,100.0000,498.13
2403,0.040322,98.4375,614.23
2404,0.055937,96.8750,505.55
2405,0.031992,98.4375,598.32
2406,0.034326,100.0000,506.53
2407,0.066028,98.4375,501.46
2408,0.024107,100.0000,627.12
2409,0.095940,98.4375,507.55
2410,0.038245,98.4375,609.40
2411,0.070968,98.4375,498.83
2412,0.033631,98.4375,591.35
2413,0.065660,98.4375,524.09
2414,0.046004,98.4375,587.06
2415,0.089276,93.7500,507.51
2416,0.033881,98.4375,555.96
2417,0.007703,100.0000,538.51
2418,0.068045,96.8750,564.73
2419,0.097471,93.7500,502.63
2420,0.025123,100.0000,500.57
2421,0.027943,100.0000,655.97
2422,0.037268,98.4375,512.94
2423,0.014000,100.0000,608.25
2424,0.011631,100.0000,553.62
2425,0.043896,98.4375,554.35
2426,0.118179,95.3125,508.54
2427,0.032180,100.0000,606.68
2428,0.019357,98.4375,508.16
2429,0.064238,98.4375,573.78
2430,0.065867,100.0000,518.00
2431,0.048134,100.0000,570.80
2432,0.057162,96.8750,521.51
2433,0.036334,98.4375,581.79
2434,0.068221,96.8750,502.76
2435,0.047836,96.8750,602.14
2436,0.103302,96.8750,499.86
2437,0.023284,100.0000,569.36
2438,0.061438,98.4375,555.51
2439,0.030676,100.0000,548.28
2440,0.170224,95.3125,550.59
2441,0.033166,98.4375,499.61
2442,0.098847,95.3125,583.69
2443,0.025428,100.0000,512.08
2444,0.045618,98.4375,500.15
2445,0.101672,96.8750,612.63
2446,0.106490,96.8750,504.56
2447,0.042789,98.4375,611.03
2448,0.039060,98.4375,550.79
2449,0.051626,98.4375,563.72
2450,0.048821,98.4375,520.07
2451,0.035746,98.4375,586.84
2452,0.068673,96.8750,551.95
2453,0.013564,100.0000,520.96
2454,0.083178,95.3125,545.84
2455,0.040534,100.0000,524.11
2456,0.018939,100.0000,552.71
2457,0.080126,96.8750,541.68
2458,0.018380,100.0000,588.12
2459,0.050842,100.0000,525.54
2460,0.025197,100.0000,553.93
2461,0.049373,96.8750,515.01
2462,0.025487,98.4375,499.66
2463,0.073110,98.4375,592.95
2464,0.006277,100.0000,502.14
2465,0.087506,95.3125,651.47
2466,0.060723,98.4375,502.38
2467,0.037821,98.4375,529.05
2468,0.011823,100.0000,561.94
2469,0.009651,100.0000,501.88
2470,0.036222,98.4375,603.39
2471,0.015420,100.0000,549.41
2472,0.062886,98.4375,546.60
2473,0.089002,96.8750,503.32
2474,0.041695,98.4375,599.27
2475,0.032642,96.8750,501.14
2476,0.032160,98.4375,583.39
2477,0.055524,98.4375,505.45
2478,0.070519,98.4375,496.37
2479,0.149692,95.3125,648.72
2480,0.133003,95.3125,495.01
2481,0.074722,98.4375,550.76
2482,0.062580,98.4375,550.00
2483,0.083389,95.3125,502.74
2484,0.074462,96.8750,644.98
2485,0.097471,95.3125,501.75
2486,0.048217,98.4375,592.41
2487,0.014750,100.0000,499.45
2488,0.016023,100.0000,567.12
2489,0.058241,96.8750,492.09
2490,0.034656,98.4375,497.00
2491,0.017938,100.0000,629.72
2492,0.090493,95.3125,501.22
2493,0.032277,98.4375,569.31
2494,0.105390,96.8750,522.18
2495,0.038893,98.4375,512.18
2496,0.014021,100.0000,600.65
2497,0.090840,96.8750,498.56
2498,0.058791,96.8750,496.03
2499,0.052204,98.4375,617.88
2500,0.019495,98.4375,531.84
2501,0.057398,98.4375,575.46
2502,0.029711,98.4375,501.23
2503,0.023263,100.0000,595.70
2504,0.043059,98.4375,504.79
2505,0.089617,95.3125,546.28
2506,0.029653,98.4375,536.88
2507,0.013626,100.0000,505.14
2508,0.102982,95.3125,612.68
2509,0.044989,98.4375,521.90
2510,0.055138,96.8750,557.56
2511,0.059681,98.4375,500.97
2512,0.033057,98.4375,594.54
2513,0.023097,100.0000,497.13
2514,0.029606,98.4375,605.14
2515,0.045058,98.4375,501.16
2516,0.021341,100.0000,624.71
2517,0.006272,100.0000,501.60
2518,0.017170,100.0000,641.18
2519,0.058785,95.3125,505.40
2520,0.027381,100.0000,650.42
2521,0.053155,98.4375,507.69
2522,0.042414,98.4375,538.19
2523,0.035679,98.4375,552.78
2524,0.067971,96.8750,504.28
2525,0.033808,100.0000,571.83
2526,0.043249,98.4375,501.03
2527,0.090548,95.3125,516.57
2528,0.026362,100.0000,595.55
2529,0.045761,96.8750,520.27
2530,0.065342,96.8750,589.43
2531,0.018182,100.0000,569.38
2532,0.053385,96.8750,509.37
2533,0.017816,100.0000,556.46
2534,0.027998,100.0000,502.14
2535,0.032019,100.0000,500.88
2536,0.114227,98.4375,599.95
2537,0.053370,98.4375,504.85
2538,0.108644,95.3125,581.75
2539,0.065204,98.4375,496.02
2540,0.065464,96.8750,501.31
2541,0.009988,100.0000,644.18
2542,0.024013,98.4375,500.80
2543,0.065666,96.8750,629.81
2544,0.055318,98.4375,497.02
2545,0.022670,100.0000,624.21
2546,0.086556,96.8750,539.77
2547,0.073114,98.4375,567.08
2548,0.018805,100.0000,501.78
2549,0.040926,96.8750,604.20
2550,0.016438,100.0000,502.11
2551,0.061011,95.3125,652.98
2552,0.063150,98.4375,501.84
2553,0.026495,100.0000,596.16
2554,0.063822,96.8750,503.77
2555,0.135700,93.7500,643.49
2556,0.014146,100.0000,500.59
2557,0.086627,96.8750,552.91
2558,0.116701,93.7500,524.47
2559,0.086153,98.4375,504.62
2560,0.019092,100.0000,600.08
2561,0.015888,100.0000,500.96
2562,0.026515,98.4375,498.23
2563,0.093441,96.8750,608.44
2564,0.027779,98.4375,496.73
2565,0.033516,96.8750,643.82
2566,0.095935,95.3125,502.51
2567,0.096114,95.3125,553.25
2568,0.100885,95.3125,554.83
2569,0.022573,100.0000,505.91
2570,0.002222,100.0000,107.11
