batch_idx,loss,accuracy,time_ms
1,0.116494,93.7500,516.29
2,0.113120,95.3125,525.52
3,0.070080,96.8750,554.63
4,0.064927,96.8750,546.19
5,0.153488,95.3125,535.99
6,0.037551,100.0000,498.99
7,0.192435,93.7500,571.59
8,0.141942,95.3125,501.90
9,0.157468,92.1875,567.43
10,0.146163,93.7500,494.07
11,0.107990,95.3125,510.34
12,0.147975,93.7500,569.14
13,0.082563,96.8750,487.48
14,0.066602,100.0000,543.69
15,0.045298,96.8750,487.05
16,0.189347,90.6250,519.23
17,0.246981,92.1875,571.81
18,0.027351,100.0000,499.18
19,0.117692,93.7500,584.05
20,0.082354,95.3125,494.02
21,0.252653,95.3125,579.37
22,0.100360,95.3125,495.57
23,0.066532,96.8750,657.66
24,0.096002,96.8750,495.41
25,0.030591,98.4375,654.83
26,0.083657,96.8750,496.03
27,0.021236,100.0000,520.03
28,0.143185,92.1875,582.02
29,0.122933,93.7500,521.80
30,0.076947,96.8750,587.26
31,0.142369,95.3125,527.57
32,0.222379,95.3125,556.27
33,0.143010,90.6250,502.01
34,0.080543,95.3125,588.51
35,0.198267,93.7500,500.75
36,0.146340,93.7500,535.97
37,0.143219,95.3125,560.87
38,0.144066,93.7500,522.93
39,0.147501,93.7500,590.10
40,0.015795,100.0000,502.15
41,0.142161,96.8750,563.41
42,0.062128,95.3125,505.57
43,0.119722,92.1875,505.94
44,0.157001,92.1875,650.15
45,0.186529,93.7500,503.47
46,0.089350,95.3125,637.18
47,0.276399,90.6250,506.83
48,0.220849,89.0625,609.12
49,0.093131,96.8750,501.93
50,0.219396,96.8750,633.97
51,0.059607,96.8750,500.72
52,0.075969,98.4375,592.47
53,0.169539,90.6250,499.39
54,0.077761,95.3125,589.48
55,0.097125,95.3125,507.89
56,0.102539,95.3125,615.99
57,0.110812,95.3125,501.34
58,0.091309,96.8750,562.91
59,0.062376,98.4375,521.49
60,0.271751,90.6250,550.32
61,0.049633,100.0000,539.23
62,0.191032,93.7500,498.92
63,0.035677,100.0000,590.81
64,0.086697,95.3125,518.24
65,0.095115,98.4375,517.62
66,0.082053,96.8750,623.09
67,0.112882,95.3125,551.00
68,0.102766,96.8750,586.52
69,0.090475,96.8750,544.20
70,0.076005,96.8750,581.58
71,0.056866,100.0000,514.94
72,0.049633,98.4375,658.08
73,0.182953,98.4375,512.53
74,0.051254,96.8750,601.19
75,0.064545,98.4375,512.90
76,0.242030,92.1875,563.59
77,0.163739,92.1875,527.66
78,0.254696,90.6250,516.94
79,0.166849,93.7500,660.62
80,0.139631,95.3125,522.72
81,0.158135,95.3125,587.93
82,0.184978,93.7500,513.09
83,0.127265,96.8750,614.90
84,0.071472,96.8750,559.68
85,0.215412,93.7500,544.44
86,0.101662,95.3125,567.98
87,0.127963,93.7500,552.25
88,0.083399,96.8750,564.28
89,0.035038,98.4375,548.03
90,0.100017,96.8750,564.32
91,0.068205,96.8750,595.19
92,0.007139,100.0000,515.35
93,0.043049,98.4375,606.29
94,0.032079,100.0000,515.34
95,0.080999,96.8750,592.68
96,0.044712,100.0000,510.27
97,0.098494,95.3125,604.39
98,0.118112,93.7500,514.53
99,0.099372,96.8750,640.12
100,0.019972,100.0000,550.64
101,0.110317,95.3125,557.60
102,0.045629,98.4375,515.08
103,0.193435,95.3125,603.86
104,0.054643,98.4375,514.38
105,0.079917,96.8750,643.52
106,0.051828,98.4375,513.56
107,0.150861,93.7500,587.15
108,0.065969,95.3125,508.55
109,0.110990,93.7500,594.06
110,0.117136,95.3125,514.21
111,0.163414,93.7500,591.52
112,0.093989,96.8750,509.15
113,0.063998,98.4375,576.67
114,0.040838,98.4375,507.12
115,0.075226,96.8750,512.40
116,0.108273,95.3125,622.59
117,0.107095,96.8750,549.56
118,0.131246,93.7500,570.80
119,0.096504,96.8750,511.19
120,0.058164,100.0000,611.21
121,0.068959,96.8750,511.30
122,0.076043,96.8750,656.80
123,0.073732,98.4375,494.84
124,0.115919,93.7500,540.96
125,0.037650,100.0000,532.09
126,0.076835,96.8750,580.85
127,0.114789,96.8750,497.88
128,0.136759,95.3125,588.53
129,0.102029,93.7500,497.90
130,0.111881,95.3125,652.99
131,0.110566,95.3125,502.42
132,0.095145,95.3125,629.78
133,0.060930,98.4375,500.29
134,0.134905,93.7500,560.86
135,0.188241,92.1875,504.47
136,0.133342,96.8750,496.51
137,0.100512,98.4375,601.11
138,0.121684,93.7500,495.68
139,0.131692,95.3125,583.21
140,0.115587,95.3125,501.46
141,0.117196,93.7500,543.35
142,0.117248,95.3125,529.31
143,0.030346,100.0000,541.73
144,0.007934,100.0000,543.08
145,0.102964,96.8750,554.39
146,0.095960,96.8750,501.54
147,0.130154,95.3125,498.46
148,0.061159,98.4375,641.26
149,0.157248,92.1875,508.08
150,0.090510,96.8750,594.58
151,0.130753,93.7500,502.31
152,0.080944,95.3125,607.95
153,0.080329,96.8750,499.22
154,0.105367,95.3125,560.28
155,0.091240,96.8750,499.53
156,0.072709,95.3125,498.72
157,0.124403,95.3125,603.28
158,0.040546,98.4375,497.80
159,0.046375,98.4375,596.94
160,0.130278,93.7500,541.50
161,0.126069,96.8750,545.04
162,0.086969,95.3125,579.66
163,0.048046,98.4375,510.63
164,0.078898,95.3125,507.55
165,0.156670,95.3125,611.20
166,0.070054,96.8750,503.31
167,0.228514,93.7500,552.92
168,0.083239,98.4375,543.28
169,0.148770,95.3125,546.54
170,0.225906,93.7500,521.34
171,0.140950,96.8750,497.86
172,0.014455,100.0000,583.25
173,0.032528,100.0000,500.90
174,0.097903,98.4375,641.96
175,0.040183,98.4375,508.23
176,0.070413,98.4375,571.35
177,0.082523,96.8750,507.48
178,0.128481,95.3125,545.78
179,0.075062,96.8750,523.50
180,0.119027,93.7500,544.30
181,0.024795,100.0000,522.34
182,0.102446,93.7500,498.63
183,0.090516,93.7500,600.29
184,0.113084,95.3125,495.73
185,0.076686,96.8750,595.78
186,0.094820,95.3125,527.65
187,0.152276,92.1875,559.66
188,0.123832,96.8750,500.22
189,0.039988,98.4375,648.69
190,0.177992,93.7500,503.27
191,0.045268,96.8750,560.18
192,0.253986,93.7500,503.24
193,0.018884,100.0000,565.61
194,0.069452,96.8750,498.87
195,0.135316,95.3125,580.84
196,0.083887,95.3125,499.54
197,0.222111,95.3125,582.50
198,0.048672,98.4375,497.34
199,0.221775,95.3125,576.50
200,0.097265,96.8750,511.77
201,0.126858,95.3125,505.12
202,0.024632,100.0000,620.61
203,0.110631,98.4375,505.83
204,0.107109,95.3125,596.01
205,0.114697,96.8750,498.01
206,0.066473,96.8750,540.26
207,0.115920,93.7500,552.65
208,0.173547,95.3125,542.96
209,0.092156,96.8750,520.37
210,0.125530,93.7500,550.46
211,0.143336,95.3125,514.18
212,0.101342,96.8750,566.11
213,0.091904,96.8750,496.06
214,0.066237,98.4375,559.19
215,0.128523,93.7500,496.59
216,0.049262,98.4375,558.75
217,0.091948,95.3125,496.75
218,0.072758,98.4375,589.84
219,0.075375,95.3125,499.31
220,0.047860,98.4375,595.58
221,0.027404,98.4375,502.15
222,0.089392,95.3125,502.86
223,0.109064,93.7500,619.23
224,0.061497,98.4375,497.16
225,0.197179,93.7500,602.11
226,0.124156,93.7500,546.59
227,0.099894,95.3125,544.83
228,0.110042,95.3125,499.41
229,0.080419,95.3125,646.84
230,0.037757,98.4375,498.25
231,0.024543,100.0000,564.04
232,0.097278,96.8750,499.10
233,0.118561,92.1875,498.56
234,0.044266,96.8750,591.28
235,0.051497,96.8750,496.08
236,0.092191,95.3125,566.33
237,0.143561,90.6250,507.13
238,0.249817,90.6250,508.72
239,0.142380,95.3125,585.50
240,0.053946,96.8750,504.72
241,0.120285,95.3125,584.13
242,0.104168,96.8750,501.11
243,0.113723,95.3125,553.03
244,0.100715,95.3125,503.79
245,0.088908,95.3125,497.06
246,0.142911,92.1875,650.87
247,0.114890,93.7500,499.57
248,0.099435,95.3125,532.02
249,0.095037,96.8750,542.57
250,0.058246,98.4375,559.31
251,0.078043,96.8750,508.85
252,0.083587,96.8750,495.77
253,0.104459,96.8750,583.31
254,0.125903,96.8750,498.75
255,0.177119,93.7500,503.14
256,0.136727,95.3125,598.01
257,0.092015,95.3125,529.76
258,0.038281,98.4375,549.84
259,0.095615,96.8750,517.93
260,0.079582,98.4375,586.21
261,0.060695,96.8750,504.22
262,0.135063,93.7500,575.27
263,0.044832,98.4375,499.83
264,0.169679,93.7500,504.18
265,0.101307,96.8750,609.93
266,0.123408,93.7500,508.32
267,0.155857,95.3125,590.19
268,0.127998,95.3125,506.18
269,0.038162,98.4375,560.56
270,0.094123,95.3125,504.62
271,0.083735,95.3125,498.36
272,0.073108,98.4375,632.52
273,0.092085,96.8750,498.42
274,0.185896,93.7500,627.16
275,0.080538,96.8750,499.89
276,0.061121,95.3125,627.18
277,0.099352,96.8750,502.74
278,0.064843,98.4375,557.38
279,0.044651,98.4375,536.72
280,0.125152,96.8750,499.75
281,0.334144,89.0625,623.87
282,0.134730,96.8750,499.25
283,0.149275,96.8750,530.92
284,0.087555,98.4375,563.66
285,0.111964,95.3125,500.30
286,0.067162,98.4375,653.94
287,0.052896,98.4375,495.04
288,0.095009,96.8750,558.88
289,0.164585,92.1875,496.82
290,0.137044,93.7500,520.68
291,0.101775,96.8750,566.78
292,0.041273,98.4375,499.63
293,0.070179,98.4375,577.37
294,0.245120,93.7500,498.45
295,0.142494,95.3125,581.42
296,0.059806,96.8750,497.32
297,0.067381,96.8750,500.09
298,0.099095,96.8750,635.43
299,0.071257,98.4375,501.31
300,0.066309,98.4375,556.44
301,0.131278,93.7500,500.35
302,0.101967,95.3125,498.01
303,0.031915,100.0000,604.48
304,0.109458,95.3125,502.43
305,0.159598,93.7500,560.12
306,0.171858,95.3125,496.51
307,0.057372,96.8750,498.80
308,0.075993,96.8750,639.92
309,0.114840,93.7500,499.41
310,0.097838,95.3125,627.91
311,0.023162,100.0000,509.18
312,0.056820,98.4375,532.52
313,0.158192,93.7500,575.91
314,0.034092,98.4375,559.63
315,0.109578,96.8750,511.02
316,0.125659,95.3125,500.18
317,0.038098,100.0000,590.12
318,0.059410,98.4375,500.28
319,0.167524,92.1875,529.93
320,0.043073,98.4375,555.82
321,0.096562,96.8750,498.81
322,0.121156,96.8750,559.29
323,0.098941,96.8750,503.88
324,0.128496,96.8750,576.18
325,0.027458,100.0000,500.19
326,0.082253,95.3125,519.18
327,0.099038,93.7500,569.57
328,0.113900,95.3125,492.66
329,0.114901,96.8750,562.17
330,0.180609,95.3125,504.77
331,0.012575,100.0000,564.98
332,0.049771,98.4375,500.18
333,0.101053,95.3125,526.99
334,0.144899,98.4375,566.81
335,0.214202,89.0625,567.99
336,0.055509,98.4375,515.60
337,0.105004,96.8750,500.64
338,0.052541,98.4375,647.76
339,0.149091,93.7500,495.67
340,0.125909,93.7500,565.02
341,0.333397,89.0625,500.20
342,0.124371,93.7500,502.20
343,0.110795,93.7500,585.50
344,0.037928,98.4375,497.63
345,0.039910,98.4375,639.92
346,0.089051,95.3125,495.88
347,0.044323,100.0000,560.67
348,0.099498,96.8750,505.20
349,0.018218,100.0000,557.44
350,0.142797,92.1875,496.23
351,0.130650,93.7500,497.05
352,0.048300,98.4375,630.14
353,0.084125,96.8750,500.72
354,0.148845,95.3125,555.30
355,0.025797,100.0000,504.47
356,0.076385,96.8750,577.65
357,0.079074,98.4375,505.58
358,0.075003,98.4375,531.36
359,0.018010,100.0000,556.59
360,0.071025,96.8750,499.93
361,0.228372,92.1875,572.05
362,0.081502,96.8750,496.53
363,0.063351,98.4375,496.46
364,0.086010,95.3125,644.34
365,0.148381,96.8750,493.73
366,0.083547,98.4375,619.05
367,0.099800,95.3125,498.96
368,0.053388,98.4375,592.94
369,0.108506,96.8750,499.19
370,0.106876,95.3125,558.55
371,0.065684,98.4375,497.58
372,0.106777,93.7500,496.89
373,0.129378,93.7500,592.01
374,0.021834,100.0000,493.67
375,0.122312,95.3125,587.09
376,0.059007,98.4375,502.09
377,0.042608,96.8750,500.83
378,0.066132,96.8750,615.83
379,0.024364,100.0000,502.53
380,0.037872,100.0000,554.91
381,0.042842,98.4375,504.11
382,0.113047,96.8750,589.56
383,0.056978,98.4375,502.94
384,0.027382,100.0000,566.17
385,0.170030,96.8750,522.98
386,0.099858,96.8750,560.83
387,0.103876,96.8750,521.90
388,0.089309,96.8750,503.44
389,0.044626,100.0000,589.81
390,0.118951,96.8750,505.85
391,0.121230,95.3125,562.94
392,0.094955,95.3125,504.47
393,0.227396,90.6250,518.95
394,0.153683,92.1875,587.13
395,0.062282,96.8750,496.40
396,0.118924,95.3125,594.22
397,0.151705,96.8750,501.04
398,0.032571,98.4375,502.06
399,0.072239,98.4375,597.04
400,0.116912,95.3125,500.54
401,0.064895,96.8750,564.57
402,0.029130,98.4375,513.76
403,0.058617,95.3125,504.61
404,0.072289,98.4375,608.56
405,0.175292,95.3125,497.09
406,0.059535,98.4375,544.52
407,0.091705,96.8750,551.81
408,0.103257,96.8750,555.63
409,0.143427,95.3125,505.66
410,0.155819,93.7500,501.02
411,0.079303,96.8750,646.36
412,0.055855,98.4375,495.61
413,0.071595,98.4375,554.23
414,0.167964,95.3125,531.51
415,0.099176,96.8750,499.05
416,0.076322,98.4375,598.62
417,0.178946,95.3125,496.55
418,0.060125,96.8750,551.15
419,0.099257,96.8750,498.43
420,0.025097,100.0000,580.09
421,0.140519,93.7500,499.03
422,0.112635,95.3125,525.48
423,0.046735,98.4375,598.60
424,0.046173,98.4375,495.80
425,0.225108,95.3125,590.82
426,0.066665,96.8750,497.50
427,0.038181,100.0000,559.07
428,0.247781,89.0625,500.06
429,0.100479,96.8750,530.47
430,0.149949,96.8750,548.97
431,0.072048,96.8750,499.51
432,0.051740,98.4375,589.83
433,0.046988,96.8750,505.04
434,0.046440,98.4375,625.15
435,0.119548,96.8750,530.80
436,0.082800,96.8750,561.93
437,0.143445,96.8750,493.52
438,0.106122,95.3125,520.37
439,0.160050,95.3125,585.65
440,0.127176,96.8750,496.00
441,0.073515,96.8750,595.44
442,0.061044,98.4375,496.12
443,0.100625,96.8750,554.49
444,0.179609,92.1875,498.85
445,0.141647,92.1875,497.01
446,0.033334,98.4375,585.95
447,0.107620,93.7500,491.25
448,0.066512,96.8750,595.45
449,0.153610,92.1875,495.39
450,0.111649,93.7500,548.07
451,0.132852,96.8750,528.92
452,0.128532,95.3125,568.65
453,0.131751,95.3125,495.10
454,0.096041,96.8750,537.93
455,0.108086,96.8750,522.81
456,0.064786,98.4375,548.98
457,0.072611,98.4375,521.64
458,0.136555,95.3125,490.89
459,0.122666,92.1875,581.22
460,0.137079,93.7500,511.86
461,0.083931,95.3125,582.61
462,0.172982,93.7500,494.93
463,0.108698,95.3125,561.33
464,0.042882,98.4375,496.17
465,0.069288,96.8750,560.67
466,0.097348,95.3125,502.18
467,0.060416,96.8750,503.29
468,0.112803,96.8750,595.57
469,0.032590,100.0000,503.89
470,0.051791,98.4375,628.57
471,0.018254,100.0000,499.24
472,0.034836,98.4375,579.99
473,0.045128,100.0000,495.55
474,0.041457,96.8750,497.50
475,0.057412,98.4375,618.34
476,0.069984,96.8750,499.33
477,0.107565,96.8750,618.95
478,0.146414,93.7500,498.47
479,0.086372,96.8750,590.97
480,0.111840,93.7500,499.04
481,0.117118,96.8750,627.03
482,0.030597,98.4375,495.58
483,0.040189,100.0000,644.56
484,0.087745,95.3125,501.36
485,0.144302,93.7500,555.50
486,0.143985,95.3125,499.73
487,0.034568,100.0000,576.51
488,0.108095,96.8750,504.64
489,0.062588,98.4375,508.17
490,0.149351,96.8750,602.90
491,0.119876,95.3125,548.49
492,0.174449,90.6250,544.35
493,0.090027,96.8750,496.95
494,0.153389,93.7500,586.86
495,0.092286,95.3125,497.28
496,0.013066,100.0000,502.56
497,0.181087,92.1875,598.67
498,0.029603,100.0000,532.54
499,0.105848,95.3125,567.79
500,0.110028,98.4375,504.14
501,0.109620,95.3125,652.10
502,0.131501,93.7500,500.93
503,0.097647,95.3125,546.67
504,0.073896,95.3125,526.66
505,0.025629,98.4375,500.49
506,0.109506,95.3125,589.74
507,0.089401,96.8750,499.15
508,0.133542,93.7500,552.49
509,0.113270,95.3125,518.68
510,0.066219,100.0000,501.89
511,0.107308,95.3125,612.56
512,0.058775,95.3125,503.72
513,0.054402,96.8750,581.14
514,0.050716,98.4375,500.06
515,0.040247,98.4375,496.51
516,0.101150,93.7500,602.19
517,0.191313,92.1875,497.51
518,0.173169,92.1875,562.01
519,0.072478,98.4375,500.89
520,0.013401,100.0000,542.72
521,0.112957,93.7500,557.71
522,0.088387,98.4375,555.26
523,0.062161,96.8750,507.19
524,0.040809,98.4375,501.58
525,0.038006,100.0000,643.09
526,0.065013,98.4375,492.35
527,0.178249,93.7500,587.00
528,0.157166,95.3125,499.88
529,0.158980,95.3125,652.90
530,0.059832,98.4375,490.10
531,0.053807,96.8750,557.89
532,0.079717,96.8750,510.79
533,0.158441,96.8750,528.03
534,0.051622,98.4375,595.14
535,0.073219,96.8750,506.20
536,0.113931,95.3125,559.98
537,0.136263,93.7500,501.82
538,0.069557,96.8750,584.85
539,0.049254,98.4375,502.25
540,0.031599,98.4375,504.54
541,0.068783,100.0000,612.76
542,0.119248,96.8750,500.79
543,0.112089,95.3125,585.19
544,0.085749,95.3125,502.76
545,0.059214,98.4375,550.57
546,0.051895,96.8750,520.76
547,0.100059,95.3125,557.99
548,0.049051,98.4375,498.55
549,0.043759,100.0000,502.09
550,0.098134,95.3125,610.45
551,0.152865,95.3125,496.60
552,0.111227,95.3125,588.09
553,0.124861,95.3125,500.17
554,0.134722,95.3125,568.41
555,0.044730,98.4375,516.69
556,0.049720,98.4375,514.50
557,0.108119,93.7500,566.95
558,0.060384,98.4375,498.28
559,0.063488,98.4375,587.97
560,0.027991,100.0000,498.94
561,0.130064,95.3125,501.95
562,0.128053,95.3125,599.17
563,0.039056,98.4375,503.34
564,0.146897,95.3125,602.34
565,0.048035,98.4375,496.73
566,0.121721,93.7500,599.35
567,0.077815,95.3125,500.38
568,0.056290,98.4375,531.07
569,0.107063,93.7500,564.65
570,0.059323,98.4375,506.46
571,0.053579,98.4375,581.46
572,0.150946,95.3125,499.03
573,0.159919,92.1875,594.48
574,0.046810,98.4375,500.07
575,0.102865,96.8750,559.41
576,0.098625,96.8750,494.88
577,0.045854,98.4375,495.01
578,0.027356,100.0000,602.13
579,0.084519,96.8750,497.41
580,0.006371,100.0000,607.67
581,0.014355,100.0000,501.00
582,0.077610,96.8750,546.44
583,0.052979,96.8750,500.84
584,0.050892,98.4375,499.98
585,0.036423,100.0000,582.41
586,0.062593,96.8750,504.04
587,0.048629,98.4375,611.49
588,0.008023,100.0000,494.57
589,0.105160,95.3125,517.54
590,0.058924,98.4375,589.17
591,0.205590,93.7500,502.10
592,0.135965,93.7500,614.89
593,0.132308,96.8750,497.51
594,0.013624,100.0000,633.39
595,0.082327,95.3125,496.77
596,0.074480,96.8750,602.84
597,0.155977,93.7500,500.59
598,0.108318,96.8750,588.66
599,0.072179,98.4375,500.92
600,0.093766,98.4375,658.85
601,0.077053,98.4375,506.88
602,0.151046,93.7500,584.96
603,0.078963,98.4375,501.12
604,0.105858,95.3125,538.79
605,0.111601,96.8750,545.18
606,0.103491,96.8750,496.10
607,0.068604,98.4375,608.84
608,0.058801,96.8750,507.98
609,0.036442,98.4375,604.11
610,0.036047,100.0000,501.58
611,0.072985,96.8750,636.04
612,0.114323,96.8750,502.09
613,0.073556,96.8750,624.27
614,0.056673,98.4375,499.42
615,0.047109,96.8750,612.35
616,0.049697,96.8750,501.49
617,0.012983,100.0000,583.19
618,0.078721,98.4375,500.32
619,0.179816,95.3125,643.29
620,0.098773,96.8750,528.31
621,0.083089,95.3125,550.87
622,0.092857,96.8750,505.74
623,0.039007,100.0000,626.85
624,0.084544,95.3125,497.63
625,0.082498,96.8750,597.90
626,0.122213,93.7500,497.32
627,0.041860,98.4375,573.76
628,0.066535,98.4375,497.30
629,0.090529,96.8750,574.49
630,0.012452,100.0000,500.65
631,0.033404,100.0000,499.03
632,0.036616,100.0000,637.56
633,0.152959,92.1875,497.40
634,0.077451,96.8750,555.37
635,0.064112,98.4375,498.37
636,0.037889,100.0000,499.05
637,0.067475,98.4375,599.34
638,0.034076,100.0000,500.94
639,0.092552,98.4375,651.31
640,0.100055,95.3125,499.03
641,0.021764,98.4375,591.49
642,0.142115,92.1875,498.18
643,0.185869,92.1875,591.96
644,0.094449,96.8750,554.16
645,0.098828,96.8750,563.58
646,0.127454,93.7500,569.54
647,0.091120,96.8750,500.85
648,0.116871,93.7500,500.95
649,0.021130,100.0000,640.65
650,0.032121,98.4375,539.88
651,0.086942,96.8750,559.27
652,0.106499,96.8750,497.42
653,0.183216,96.8750,621.57
654,0.077675,95.3125,499.97
655,0.028702,100.0000,604.10
656,0.065016,98.4375,508.44
657,0.027227,98.4375,587.30
658,0.090026,95.3125,503.02
659,0.130197,96.8750,500.43
660,0.027659,100.0000,602.10
661,0.023699,98.4375,498.97
662,0.081341,96.8750,563.85
663,0.026120,100.0000,499.15
664,0.036795,98.4375,502.08
665,0.082788,96.8750,651.24
666,0.133699,95.3125,502.33
667,0.083797,96.8750,555.14
668,0.068069,95.3125,541.96
669,0.127481,95.3125,562.40
670,0.266374,92.1875,496.96
671,0.027475,98.4375,597.40
672,0.063797,98.4375,497.97
673,0.107396,96.8750,643.79
674,0.072603,95.3125,497.88
675,0.091095,95.3125,597.49
676,0.101143,98.4375,503.51
677,0.059525,98.4375,580.07
678,0.131738,96.8750,497.26
679,0.154239,90.6250,533.20
680,0.075772,98.4375,566.54
681,0.109803,96.8750,559.09
682,0.080206,98.4375,505.24
683,0.099526,96.8750,499.80
684,0.032215,100.0000,621.64
685,0.068980,98.4375,501.79
686,0.095823,96.8750,558.13
687,0.058484,96.8750,501.08
688,0.083101,96.8750,591.29
689,0.099940,95.3125,502.51
690,0.045751,98.4375,653.99
691,0.094692,96.8750,500.93
692,0.074017,96.8750,609.99
693,0.098570,96.8750,500.52
694,0.065177,98.4375,542.96
695,0.129519,92.1875,522.13
696,0.096139,95.3125,503.09
697,0.050412,98.4375,606.09
698,0.020314,100.0000,496.11
699,0.071166,96.8750,641.78
700,0.065787,98.4375,495.20
701,0.137935,93.7500,647.11
702,0.050697,100.0000,499.35
703,0.053662,98.4375,547.27
704,0.064876,100.0000,522.80
705,0.058623,96.8750,546.02
706,0.110797,95.3125,528.46
707,0.074873,98.4375,547.41
708,0.041219,100.0000,519.94
709,0.111316,95.3125,500.25
710,0.151771,93.7500,598.35
711,0.113728,93.7500,502.80
712,0.192182,92.1875,562.34
713,0.029393,98.4375,495.62
714,0.051523,96.8750,544.25
715,0.093508,93.7500,526.04
716,0.017428,100.0000,498.91
717,0.037676,98.4375,642.87
718,0.060065,96.8750,502.92
719,0.103566,93.7500,564.15
720,0.096651,93.7500,502.65
721,0.020194,100.0000,589.63
722,0.056466,100.0000,504.67
723,0.091354,96.8750,511.82
724,0.044680,100.0000,597.01
725,0.074852,96.8750,501.43
726,0.068160,96.8750,634.88
727,0.079834,95.3125,499.84
728,0.086375,96.8750,553.60
729,0.067197,100.0000,541.99
730,0.054600,98.4375,528.83
731,0.042310,96.8750,562.57
732,0.134584,93.7500,535.26
733,0.052666,98.4375,533.08
734,0.026426,100.0000,523.74
735,0.124930,95.3125,580.15
736,0.112898,95.3125,542.66
737,0.078980,98.4375,533.85
738,0.127831,96.8750,554.36
739,0.246998,89.0625,503.76
740,0.129527,95.3125,552.62
741,0.051157,98.4375,546.10
742,0.130146,95.3125,562.65
743,0.057400,98.4375,497.99
744,0.054183,98.4375,546.86
745,0.096924,96.8750,532.46
746,0.118951,96.8750,567.31
747,0.091131,96.8750,510.96
748,0.099220,96.8750,501.33
749,0.094421,96.8750,594.59
750,0.105124,95.3125,496.65
751,0.042649,100.0000,595.19
752,0.046713,98.4375,497.84
753,0.025864,100.0000,641.23
754,0.045837,98.4375,511.59
755,0.115151,96.8750,578.92
756,0.162516,92.1875,503.86
757,0.081857,96.8750,501.18
758,0.050489,98.4375,651.75
759,0.096931,96.8750,498.67
760,0.062951,96.8750,525.95
761,0.172180,95.3125,523.55
762,0.085027,95.3125,498.09
763,0.072678,98.4375,568.84
764,0.030002,100.0000,497.82
765,0.013460,100.0000,558.26
766,0.040877,100.0000,504.28
767,0.026916,100.0000,587.02
768,0.045225,98.4375,500.48
769,0.133937,95.3125,499.34
770,0.072361,95.3125,596.12
771,0.226901,90.6250,498.88
772,0.035928,100.0000,617.67
773,0.133713,95.3125,500.47
774,0.072786,96.8750,552.66
775,0.089179,96.8750,553.87
776,0.069802,96.8750,557.23
777,0.124824,96.8750,500.46
778,0.082535,95.3125,500.77
779,0.032070,100.0000,590.51
780,0.050344,96.8750,503.05
781,0.061343,95.3125,549.43
782,0.128890,95.3125,515.72
783,0.078928,95.3125,507.69
784,0.084267,95.3125,583.75
785,0.051035,98.4375,499.83
786,0.138259,93.7500,558.26
787,0.046510,98.4375,505.50
788,0.059834,98.4375,560.65
789,0.068241,96.8750,496.82
790,0.245636,92.1875,582.73
791,0.096497,96.8750,508.23
792,0.101721,95.3125,518.28
793,0.030541,100.0000,584.52
794,0.056237,98.4375,499.93
795,0.071732,98.4375,562.91
796,0.046889,96.8750,499.76
797,0.142587,95.3125,543.22
798,0.066215,96.8750,557.59
799,0.118311,93.7500,499.40
800,0.032828,100.0000,602.20
801,0.129416,95.3125,500.20
802,0.053923,98.4375,600.11
803,0.178865,93.7500,503.44
804,0.065275,98.4375,504.75
805,0.037379,100.0000,595.99
806,0.038556,98.4375,498.44
807,0.080671,93.7500,568.79
808,0.035684,100.0000,509.84
809,0.074146,96.8750,558.87
810,0.066304,95.3125,504.22
811,0.055552,98.4375,537.34
812,0.083941,98.4375,570.70
813,0.077258,98.4375,507.89
814,0.091329,96.8750,634.34
815,0.076407,96.8750,499.47
816,0.126389,93.7500,646.90
817,0.079595,98.4375,500.35
818,0.075609,96.8750,560.92
819,0.040686,98.4375,537.09
820,0.146419,93.7500,505.58
821,0.040479,98.4375,612.33
822,0.070434,95.3125,516.81
823,0.042741,98.4375,644.22
824,0.062251,98.4375,507.37
825,0.102375,96.8750,572.55
826,0.151796,93.7500,499.51
827,0.158694,95.3125,495.43
828,0.049677,98.4375,629.83
829,0.060856,96.8750,506.29
830,0.020172,98.4375,632.78
831,0.140917,93.7500,507.07
832,0.059455,98.4375,658.23
833,0.105850,96.8750,522.35
834,0.025132,100.0000,606.08
835,0.069372,98.4375,507.45
836,0.083331,96.8750,583.75
837,0.058395,96.8750,510.64
838,0.075883,96.8750,501.90
839,0.045512,100.0000,620.54
840,0.151179,95.3125,503.57
841,0.037595,100.0000,655.78
842,0.091785,96.8750,500.19
843,0.048768,98.4375,576.61
844,0.097387,96.8750,498.78
845,0.189717,93.7500,563.71
846,0.072558,95.3125,502.76
847,0.059992,98.4375,495.70
848,0.093766,93.7500,597.33
849,0.040104,100.0000,494.33
850,0.128675,93.7500,550.32
851,0.230828,90.6250,531.62
852,0.133241,95.3125,513.45
853,0.128173,93.7500,596.90
854,0.042703,100.0000,536.40
855,0.033783,100.0000,530.26
856,0.086971,96.8750,497.73
857,0.024226,98.4375,576.39
858,0.084891,95.3125,503.33
859,0.093712,95.3125,585.40
860,0.004871,100.0000,497.51
861,0.120755,95.3125,561.68
862,0.016039,100.0000,496.32
863,0.124839,95.3125,561.68
864,0.109989,95.3125,505.19
865,0.149961,93.7500,497.12
866,0.075930,98.4375,646.95
867,0.136302,96.8750,499.85
868,0.088776,96.8750,612.79
869,0.091716,96.8750,496.66
870,0.133746,95.3125,537.87
871,0.061012,98.4375,534.12
872,0.027596,100.0000,529.03
873,0.028146,98.4375,545.01
874,0.144623,95.3125,499.16
875,0.079664,95.3125,600.93
876,0.048770,98.4375,498.61
877,0.127484,93.7500,649.44
878,0.213506,89.0625,497.68
879,0.041227,100.0000,586.50
880,0.064083,96.8750,500.10
881,0.072139,96.8750,500.81
882,0.157208,93.7500,583.04
883,0.064657,96.8750,498.83
884,0.228124,93.7500,541.41
885,0.080873,96.8750,529.50
886,0.060397,98.4375,500.05
887,0.027142,98.4375,611.74
888,0.066958,96.8750,505.30
889,0.090868,96.8750,563.71
890,0.034539,100.0000,499.91
891,0.005050,100.0000,494.66
892,0.085606,98.4375,632.08
893,0.197511,90.6250,519.17
894,0.157626,92.1875,571.41
895,0.095329,98.4375,497.12
896,0.102867,96.8750,568.26
897,0.017291,100.0000,494.72
898,0.115307,93.7500,554.02
899,0.031747,100.0000,491.76
900,0.043999,98.4375,500.31
901,0.063897,100.0000,591.20
902,0.215192,90.6250,504.79
903,0.020552,100.0000,569.84
904,0.100278,95.3125,499.18
905,0.118479,95.3125,495.97
906,0.107060,95.3125,602.70
907,0.089750,98.4375,501.11
908,0.154757,92.1875,586.24
909,0.068862,98.4375,506.61
910,0.135681,96.8750,501.25
911,0.062953,98.4375,628.83
912,0.036094,100.0000,533.66
913,0.051846,96.8750,563.71
914,0.047610,96.8750,498.51
915,0.017170,100.0000,552.01
916,0.042720,98.4375,496.81
917,0.285800,93.7500,498.62
918,0.218088,90.6250,604.26
919,0.092659,96.8750,500.56
920,0.089106,95.3125,649.26
921,0.081631,98.4375,500.77
922,0.146217,92.1875,647.65
923,0.021894,100.0000,500.26
924,0.100536,96.8750,555.45
925,0.092282,95.3125,514.01
926,0.114095,95.3125,503.73
927,0.263173,89.0625,649.08
928,0.111099,95.3125,501.39
929,0.045777,98.4375,620.62
930,0.132435,95.3125,494.60
931,0.115143,95.3125,636.91
932,0.045093,98.4375,506.36
933,0.031217,100.0000,638.38
934,0.179520,93.7500,498.84
935,0.031721,100.0000,623.89
936,0.148806,96.8750,500.31
937,0.022928,100.0000,551.63
938,0.036027,100.0000,541.38
939,0.091461,95.3125,500.31
940,0.097057,96.8750,596.29
941,0.103135,96.8750,498.33
942,0.178700,95.3125,500.17
943,0.072032,96.8750,640.85
944,0.046707,98.4375,501.71
945,0.089145,96.8750,564.96
946,0.048623,98.4375,499.74
947,0.019882,100.0000,556.25
948,0.069799,98.4375,514.93
949,0.267709,92.1875,553.02
950,0.039533,98.4375,499.97
951,0.091183,96.8750,567.49
952,0.075284,96.8750,494.45
953,0.118552,95.3125,551.58
954,0.061463,96.8750,559.30
955,0.116782,95.3125,503.18
956,0.106554,95.3125,625.34
957,0.073976,98.4375,500.66
958,0.014665,100.0000,566.27
959,0.108109,96.8750,502.69
960,0.122609,96.8750,538.89
961,0.088916,95.3125,553.04
962,0.057941,96.8750,498.44
963,0.066910,95.3125,556.18
964,0.039589,98.4375,490.77
965,0.104521,96.8750,536.88
966,0.028580,100.0000,546.91
967,0.060169,98.4375,500.41
968,0.025343,98.4375,639.07
969,0.107802,98.4375,495.37
970,0.092433,96.8750,532.99
971,0.078905,96.8750,547.88
972,0.100883,95.3125,503.29
973,0.143140,90.6250,592.89
974,0.158573,92.1875,497.70
975,0.066603,98.4375,567.78
976,0.093204,93.7500,520.84
977,0.090141,96.8750,558.86
978,0.063944,96.8750,499.64
979,0.107707,93.7500,544.22
980,0.072673,96.8750,525.13
981,0.103272,95.3125,498.20
982,0.068494,98.4375,582.37
983,0.120233,95.3125,500.80
984,0.108919,92.1875,592.57
985,0.058098,96.8750,496.84
986,0.075197,96.8750,631.32
987,0.039715,98.4375,500.14
988,0.070316,96.8750,648.09
989,0.012848,100.0000,500.69
990,0.168259,93.7500,620.56
991,0.085813,95.3125,500.18
992,0.044586,98.4375,576.70
993,0.073067,96.8750,494.85
994,0.054596,98.4375,557.91
995,0.101452,95.3125,496.05
996,0.081905,95.3125,591.66
997,0.094001,96.8750,500.10
998,0.059933,96.8750,502.64
999,0.033997,98.4375,616.04
1000,0.063204,98.4375,500.90
1001,0.060738,96.8750,618.20
1002,0.090055,98.4375,500.11
1003,0.127022,95.3125,561.78
1004,0.152784,95.3125,501.01
1005,0.209545,92.1875,557.04
1006,0.137455,95.3125,496.21
1007,0.166463,92.1875,542.17
1008,0.122464,96.8750,526.21
1009,0.053460,98.4375,497.23
1010,0.050217,98.4375,607.29
1011,0.115988,93.7500,501.31
1012,0.082927,95.3125,607.23
1013,0.067560,98.4375,502.59
1014,0.035628,100.0000,497.36
1015,0.137802,93.7500,626.19
1016,0.051088,98.4375,494.40
1017,0.134838,93.7500,545.94
1018,0.095578,96.8750,517.85
1019,0.086307,96.8750,592.41
1020,0.102549,96.8750,496.14
1021,0.052675,96.8750,560.51
1022,0.094474,96.8750,498.01
1023,0.049649,98.4375,495.34
1024,0.129931,93.7500,647.46
1025,0.059359,96.8750,496.72
1026,0.104718,93.7500,637.63
1027,0.033072,98.4375,500.08
1028,0.073238,95.3125,645.06
1029,0.047803,96.8750,496.53
1030,0.066460,96.8750,647.08
1031,0.053097,98.4375,501.54
1032,0.081359,95.3125,547.48
1033,0.164748,95.3125,531.41
1034,0.023758,100.0000,522.75
1035,0.085675,96.8750,565.20
1036,0.018132,100.0000,498.90
1037,0.184965,90.6250,568.92
1038,0.104144,98.4375,501.68
1039,0.025631,100.0000,503.59
1040,0.147454,95.3125,613.13
1041,0.108182,96.8750,498.22
1042,0.024658,100.0000,600.53
1043,0.045932,98.4375,502.65
1044,0.054493,96.8750,649.23
1045,0.054727,98.4375,502.49
1046,0.165308,92.1875,600.86
1047,0.059055,96.8750,501.18
1048,0.070170,95.3125,624.64
1049,0.077534,95.3125,511.95
1050,0.130036,95.3125,589.58
1051,0.099532,96.8750,505.92
1052,0.075731,96.8750,600.06
1053,0.063539,98.4375,506.57
1054,0.055816,98.4375,567.78
1055,0.072052,98.4375,503.62
1056,0.028606,100.0000,543.77
1057,0.043228,96.8750,525.74
1058,0.029842,98.4375,498.32
1059,0.079437,96.8750,580.69
1060,0.105584,96.8750,503.27
1061,0.149468,93.7500,499.96
1062,0.116475,93.7500,632.81
1063,0.102732,95.3125,536.54
1064,0.185649,93.7500,563.79
1065,0.057346,98.4375,546.00
1066,0.189636,96.8750,537.23
1067,0.100596,96.8750,536.47
1068,0.058459,96.8750,559.22
1069,0.047570,96.8750,496.20
1070,0.140932,95.3125,622.06
1071,0.087743,96.8750,497.56
1072,0.091539,98.4375,584.71
1073,0.038086,100.0000,501.95
1074,0.092904,96.8750,552.77
1075,0.181494,92.1875,537.36
1076,0.151634,95.3125,499.88
1077,0.029324,98.4375,632.28
1078,0.102208,96.8750,499.87
1079,0.067307,98.4375,619.89
1080,0.152360,96.8750,495.83
1081,0.064777,96.8750,609.08
1082,0.048740,98.4375,502.33
1083,0.203907,95.3125,568.85
1084,0.053338,98.4375,498.50
1085,0.137579,95.3125,570.92
1086,0.170597,90.6250,507.81
1087,0.036949,98.4375,500.64
1088,0.112752,96.8750,640.85
1089,0.033875,98.4375,496.17
1090,0.066966,96.8750,543.22
1091,0.046871,98.4375,533.07
1092,0.121970,93.7500,553.76
1093,0.048140,98.4375,501.24
1094,0.050222,100.0000,561.25
1095,0.019590,100.0000,498.88
1096,0.136132,95.3125,551.88
1097,0.064041,98.4375,501.92
1098,0.112778,93.7500,508.09
1099,0.048051,100.0000,606.26
1100,0.080471,96.8750,496.73
1101,0.142067,95.3125,594.71
1102,0.070218,95.3125,502.24
1103,0.024908,100.0000,631.45
1104,0.066120,95.3125,495.67
1105,0.064995,98.4375,514.45
1106,0.105142,95.3125,584.82
1107,0.046603,98.4375,508.22
1108,0.058910,100.0000,564.29
1109,0.070673,96.8750,497.25
1110,0.127169,96.8750,519.92
1111,0.116270,96.8750,574.22
1112,0.127139,95.3125,498.87
1113,0.200750,93.7500,633.02
1114,0.038080,98.4375,499.91
1115,0.029744,100.0000,563.21
1116,0.202070,92.1875,500.99
1117,0.023310,100.0000,495.41
1118,0.086642,96.8750,648.62
1119,0.117890,95.3125,501.07
1120,0.012671,100.0000,577.75
1121,0.187822,92.1875,503.81
1122,0.196395,92.1875,503.36
1123,0.124934,93.7500,640.10
1124,0.070280,96.8750,499.92
1125,0.085246,96.8750,659.05
1126,0.057543,96.8750,500.21
1127,0.104101,95.3125,619.89
1128,0.066759,98.4375,498.12
1129,0.060252,95.3125,635.99
1130,0.017534,100.0000,500.17
1131,0.039999,98.4375,621.26
1132,0.100451,93.7500,500.64
1133,0.071905,98.4375,565.32
1134,0.088124,96.8750,502.51
1135,0.012787,100.0000,538.18
1136,0.133821,95.3125,532.84
1137,0.087897,95.3125,570.58
1138,0.041411,100.0000,501.17
1139,0.138817,92.1875,501.40
1140,0.089337,95.3125,627.21
1141,0.094822,95.3125,504.63
1142,0.143545,96.8750,599.35
1143,0.152204,92.1875,558.03
1144,0.158350,93.7500,530.53
1145,0.043841,98.4375,501.30
1146,0.154684,93.7500,650.19
1147,0.087498,96.8750,502.98
1148,0.064833,98.4375,550.54
1149,0.019089,100.0000,522.67
1150,0.242965,95.3125,522.32
1151,0.049180,98.4375,582.87
1152,0.041721,98.4375,499.92
1153,0.064011,96.8750,600.01
1154,0.023959,100.0000,535.64
1155,0.076460,96.8750,558.52
1156,0.196004,92.1875,495.05
1157,0.077780,98.4375,643.88
1158,0.089082,96.8750,503.62
1159,0.070927,96.8750,584.90
1160,0.133662,95.3125,497.88
1161,0.025410,100.0000,498.85
1162,0.094363,98.4375,598.29
1163,0.170312,93.7500,496.86
1164,0.175505,93.7500,626.29
1165,0.012734,100.0000,496.79
1166,0.038182,98.4375,580.39
1167,0.117040,96.8750,499.20
1168,0.037103,100.0000,545.95
1169,0.045928,98.4375,543.05
1170,0.077956,98.4375,499.53
1171,0.083016,96.8750,650.34
1172,0.059459,98.4375,499.37
1173,0.080083,98.4375,655.28
1174,0.062620,98.4375,497.87
1175,0.071945,96.8750,556.09
1176,0.092187,96.8750,500.57
1177,0.189782,93.7500,497.51
1178,0.052764,100.0000,592.35
1179,0.241934,89.0625,500.30
1180,0.098972,96.8750,600.00
1181,0.220461,96.8750,502.07
1182,0.103534,98.4375,591.25
1183,0.026476,100.0000,498.93
1184,0.050706,98.4375,544.14
1185,0.063771,96.8750,544.76
1186,0.082091,98.4375,558.06
1187,0.032011,100.0000,537.67
1188,0.031550,100.0000,517.94
1189,0.106870,95.3125,575.54
1190,0.075373,96.8750,497.57
1191,0.023500,100.0000,579.45
1192,0.013903,100.0000,501.01
1193,0.120423,95.3125,583.83
1194,0.114885,95.3125,497.04
1195,0.036570,100.0000,536.90
1196,0.054949,98.4375,552.84
1197,0.047061,98.4375,549.94
1198,0.047803,98.4375,518.00
1199,0.099511,96.8750,501.92
1200,0.043911,98.4375,594.06
1201,0.017454,100.0000,500.49
1202,0.127110,95.3125,609.39
1203,0.041103,98.4375,496.90
1204,0.150539,93.7500,656.78
1205,0.052010,98.4375,500.30
1206,0.081334,95.3125,562.61
1207,0.078407,96.8750,501.08
1208,0.016934,100.0000,501.99
1209,0.064460,96.8750,633.82
1210,0.059374,98.4375,502.43
1211,0.100122,93.7500,599.51
1212,0.113424,95.3125,496.25
1213,0.171473,95.3125,617.41
1214,0.099884,95.3125,504.08
1215,0.133336,95.3125,618.54
1216,0.162955,95.3125,500.75
1217,0.059527,96.8750,560.59
1218,0.009629,100.0000,500.33
1219,0.113250,95.3125,580.50
1220,0.060020,100.0000,517.44
1221,0.046697,100.0000,495.39
1222,0.136652,93.7500,589.99
1223,0.103025,95.3125,496.04
1224,0.026218,100.0000,636.39
1225,0.052675,96.8750,494.70
1226,0.013957,100.0000,562.46
1227,0.053980,98.4375,498.51
1228,0.119438,96.8750,495.83
1229,0.082583,95.3125,610.61
1230,0.137265,95.3125,494.20
1231,0.088952,96.8750,629.66
1232,0.103193,96.8750,503.74
1233,0.100890,93.7500,545.74
1234,0.107248,96.8750,527.46
1235,0.066452,96.8750,502.42
1236,0.142945,95.3125,580.69
1237,0.061256,96.8750,500.44
1238,0.071935,95.3125,584.88
1239,0.043791,98.4375,501.21
1240,0.079106,95.3125,561.86
1241,0.052823,98.4375,557.70
1242,0.235043,92.1875,504.06
1243,0.046330,100.0000,633.08
1244,0.098162,95.3125,504.02
1245,0.030508,96.8750,516.09
1246,0.058655,98.4375,578.81
1247,0.073133,96.8750,553.00
1248,0.100423,96.8750,537.62
1249,0.194299,92.1875,545.19
1250,0.031207,98.4375,519.91
1251,0.060063,96.8750,502.69
1252,0.179858,95.3125,637.24
1253,0.065308,96.8750,500.79
1254,0.020081,100.0000,569.18
1255,0.144298,95.3125,503.32
1256,0.051370,98.4375,588.18
1257,0.067816,96.8750,505.58
1258,0.071971,95.3125,562.36
1259,0.117178,93.7500,504.02
1260,0.093029,96.8750,502.26
1261,0.023584,100.0000,606.54
1262,0.059201,98.4375,499.27
1263,0.035402,98.4375,572.46
1264,0.009782,100.0000,504.56
1265,0.051542,100.0000,554.93
1266,0.114144,93.7500,543.94
1267,0.157659,96.8750,504.15
1268,0.153859,95.3125,658.74
1269,0.060395,96.8750,506.37
1270,0.103246,96.8750,624.81
1271,0.151263,92.1875,500.86
1272,0.026026,98.4375,572.56
1273,0.069224,98.4375,499.91
1274,0.096307,93.7500,534.83
1275,0.087296,96.8750,561.82
1276,0.065902,98.4375,497.82
1277,0.027664,100.0000,576.25
1278,0.095443,95.3125,500.06
1279,0.060521,96.8750,539.42
1280,0.103509,95.3125,549.21
1281,0.199086,95.3125,499.78
1282,0.048290,98.4375,598.40
1283,0.149507,92.1875,499.56
1284,0.105986,95.3125,537.49
1285,0.177834,95.3125,542.30
1286,0.014421,100.0000,571.51
1287,0.146384,95.3125,519.95
1288,0.083394,98.4375,554.87
1289,0.044405,100.0000,520.03
1290,0.098335,93.7500,502.15
1291,0.063291,98.4375,650.79
1292,0.030040,100.0000,506.58
1293,0.120756,96.8750,558.38
1294,0.095978,96.8750,496.09
1295,0.232388,93.7500,549.09
1296,0.051099,100.0000,546.04
1297,0.149881,95.3125,569.51
1298,0.058232,96.8750,495.42
1299,0.175580,96.8750,498.06
1300,0.119106,93.7500,609.96
1301,0.141254,93.7500,499.08
1302,0.067302,98.4375,563.73
1303,0.208112,90.6250,498.30
1304,0.037148,98.4375,497.02
1305,0.031625,98.4375,615.11
1306,0.085497,96.8750,504.65
1307,0.041453,98.4375,583.79
1308,0.068752,96.8750,495.80
1309,0.094516,96.8750,495.49
1310,0.036645,100.0000,623.14
1311,0.053905,96.8750,498.51
1312,0.036769,98.4375,606.98
1313,0.143365,93.7500,540.67
1314,0.126407,93.7500,556.18
1315,0.052565,98.4375,502.60
1316,0.136394,95.3125,619.46
1317,0.076330,98.4375,497.56
1318,0.128121,96.8750,629.58
1319,0.161920,92.1875,498.25
1320,0.228268,95.3125,652.16
1321,0.058568,96.8750,497.08
1322,0.126183,92.1875,627.00
1323,0.070008,96.8750,499.80
1324,0.081740,96.8750,580.78
1325,0.061722,96.8750,503.11
1326,0.061728,96.8750,497.40
1327,0.097458,96.8750,621.89
1328,0.171459,93.7500,530.23
1329,0.108626,95.3125,565.48
1330,0.072641,98.4375,500.39
1331,0.185695,93.7500,604.49
1332,0.034036,98.4375,550.71
1333,0.019335,100.0000,550.27
1334,0.084294,95.3125,502.41
1335,0.077192,98.4375,632.84
1336,0.036396,98.4375,499.62
1337,0.040801,98.4375,539.38
1338,0.226133,89.0625,548.45
1339,0.052114,98.4375,543.36
1340,0.056637,98.4375,534.33
1341,0.064492,96.8750,530.48
1342,0.117997,93.7500,569.93
1343,0.081780,95.3125,505.31
1344,0.160296,95.3125,582.23
1345,0.041479,98.4375,498.80
1346,0.099601,96.8750,499.24
1347,0.129350,93.7500,644.44
1348,0.097654,96.8750,495.62
1349,0.033857,98.4375,617.63
1350,0.100618,95.3125,496.05
1351,0.051675,100.0000,570.53
1352,0.063856,98.4375,499.01
1353,0.013215,100.0000,551.07
1354,0.050208,98.4375,549.10
1355,0.033296,100.0000,513.61
1356,0.050715,98.4375,590.23
1357,0.018045,100.0000,495.04
1358,0.064498,98.4375,580.16
1359,0.143998,93.7500,496.09
1360,0.088382,95.3125,515.77
1361,0.065264,96.8750,582.74
1362,0.070673,96.8750,560.44
1363,0.062167,96.8750,517.22
1364,0.031363,100.0000,563.32
1365,0.036261,96.8750,503.49
1366,0.138867,92.1875,499.15
1367,0.135913,96.8750,630.07
1368,0.132466,96.8750,526.19
1369,0.067773,96.8750,571.99
1370,0.163426,95.3125,501.44
1371,0.057100,98.4375,611.81
1372,0.066717,96.8750,500.27
1373,0.039998,98.4375,645.34
1374,0.115197,96.8750,502.43
1375,0.048261,98.4375,536.06
1376,0.132269,93.7500,535.58
1377,0.085858,95.3125,561.22
1378,0.083382,95.3125,518.63
1379,0.139806,95.3125,520.18
1380,0.072664,98.4375,597.04
1381,0.066111,96.8750,496.89
1382,0.113635,96.8750,600.04
1383,0.087992,98.4375,505.21
1384,0.041713,98.4375,582.25
1385,0.190811,93.7500,498.70
1386,0.054182,98.4375,573.98
1387,0.143460,98.4375,500.40
1388,0.160058,92.1875,501.31
1389,0.077605,96.8750,593.32
1390,0.034517,98.4375,503.06
1391,0.006292,100.0000,641.08
1392,0.095159,96.8750,497.94
1393,0.098180,95.3125,543.43
1394,0.112476,95.3125,526.20
1395,0.117174,95.3125,522.63
1396,0.108322,95.3125,597.63
1397,0.093157,93.7500,526.19
1398,0.062176,98.4375,561.56
1399,0.089663,95.3125,499.60
1400,0.055234,96.8750,665.06
1401,0.071127,95.3125,505.54
1402,0.101273,96.8750,624.06
1403,0.048838,98.4375,499.62
1404,0.132046,96.8750,574.20
1405,0.116799,93.7500,502.11
1406,0.165249,93.7500,650.59
1407,0.042562,98.4375,507.15
1408,0.131325,93.7500,594.00
1409,0.058181,96.8750,501.25
1410,0.071971,96.8750,623.80
1411,0.011162,100.0000,498.55
1412,0.021288,98.4375,561.45
1413,0.160246,96.8750,504.89
1414,0.060051,96.8750,532.92
1415,0.088099,95.3125,563.12
1416,0.094425,95.3125,505.81
1417,0.209637,95.3125,649.17
1418,0.071629,98.4375,500.32
1419,0.042143,96.8750,557.03
1420,0.067130,98.4375,496.23
1421,0.030633,100.0000,496.27
1422,0.054794,96.8750,610.94
1423,0.033232,100.0000,495.76
1424,0.038817,98.4375,614.10
1425,0.104986,95.3125,499.08
1426,0.113884,95.3125,597.07
1427,0.017117,100.0000,501.32
1428,0.099021,95.3125,500.86
1429,0.080286,95.3125,594.54
1430,0.095014,95.3125,498.21
1431,0.065204,98.4375,562.82
1432,0.188780,93.7500,498.49
1433,0.080638,96.8750,522.60
1434,0.081811,96.8750,557.15
1435,0.088092,96.8750,501.46
1436,0.068227,95.3125,592.95
1437,0.044206,96.8750,500.95
1438,0.028417,100.0000,609.59
1439,0.051326,98.4375,500.72
1440,0.067904,96.8750,541.75
1441,0.021411,100.0000,533.48
1442,0.051187,96.8750,502.13
1443,0.022461,100.0000,633.37
1444,0.053119,98.4375,497.23
1445,0.068667,95.3125,600.69
1446,0.102786,96.8750,502.10
1447,0.036792,100.0000,560.87
1448,0.127080,93.7500,501.69
1449,0.112775,95.3125,497.67
1450,0.028220,100.0000,599.33
1451,0.051446,96.8750,498.34
1452,0.046587,100.0000,632.39
1453,0.184669,95.3125,499.16
1454,0.052091,96.8750,577.74
1455,0.043426,98.4375,504.42
1456,0.050562,98.4375,532.61
1457,0.130654,95.3125,561.76
1458,0.075383,98.4375,535.29
1459,0.053190,98.4375,562.88
1460,0.053518,96.8750,498.61
1461,0.116402,95.3125,561.19
1462,0.151743,92.1875,499.52
1463,0.037652,98.4375,568.47
1464,0.084635,100.0000,498.90
1465,0.033369,100.0000,502.64
1466,0.126710,96.8750,598.63
1467,0.094585,98.4375,497.83
1468,0.056849,100.0000,553.46
1469,0.041496,98.4375,497.87
1470,0.130303,93.7500,516.12
1471,0.062634,98.4375,585.55
1472,0.054906,100.0000,500.83
1473,0.121265,93.7500,634.77
1474,0.124149,96.8750,501.64
1475,0.038461,98.4375,578.36
1476,0.093797,96.8750,501.52
1477,0.127623,96.8750,602.24
1478,0.044860,98.4375,495.74
1479,0.071480,96.8750,650.47
1480,0.053937,98.4375,499.58
1481,0.049878,96.8750,566.19
1482,0.086118,93.7500,496.21
1483,0.050340,98.4375,561.39
1484,0.081828,98.4375,501.60
1485,0.101973,93.7500,499.20
1486,0.063831,98.4375,649.53
1487,0.066646,98.4375,498.23
1488,0.070167,96.8750,589.83
1489,0.052228,96.8750,504.64
1490,0.063496,98.4375,657.15
1491,0.046757,98.4375,500.39
1492,0.027297,100.0000,600.26
1493,0.053909,98.4375,501.07
1494,0.063350,98.4375,574.52
1495,0.010475,100.0000,497.26
1496,0.038552,98.4375,498.23
1497,0.174127,90.6250,653.56
1498,0.027829,98.4375,504.50
1499,0.055117,95.3125,585.07
1500,0.101378,96.8750,497.87
1501,0.048897,98.4375,571.80
1502,0.085486,96.8750,492.97
1503,0.139771,93.7500,498.40
1504,0.115734,93.7500,638.90
1505,0.035437,98.4375,495.68
1506,0.067134,98.4375,591.75
1507,0.061682,96.8750,494.98
1508,0.071510,96.8750,624.72
1509,0.037532,98.4375,500.25
1510,0.032524,100.0000,622.40
1511,0.057658,98.4375,494.80
1512,0.130989,93.7500,510.51
1513,0.064632,98.4375,594.07
1514,0.064091,98.4375,502.11
1515,0.198980,93.7500,560.66
1516,0.048566,100.0000,500.20
1517,0.050844,98.4375,514.34
1518,0.050301,98.4375,597.34
1519,0.144590,95.3125,521.61
1520,0.068354,98.4375,584.40
1521,0.273271,90.6250,551.41
1522,0.102132,96.8750,503.98
1523,0.082606,96.8750,501.40
1524,0.045771,98.4375,577.98
1525,0.181851,92.1875,501.92
1526,0.118300,96.8750,562.35
1527,0.070155,96.8750,503.09
1528,0.125582,98.4375,551.44
1529,0.064446,96.8750,522.28
1530,0.094021,96.8750,587.71
1531,0.128323,95.3125,504.13
1532,0.081545,98.4375,574.10
1533,0.099315,95.3125,497.95
1534,0.067504,96.8750,584.09
1535,0.073924,95.3125,496.73
1536,0.029742,100.0000,592.76
1537,0.115274,95.3125,499.11
1538,0.051974,98.4375,647.47
1539,0.108823,95.3125,495.45
1540,0.045080,98.4375,624.56
1541,0.074604,96.8750,496.46
1542,0.114337,95.3125,550.84
1543,0.269615,92.1875,531.49
1544,0.123738,92.1875,494.75
1545,0.167964,95.3125,582.22
1546,0.123777,95.3125,500.16
1547,0.077022,96.8750,561.75
1548,0.095324,96.8750,497.18
1549,0.084106,96.8750,503.81
1550,0.088417,96.8750,604.78
1551,0.084011,96.8750,497.47
1552,0.122131,96.8750,648.87
1553,0.080052,96.8750,500.71
1554,0.094004,96.8750,584.89
1555,0.028570,100.0000,501.29
1556,0.185981,92.1875,597.03
1557,0.015256,100.0000,502.54
1558,0.071244,98.4375,500.65
1559,0.097013,95.3125,603.54
1560,0.102136,95.3125,501.26
1561,0.107178,96.8750,586.22
1562,0.131039,93.7500,506.53
1563,0.139779,92.1875,601.90
1564,0.083756,98.4375,498.05
1565,0.124240,95.3125,552.89
1566,0.061057,96.8750,503.00
1567,0.176596,93.7500,553.60
1568,0.048123,96.8750,543.58
1569,0.136076,95.3125,545.19
1570,0.059829,100.0000,496.28
1571,0.128108,93.7500,501.96
1572,0.069784,96.8750,599.74
1573,0.103185,96.8750,503.29
1574,0.144538,93.7500,586.09
1575,0.173481,93.7500,500.79
1576,0.064028,98.4375,561.21
1577,0.168987,90.6250,514.67
1578,0.113497,95.3125,573.22
1579,0.101565,96.8750,498.86
1580,0.036777,98.4375,496.05
1581,0.154740,92.1875,630.48
1582,0.128943,95.3125,503.79
1583,0.074946,98.4375,554.12
1584,0.013948,100.0000,503.50
1585,0.014696,100.0000,503.54
1586,0.132921,95.3125,617.68
1587,0.052510,98.4375,496.46
1588,0.028375,100.0000,581.14
1589,0.038240,98.4375,492.48
1590,0.193693,93.7500,552.65
1591,0.114485,95.3125,488.61
1592,0.129433,98.4375,559.17
1593,0.109558,96.8750,488.91
1594,0.063906,98.4375,540.93
1595,0.135323,93.7500,517.27
1596,0.220504,93.7500,547.56
1597,0.042234,100.0000,540.48
1598,0.047673,98.4375,493.55
1599,0.086629,96.8750,614.74
1600,0.109483,96.8750,499.69
1601,0.072324,96.8750,607.38
1602,0.011059,100.0000,498.39
1603,0.059155,95.3125,633.20
1604,0.065677,96.8750,502.73
1605,0.031297,98.4375,580.75
1606,0.084014,96.8750,501.85
1607,0.109104,98.4375,517.21
1608,0.026751,100.0000,588.47
1609,0.041703,98.4375,557.45
1610,0.071264,98.4375,506.36
1611,0.037682,96.8750,578.33
1612,0.037365,98.4375,506.65
1613,0.113402,95.3125,590.67
1614,0.096127,93.7500,502.23
1615,0.046407,100.0000,541.07
1616,0.185468,93.7500,528.73
1617,0.069200,98.4375,498.22
1618,0.092002,96.8750,602.41
1619,0.074288,98.4375,503.41
1620,0.049035,98.4375,550.77
1621,0.176081,92.1875,511.85
1622,0.044911,98.4375,496.95
1623,0.070587,96.8750,615.07
1624,0.041052,100.0000,502.24
1625,0.059996,98.4375,551.41
1626,0.087652,93.7500,536.26
1627,0.047751,98.4375,500.66
1628,0.178714,89.0625,646.31
1629,0.169741,93.7500,501.63
1630,0.077522,98.4375,583.24
1631,0.024090,100.0000,497.90
1632,0.072204,96.8750,533.37
1633,0.080015,96.8750,530.78
1634,0.136900,93.7500,559.03
1635,0.089405,95.3125,507.24
1636,0.080030,98.4375,499.94
1637,0.029692,100.0000,588.46
1638,0.047341,100.0000,513.18
1639,0.036113,98.4375,528.39
1640,0.081926,96.8750,548.00
1641,0.064320,98.4375,492.19
1642,0.079650,96.8750,565.52
1643,0.094189,98.4375,497.27
1644,0.076811,95.3125,499.64
1645,0.050010,98.4375,617.25
1646,0.193073,92.1875,500.78
1647,0.068296,98.4375,644.79
1648,0.036418,100.0000,496.66
1649,0.049329,98.4375,538.25
1650,0.071581,98.4375,544.99
1651,0.104384,96.8750,497.97
1652,0.060774,98.4375,600.18
1653,0.063694,96.8750,533.31
1654,0.044906,100.0000,552.68
1655,0.027827,100.0000,543.26
1656,0.058820,95.3125,537.32
1657,0.033832,98.4375,502.76
1658,0.031568,98.4375,601.55
1659,0.060735,98.4375,493.60
1660,0.028323,98.4375,538.19
1661,0.065006,98.4375,544.88
1662,0.127356,95.3125,508.93
1663,0.173921,95.3125,578.59
1664,0.070144,96.8750,490.25
1665,0.040133,98.4375,598.97
1666,0.100134,96.8750,499.21
1667,0.060987,96.8750,515.05
1668,0.107155,95.3125,581.42
1669,0.105985,96.8750,498.96
1670,0.070825,96.8750,656.50
1671,0.165292,93.7500,502.08
1672,0.088024,96.8750,568.83
1673,0.024417,98.4375,518.23
1674,0.118723,95.3125,504.88
1675,0.052150,98.4375,589.27
1676,0.023588,100.0000,492.84
1677,0.036588,100.0000,545.30
1678,0.057380,98.4375,534.99
1679,0.074012,96.8750,538.58
1680,0.070086,96.8750,543.20
1681,0.037529,100.0000,543.87
1682,0.098791,93.7500,547.01
1683,0.042845,98.4375,506.42
1684,0.127861,95.3125,606.25
1685,0.120584,95.3125,504.66
1686,0.018905,100.0000,536.91
1687,0.114858,95.3125,556.65
1688,0.018495,100.0000,516.41
1689,0.109897,95.3125,567.72
1690,0.062517,98.4375,502.97
1691,0.081400,98.4375,621.37
1692,0.040232,96.8750,502.70
1693,0.152170,96.8750,623.79
1694,0.136210,90.6250,502.43
1695,0.105760,93.7500,608.30
1696,0.054341,98.4375,500.31
1697,0.024285,100.0000,606.94
1698,0.080878,96.8750,497.07
1699,0.055554,98.4375,582.89
1700,0.095279,95.3125,501.04
1701,0.143631,93.7500,556.19
1702,0.168704,89.0625,526.75
1703,0.075909,98.4375,570.33
1704,0.163014,92.1875,499.82
1705,0.052343,98.4375,593.05
1706,0.044575,98.4375,507.99
1707,0.048999,98.4375,554.75
1708,0.026182,100.0000,497.25
1709,0.095139,95.3125,575.97
1710,0.022775,98.4375,518.76
1711,0.101856,95.3125,507.35
1712,0.092944,95.3125,660.79
1713,0.080866,95.3125,499.52
1714,0.088664,96.8750,589.61
1715,0.054571,96.8750,502.95
1716,0.041993,98.4375,580.36
1717,0.059422,98.4375,498.70
1718,0.115434,95.3125,499.83
1719,0.097455,96.8750,636.43
1720,0.039925,98.4375,498.32
1721,0.112890,93.7500,532.25
1722,0.015264,100.0000,554.08
1723,0.126495,93.7500,559.14
1724,0.169330,95.3125,509.80
1725,0.055741,98.4375,548.98
1726,0.085732,96.8750,500.18
1727,0.097671,95.3125,548.26
1728,0.034755,100.0000,527.65
1729,0.026677,100.0000,500.22
1730,0.154623,93.7500,641.27
1731,0.067670,98.4375,501.19
1732,0.080774,95.3125,609.22
1733,0.066175,96.8750,495.44
1734,0.101660,96.8750,591.28
1735,0.049060,100.0000,496.29
1736,0.112097,95.3125,655.56
1737,0.054277,96.8750,499.55
1738,0.055922,98.4375,642.75
1739,0.048303,98.4375,499.31
1740,0.038618,98.4375,557.90
1741,0.122864,96.8750,498.50
1742,0.073700,96.8750,568.38
1743,0.046810,98.4375,503.09
1744,0.065124,96.8750,569.38
1745,0.010035,100.0000,496.71
1746,0.103668,96.8750,496.93
1747,0.071707,98.4375,661.01
1748,0.035302,100.0000,501.74
1749,0.134456,95.3125,649.44
1750,0.050408,98.4375,498.38
1751,0.077620,98.4375,541.32
1752,0.072262,98.4375,552.40
1753,0.082141,98.4375,560.48
1754,0.092462,96.8750,502.55
1755,0.137695,95.3125,560.71
1756,0.037542,98.4375,501.17
1757,0.011345,100.0000,503.73
1758,0.009386,100.0000,609.74
1759,0.113909,96.8750,496.33
1760,0.140613,93.7500,622.05
1761,0.058035,95.3125,505.16
1762,0.051249,98.4375,578.34
1763,0.042369,96.8750,502.71
1764,0.049183,96.8750,532.39
1765,0.190827,92.1875,557.89
1766,0.092336,98.4375,565.01
1767,0.076847,98.4375,504.35
1768,0.046792,96.8750,498.28
1769,0.018421,100.0000,600.64
1770,0.085937,96.8750,499.36
1771,0.092667,96.8750,630.57
1772,0.161400,93.7500,499.57
1773,0.080401,98.4375,561.73
1774,0.079709,98.4375,505.34
1775,0.015612,100.0000,500.35
1776,0.146458,93.7500,581.14
1777,0.069057,98.4375,497.00
1778,0.083144,96.8750,629.25
1779,0.082958,96.8750,498.12
1780,0.110621,95.3125,595.79
1781,0.042700,98.4375,499.00
1782,0.073930,95.3125,563.67
1783,0.131130,93.7500,501.15
1784,0.051597,98.4375,505.47
1785,0.021764,100.0000,648.72
1786,0.072871,98.4375,498.63
1787,0.127586,95.3125,635.25
1788,0.021875,100.0000,497.45
1789,0.058124,96.8750,645.71
1790,0.079163,96.8750,544.06
1791,0.087277,96.8750,546.72
1792,0.023706,100.0000,544.10
1793,0.007750,100.0000,546.91
1794,0.014105,100.0000,519.40
1795,0.181815,95.3125,601.23
1796,0.022045,100.0000,498.34
1797,0.056192,96.8750,610.26
1798,0.117502,95.3125,503.96
1799,0.109410,95.3125,556.43
1800,0.038944,100.0000,500.61
1801,0.040921,98.4375,497.70
1802,0.057909,96.8750,597.84
1803,0.031696,98.4375,499.36
1804,0.051945,98.4375,541.84
1805,0.028800,100.0000,574.73
1806,0.049111,98.4375,502.26
1807,0.095776,95.3125,599.66
1808,0.116446,96.8750,511.22
1809,0.044101,98.4375,608.63
1810,0.081475,96.8750,495.34
1811,0.130636,95.3125,591.25
1812,0.019796,100.0000,501.02
1813,0.100694,92.1875,502.17
1814,0.054546,98.4375,605.97
1815,0.033399,98.4375,502.55
1816,0.096179,98.4375,593.38
1817,0.052452,100.0000,495.20
1818,0.082218,95.3125,557.29
1819,0.062991,98.4375,498.19
1820,0.048484,96.8750,546.52
1821,0.096473,96.8750,533.75
1822,0.026193,100.0000,508.91
1823,0.217354,92.1875,592.75
1824,0.028748,98.4375,501.36
1825,0.142983,92.1875,584.40
1826,0.060083,98.4375,503.93
1827,0.071705,96.8750,609.94
1828,0.004286,100.0000,499.99
1829,0.052152,96.8750,551.75
1830,0.025620,98.4375,505.33
1831,0.083561,96.8750,531.82
1832,0.146593,95.3125,554.39
1833,0.027477,100.0000,539.72
1834,0.071119,96.8750,540.92
1835,0.054512,96.8750,501.96
1836,0.017441,100.0000,621.99
1837,0.029782,100.0000,501.33
1838,0.095374,96.8750,573.24
1839,0.063057,96.8750,498.70
1840,0.026652,100.0000,569.25
1841,0.063801,98.4375,500.24
1842,0.101708,95.3125,567.27
1843,0.116381,95.3125,502.21
1844,0.041881,98.4375,502.39
1845,0.098468,95.3125,644.94
1846,0.022261,100.0000,503.65
1847,0.038092,98.4375,594.95
1848,0.041762,98.4375,503.11
1849,0.059945,96.8750,579.60
1850,0.070463,96.8750,505.57
1851,0.065919,96.8750,587.06
1852,0.040317,98.4375,502.61
1853,0.040385,98.4375,555.27
1854,0.109721,95.3125,498.18
1855,0.020576,100.0000,574.58
1856,0.027596,98.4375,497.14
1857,0.023566,98.4375,562.42
1858,0.193513,93.7500,503.59
1859,0.034435,98.4375,510.62
1860,0.062291,96.8750,607.42
1861,0.052428,98.4375,503.28
1862,0.129784,96.8750,579.69
1863,0.017316,100.0000,502.74
1864,0.072617,96.8750,599.62
1865,0.077008,98.4375,499.57
1866,0.031574,98.4375,580.55
1867,0.109098,96.8750,506.21
1868,0.046512,98.4375,572.27
1869,0.010953,100.0000,500.76
1870,0.163769,95.3125,503.71
1871,0.072313,98.4375,643.97
1872,0.080802,95.3125,500.11
1873,0.043822,100.0000,582.18
1874,0.080056,98.4375,507.02
1875,0.094639,95.3125,553.29
1876,0.104145,95.3125,502.97
1877,0.106118,95.3125,542.29
1878,0.075256,98.4375,539.09
1879,0.052755,98.4375,502.67
1880,0.042137,98.4375,594.88
1881,0.031635,98.4375,537.70
1882,0.074212,98.4375,560.25
1883,0.029081,100.0000,534.57
1884,0.101409,96.8750,559.86
1885,0.232552,95.3125,506.09
1886,0.033104,100.0000,594.48
1887,0.060608,96.8750,550.16
1888,0.061950,96.8750,540.51
1889,0.016387,100.0000,498.32
1890,0.101313,96.8750,586.17
1891,0.005446,100.0000,498.10
1892,0.123244,95.3125,565.92
1893,0.112590,95.3125,500.05
1894,0.114112,96.8750,503.96
1895,0.117585,93.7500,605.70
1896,0.098238,98.4375,499.71
1897,0.082719,95.3125,595.91
1898,0.085667,96.8750,504.80
1899,0.068730,96.8750,589.58
1900,0.115218,95.3125,508.13
1901,0.193530,95.3125,499.14
1902,0.093537,95.3125,595.39
1903,0.035481,100.0000,538.10
1904,0.045029,98.4375,575.42
1905,0.105881,95.3125,554.39
1906,0.046094,96.8750,534.05
1907,0.083683,95.3125,569.57
1908,0.081094,96.8750,500.63
1909,0.127366,96.8750,535.37
1910,0.165148,93.7500,559.34
1911,0.060671,96.8750,500.31
1912,0.063692,96.8750,588.70
1913,0.049409,98.4375,504.93
1914,0.017705,100.0000,563.51
1915,0.021334,100.0000,497.61
1916,0.016255,100.0000,501.23
1917,0.120569,96.8750,639.15
1918,0.081673,96.8750,501.07
1919,0.065630,96.8750,568.86
1920,0.059892,98.4375,499.30
1921,0.033194,98.4375,501.50
1922,0.098724,96.8750,616.95
1923,0.229703,92.1875,496.33
1924,0.065090,98.4375,581.44
1925,0.053222,98.4375,505.56
1926,0.056171,96.8750,584.25
1927,0.139385,93.7500,501.19
1928,0.107695,95.3125,570.18
1929,0.057107,98.4375,499.34
1930,0.126017,95.3125,591.43
1931,0.080093,96.8750,502.40
1932,0.057919,98.4375,545.45
1933,0.037364,98.4375,528.78
1934,0.047445,96.8750,562.10
1935,0.018341,100.0000,506.09
1936,0.045749,98.4375,502.81
1937,0.122835,95.3125,603.37
1938,0.020007,100.0000,501.87
1939,0.021767,100.0000,557.99
1940,0.099332,95.3125,502.64
1941,0.040509,98.4375,568.84
1942,0.051215,98.4375,499.50
1943,0.058978,96.8750,556.95
1944,0.024293,100.0000,503.71
1945,0.118359,95.3125,557.54
1946,0.071155,96.8750,517.72
1947,0.030164,98.4375,560.77
1948,0.036530,100.0000,504.53
1949,0.111105,96.8750,545.60
1950,0.045437,98.4375,544.40
1951,0.036499,98.4375,501.86
1952,0.075352,96.8750,610.50
1953,0.040422,98.4375,499.66
1954,0.035847,98.4375,583.23
1955,0.051688,100.0000,505.65
1956,0.056744,96.8750,593.92
1957,0.103847,95.3125,503.67
1958,0.090079,95.3125,577.91
1959,0.069547,96.8750,502.58
1960,0.018884,100.0000,528.54
1961,0.140855,96.8750,563.63
1962,0.016637,100.0000,497.31
1963,0.017942,100.0000,585.43
1964,0.156282,95.3125,494.80
1965,0.050910,96.8750,584.22
1966,0.060528,96.8750,496.55
1967,0.061290,96.8750,566.97
1968,0.089258,95.3125,500.64
1969,0.062513,96.8750,570.35
1970,0.203240,92.1875,500.76
1971,0.047801,98.4375,496.14
1972,0.093489,96.8750,650.21
1973,0.027594,98.4375,510.74
1974,0.108111,93.7500,585.93
1975,0.078721,95.3125,498.22
1976,0.061138,95.3125,649.64
1977,0.025428,98.4375,496.72
1978,0.204204,95.3125,622.31
1979,0.064231,96.8750,498.44
1980,0.056559,98.4375,549.09
1981,0.042496,98.4375,529.76
1982,0.030481,98.4375,495.57
1983,0.013571,100.0000,640.09
1984,0.071511,96.8750,497.83
1985,0.049102,96.8750,628.21
1986,0.049806,98.4375,493.56
1987,0.024428,100.0000,577.19
1988,0.081708,96.8750,503.43
1989,0.073124,98.4375,517.42
1990,0.097586,96.8750,599.93
1991,0.103148,96.8750,497.34
1992,0.010057,100.0000,652.83
1993,0.045583,98.4375,500.10
1994,0.112483,96.8750,600.49
1995,0.050069,98.4375,536.79
1996,0.015402,100.0000,571.84
1997,0.055642,98.4375,500.70
1998,0.115835,95.3125,655.46
1999,0.029862,100.0000,519.43
2000,0.242993,93.7500,584.68
2001,0.089028,93.7500,515.13
2002,0.090490,98.4375,573.13
2003,0.178159,92.1875,495.23
2004,0.048690,96.8750,642.44
2005,0.079124,98.4375,496.92
2006,0.018715,100.0000,545.03
2007,0.085443,96.8750,487.84
2008,0.057942,96.8750,488.62
2009,0.133241,93.7500,574.72
2010,0.042041,98.4375,490.64
2011,0.090111,93.7500,553.26
2012,0.164586,93.7500,490.03
2013,0.135063,95.3125,486.86
2014,0.019363,100.0000,586.87
2015,0.028221,100.0000,493.27
2016,0.086955,96.8750,634.36
2017,0.127662,95.3125,492.71
2018,0.094513,95.3125,528.52
2019,0.101184,93.7500,558.96
2020,0.055226,98.4375,543.86
2021,0.079380,98.4375,517.60
2022,0.088652,95.3125,500.29
2023,0.042087,98.4375,572.42
2024,0.040583,98.4375,507.16
2025,0.038563,100.0000,575.34
2026,0.089486,93.7500,503.22
2027,0.077318,95.3125,505.61
2028,0.040400,98.4375,611.84
2029,0.041557,98.4375,508.13
2030,0.069410,98.4375,635.28
2031,0.039163,98.4375,508.87
2032,0.032505,100.0000,563.61
2033,0.018610,100.0000,511.97
2034,0.050453,98.4375,501.60
2035,0.040214,98.4375,649.52
2036,0.065571,98.4375,508.21
2037,0.065202,95.3125,577.45
2038,0.080614,96.8750,520.92
2039,0.063986,96.8750,561.09
2040,0.080262,95.3125,505.82
2041,0.051125,98.4375,592.89
2042,0.036578,98.4375,508.17
2043,0.063594,98.4375,583.00
2044,0.050683,100.0000,506.39
2045,0.056341,96.8750,646.47
2046,0.066398,96.8750,499.59
2047,0.054794,95.3125,635.43
2048,0.055203,96.8750,499.34
2049,0.033413,98.4375,576.69
2050,0.095723,96.8750,517.30
2051,0.071111,98.4375,505.91
2052,0.144872,93.7500,587.71
2053,0.059386,96.8750,504.07
2054,0.081251,95.3125,592.96
2055,0.014115,100.0000,498.98
2056,0.038975,98.4375,628.11
2057,0.033167,98.4375,497.80
2058,0.087175,96.8750,554.09
2059,0.087043,96.8750,499.54
2060,0.059775,96.8750,500.15
2061,0.030010,98.4375,605.76
2062,0.035264,98.4375,500.06
2063,0.117895,95.3125,605.17
2064,0.040367,98.4375,500.05
2065,0.057527,95.3125,595.29
2066,0.045624,98.4375,504.75
2067,0.044993,100.0000,557.07
2068,0.097212,96.8750,497.33
2069,0.072562,96.8750,585.90
2070,0.053051,96.8750,504.66
2071,0.089268,96.8750,503.08
2072,0.040612,100.0000,618.89
2073,0.172892,96.8750,497.73
2074,0.030228,100.0000,495.49
2075,0.198760,93.7500,586.47
2076,0.065623,96.8750,538.05
2077,0.134979,93.7500,547.37
2078,0.038388,98.4375,549.43
2079,0.043644,100.0000,545.77
2080,0.049447,98.4375,506.49
2081,0.083734,95.3125,625.16
2082,0.097774,95.3125,499.96
2083,0.069483,96.8750,553.15
2084,0.014509,100.0000,522.34
2085,0.072845,96.8750,503.06
2086,0.042486,98.4375,583.20
2087,0.036501,98.4375,498.28
2088,0.096521,96.8750,570.66
2089,0.021325,100.0000,506.52
2090,0.095744,95.3125,502.57
2091,0.064377,96.8750,591.17
2092,0.070498,96.8750,533.17
2093,0.068706,96.8750,563.56
2094,0.092689,98.4375,498.36
2095,0.062818,96.8750,605.07
2096,0.040571,98.4375,526.62
2097,0.026631,100.0000,565.13
2098,0.017097,100.0000,553.30
2099,0.046015,100.0000,501.16
2100,0.106451,93.7500,553.04
2101,0.093960,96.8750,541.60
2102,0.103217,95.3125,502.25
2103,0.057965,96.8750,655.59
2104,0.038662,98.4375,501.66
2105,0.048615,96.8750,542.13
2106,0.015773,100.0000,519.55
2107,0.046902,100.0000,501.64
2108,0.077069,98.4375,614.70
2109,0.090901,96.8750,497.99
2110,0.028348,98.4375,572.70
2111,0.073088,96.8750,496.76
2112,0.032383,100.0000,499.82
2113,0.075573,95.3125,585.92
2114,0.061482,96.8750,503.96
2115,0.028516,98.4375,614.73
2116,0.047795,98.4375,508.90
2117,0.097407,93.7500,589.56
2118,0.063201,95.3125,493.94
2119,0.072508,98.4375,646.63
2120,0.093985,96.8750,530.71
2121,0.038729,98.4375,553.31
2122,0.106720,95.3125,557.70
2123,0.025182,100.0000,508.86
2124,0.045092,100.0000,497.33
2125,0.071363,96.8750,594.20
2126,0.034769,98.4375,500.68
2127,0.053616,98.4375,499.77
2128,0.088878,98.4375,646.46
2129,0.034680,98.4375,495.48
2130,0.106785,95.3125,640.54
2131,0.065984,96.8750,492.77
2132,0.101199,95.3125,549.46
2133,0.098332,95.3125,538.73
2134,0.034823,100.0000,498.27
2135,0.049588,98.4375,578.36
2136,0.018624,100.0000,499.65
2137,0.036249,98.4375,550.49
2138,0.048679,98.4375,513.19
2139,0.034270,98.4375,564.81
2140,0.038011,98.4375,494.40
2141,0.200355,92.1875,651.77
2142,0.058753,96.8750,515.86
2143,0.014233,100.0000,579.28
2144,0.119504,96.8750,496.82
2145,0.032500,98.4375,543.14
2146,0.043740,98.4375,551.23
2147,0.082849,96.8750,507.67
2148,0.053716,96.8750,587.06
2149,0.097190,95.3125,495.58
2150,0.136616,90.6250,559.22
2151,0.085460,96.8750,496.87
2152,0.063839,98.4375,565.13
2153,0.082044,95.3125,510.12
2154,0.067244,96.8750,529.17
2155,0.072641,98.4375,578.86
2156,0.036151,100.0000,502.68
2157,0.034993,98.4375,611.22
2158,0.107967,93.7500,533.66
2159,0.027385,100.0000,571.02
2160,0.045630,98.4375,500.71
2161,0.068390,96.8750,648.01
2162,0.104146,96.8750,507.70
2163,0.046304,98.4375,572.07
2164,0.028011,98.4375,522.19
2165,0.124126,93.7500,561.26
2166,0.005816,100.0000,496.66
2167,0.046727,98.4375,539.51
2168,0.054313,96.8750,540.27
2169,0.042191,98.4375,495.46
2170,0.029065,100.0000,590.18
2171,0.039525,100.0000,507.90
2172,0.058035,98.4375,553.12
2173,0.055895,96.8750,500.20
2174,0.105921,96.8750,512.20
2175,0.041586,98.4375,579.23
2176,0.045209,98.4375,535.42
2177,0.052626,98.4375,556.12
2178,0.125248,95.3125,505.62
2179,0.084138,96.8750,589.12
2180,0.061284,96.8750,502.53
2181,0.081556,98.4375,565.54
2182,0.026961,98.4375,499.85
2183,0.099339,96.8750,497.93
2184,0.030949,96.8750,646.31
2185,0.087019,96.8750,496.82
2186,0.058912,98.4375,602.01
2187,0.012080,100.0000,496.81
2188,0.102022,95.3125,566.18
2189,0.053504,96.8750,512.91
2190,0.044505,96.8750,517.72
2191,0.118805,92.1875,583.23
2192,0.088964,95.3125,494.90
2193,0.124526,95.3125,573.46
2194,0.171604,92.1875,495.37
2195,0.031828,98.4375,547.72
2196,0.101101,96.8750,520.46
2197,0.105398,96.8750,494.77
2198,0.045207,98.4375,597.56
2199,0.065358,96.8750,503.10
2200,0.083755,96.8750,639.04
2201,0.089691,96.8750,509.24
2202,0.071341,96.8750,582.28
2203,0.095185,96.8750,495.02
2204,0.008263,100.0000,594.46
2205,0.015283,100.0000,496.73
2206,0.034855,98.4375,632.45
2207,0.060787,95.3125,499.84
2208,0.070158,96.8750,541.73
2209,0.064548,98.4375,511.74
2210,0.059513,98.4375,582.72
2211,0.045894,98.4375,502.08
2212,0.071203,96.8750,493.10
2213,0.029163,98.4375,607.92
2214,0.106701,93.7500,526.94
2215,0.140470,95.3125,558.06
2216,0.095611,96.8750,494.31
2217,0.108806,95.3125,589.01
2218,0.008400,100.0000,500.53
2219,0.117141,95.3125,565.67
2220,0.040727,98.4375,496.50
2221,0.049969,98.4375,510.53
2222,0.081522,98.4375,583.55
2223,0.025364,100.0000,501.65
2224,0.083936,96.8750,584.28
2225,0.021889,100.0000,497.55
2226,0.071322,96.8750,499.99
2227,0.050155,98.4375,625.93
2228,0.029163,98.4375,508.71
2229,0.089789,93.7500,624.46
2230,0.042857,100.0000,503.34
2231,0.130217,95.3125,650.50
2232,0.069296,98.4375,503.94
2233,0.052909,96.8750,532.71
2234,0.031280,98.4375,560.09
2235,0.094199,96.8750,564.32
2236,0.082543,98.4375,505.67
2237,0.044789,98.4375,512.23
2238,0.059000,96.8750,589.39
2239,0.066118,98.4375,539.73
2240,0.056812,96.8750,541.74
2241,0.084099,98.4375,572.23
2242,0.083025,96.8750,498.13
2243,0.057234,98.4375,499.68
2244,0.067131,96.8750,645.01
2245,0.085453,96.8750,500.68
2246,0.050969,98.4375,600.39
2247,0.086686,98.4375,500.62
2248,0.055462,95.3125,523.68
2249,0.046345,98.4375,566.83
2250,0.100610,96.8750,546.96
2251,0.123193,93.7500,556.88
2252,0.094216,98.4375,556.92
2253,0.023951,100.0000,513.40
2254,0.040580,98.4375,567.29
2255,0.018540,100.0000,501.73
2256,0.015103,100.0000,530.19
2257,0.038359,96.8750,572.99
2258,0.039193,98.4375,506.77
2259,0.035263,98.4375,585.11
2260,0.045964,96.8750,500.02
2261,0.036231,98.4375,567.78
2262,0.090920,95.3125,497.21
2263,0.042449,98.4375,501.36
2264,0.031293,100.0000,587.77
2265,0.091396,95.3125,505.26
2266,0.084166,98.4375,652.01
2267,0.144860,95.3125,502.57
2268,0.027358,100.0000,589.58
2269,0.048732,98.4375,500.34
2270,0.046136,100.0000,594.07
2271,0.058361,96.8750,502.37
2272,0.042742,98.4375,565.53
2273,0.089554,96.8750,500.87
2274,0.029098,100.0000,498.66
2275,0.052870,98.4375,593.69
2276,0.019438,100.0000,503.46
2277,0.141045,95.3125,634.19
2278,0.179217,90.6250,500.53
2279,0.046460,96.8750,577.84
2280,0.046663,96.8750,495.35
2281,0.013523,100.0000,518.22
2282,0.076965,95.3125,577.51
2283,0.060018,98.4375,493.27
2284,0.024585,100.0000,619.03
2285,0.057859,98.4375,493.27
2286,0.096946,95.3125,585.86
2287,0.007876,100.0000,492.90
2288,0.097619,96.8750,568.97
2289,0.095238,96.8750,494.99
2290,0.027383,98.4375,589.60
2291,0.060962,100.0000,507.35
2292,0.117956,95.3125,549.18
2293,0.093851,96.8750,525.59
2294,0.048299,98.4375,548.25
2295,0.128928,95.3125,500.13
2296,0.134713,93.7500,559.17
2297,0.052307,96.8750,498.91
2298,0.066572,100.0000,564.58
2299,0.116684,96.8750,496.18
2300,0.024985,98.4375,553.15
2301,0.077447,95.3125,526.08
2302,0.065158,98.4375,503.23
2303,0.104312,98.4375,659.20
2304,0.010735,100.0000,499.36
2305,0.102499,93.7500,547.15
2306,0.024042,100.0000,493.86
2307,0.037109,98.4375,558.28
2308,0.029805,100.0000,498.60
2309,0.108421,95.3125,603.25
2310,0.038503,98.4375,510.31
2311,0.042163,98.4375,499.86
2312,0.028591,98.4375,649.67
2313,0.095624,96.8750,502.29
2314,0.022313,98.4375,585.08
2315,0.018385,100.0000,491.93
2316,0.044557,96.8750,584.26
2317,0.037452,98.4375,498.43
2318,0.071063,96.8750,527.38
2319,0.036727,98.4375,564.14
2320,0.017090,100.0000,546.66
2321,0.156135,92.1875,536.73
2322,0.017581,100.0000,502.34
2323,0.041913,96.8750,628.53
2324,0.088411,96.8750,498.13
2325,0.031468,98.4375,653.09
2326,0.078189,98.4375,500.59
2327,0.073423,95.3125,555.91
2328,0.125920,95.3125,511.49
2329,0.108759,92.1875,502.26
2330,0.051033,96.8750,582.98
2331,0.061455,95.3125,501.26
2332,0.029482,98.4375,561.51
2333,0.078899,96.8750,516.64
2334,0.038081,98.4375,562.64
2335,0.041225,98.4375,499.90
2336,0.062966,98.4375,566.37
2337,0.076530,96.8750,504.27
2338,0.018882,100.0000,513.61
2339,0.049833,100.0000,578.78
2340,0.139449,93.7500,498.53
2341,0.116542,95.3125,585.25
2342,0.091569,96.8750,500.86
2343,0.077457,96.8750,581.04
2344,0.067332,96.8750,502.35
2345,0.095414,98.4375,583.74
2346,0.067822,98.4375,499.57
2347,0.024941,100.0000,557.03
2348,0.040049,100.0000,517.38
2349,0.050742,96.8750,556.43
2350,0.128559,95.3125,517.50
2351,0.016965,98.4375,512.13
2352,0.038607,96.8750,589.45
2353,0.031528,98.4375,499.01
2354,0.079754,98.4375,651.79
2355,0.068637,98.4375,499.41
2356,0.040691,100.0000,607.87
2357,0.143960,90.6250,501.57
2358,0.028260,98.4375,590.40
2359,0.033435,98.4375,501.85
2360,0.041599,100.0000,548.79
2361,0.076516,96.8750,552.32
2362,0.038992,96.8750,496.61
2363,0.033274,98.4375,629.22
2364,0.024411,100.0000,501.21
2365,0.091089,98.4375,565.52
2366,0.026430,100.0000,501.93
2367,0.032547,98.4375,498.43
2368,0.021138,100.0000,613.92
2369,0.044497,98.4375,497.46
2370,0.060288,98.4375,569.31
2371,0.061733,95.3125,500.85
2372,0.072887,96.8750,566.17
2373,0.081997,96.8750,496.92
2374,0.024824,98.4375,561.61
2375,0.017200,100.0000,509.79
2376,0.100420,96.8750,505.82
2377,0.061212,98.4375,589.18
2378,0.118170,93.7500,501.42
2379,0.087926,98.4375,587.09
2380,0.053380,96.8750,502.62
2381,0.074811,95.3125,551.38
2382,0.067830,95.3125,544.12
2383,0.053804,98.4375,559.93
2384,0.055683,96.8750,497.77
2385,0.073450,96.8750,499.71
2386,0.033373,100.0000,578.32
2387,0.075481,95.3125,500.34
2388,0.087004,95.3125,495.80
2389,0.034070,98.4375,593.89
2390,0.033711,98.4375,497.02
2391,0.065569,98.4375,557.25
2392,0.073825,96.8750,502.75
2393,0.061315,98.4375,504.27
2394,0.092557,93.7500,603.34
2395,0.098742,95.3125,503.72
2396,0.054906,98.4375,643.47
2397,0.050465,96.8750,498.89
2398,0.037181,98.4375,545.57
2399,0.060612,98.4375,522.44
2400,0.109463,93.7500,561.85
2401,0.032982,100.0000,501.93
2402,0.018067,98.4375,555.39
2403,0.105597,96.8750,519.61
2404,0.030868,98.4375,499.58
2405,0.022994,98.4375,606.32
2406,0.065620,98.4375,496.77
2407,0.079145,98.4375,577.47
2408,0.028724,98.4375,497.57
2409,0.057236,96.8750,580.09
2410,0.050325,98.4375,495.21
2411,0.110311,93.7500,659.23
2412,0.037577,98.4375,505.72
2413,0.099980,95.3125,550.39
2414,0.025451,100.0000,527.42
2415,0.090990,98.4375,547.21
2416,0.028102,100.0000,539.22
2417,0.012966,100.0000,503.19
2418,0.072997,98.4375,618.61
2419,0.104826,98.4375,497.06
2420,0.031270,98.4375,549.27
2421,0.039115,98.4375,519.60
2422,0.050570,96.8750,550.21
2423,0.022421,100.0000,551.04
2424,0.011228,100.0000,550.77
2425,0.049989,98.4375,522.04
2426,0.063857,98.4375,498.59
2427,0.062781,96.8750,586.46
2428,0.011367,100.0000,505.63
2429,0.091257,96.8750,535.81
2430,0.108118,95.3125,556.81
2431,0.082474,96.8750,505.47
2432,0.092830,98.4375,593.71
2433,0.053814,98.4375,549.61
2434,0.108750,96.8750,545.30
2435,0.097340,98.4375,575.81
2436,0.046472,98.4375,497.66
2437,0.021911,100.0000,568.53
2438,0.053389,96.8750,498.00
2439,0.022507,100.0000,600.17
2440,0.204022,92.1875,495.50
2441,0.019941,98.4375,633.91
2442,0.074788,96.8750,494.17
2443,0.019790,100.0000,579.75
2444,0.019923,100.0000,499.56
2445,0.104197,95.3125,546.45
2446,0.077986,96.8750,533.24
2447,0.036940,98.4375,567.58
2448,0.069260,98.4375,525.20
2449,0.020922,100.0000,507.05
2450,0.034539,100.0000,594.56
2451,0.033145,98.4375,497.48
2452,0.028360,98.4375,572.68
2453,0.019642,100.0000,500.08
2454,0.135499,93.7500,543.28
2455,0.080640,96.8750,527.70
2456,0.028037,100.0000,560.89
2457,0.098140,95.3125,501.93
2458,0.020469,100.0000,608.96
2459,0.056265,98.4375,497.37
2460,0.024455,100.0000,566.14
2461,0.057564,96.8750,496.74
2462,0.027674,100.0000,495.52
2463,0.050883,98.4375,629.96
2464,0.004709,100.0000,499.04
2465,0.100397,96.8750,603.70
2466,0.023174,100.0000,494.66
2467,0.046375,98.4375,641.06
2468,0.022326,100.0000,501.84
2469,0.026436,100.0000,579.83
2470,0.051211,98.4375,518.94
2471,0.024221,100.0000,497.35
2472,0.020944,100.0000,641.45
2473,0.097895,96.8750,499.66
2474,0.043024,98.4375,574.26
2475,0.045123,98.4375,501.12
2476,0.062051,96.8750,595.03
2477,0.041694,100.0000,499.64
2478,0.153384,95.3125,578.51
2479,0.112542,95.3125,519.93
2480,0.173894,93.7500,557.42
2481,0.063857,95.3125,498.29
2482,0.078856,96.8750,547.97
2483,0.109151,95.3125,530.73
2484,0.059488,96.8750,496.83
2485,0.119683,95.3125,581.30
2486,0.065799,96.8750,502.18
2487,0.009482,100.0000,587.14
2488,0.024681,100.0000,504.12
2489,0.036460,98.4375,556.56
2490,0.032713,100.0000,505.08
2491,0.040015,98.4375,499.09
2492,0.078110,95.3125,617.07
2493,0.034838,100.0000,498.03
2494,0.061186,96.8750,560.34
2495,0.037903,98.4375,497.80
2496,0.046883,98.4375,517.40
2497,0.066780,96.8750,570.50
2498,0.035781,100.0000,501.11
2499,0.022171,100.0000,569.53
2500,0.030897,98.4375,498.29
2501,0.045035,98.4375,531.08
2502,0.098948,96.8750,557.73
2503,0.048706,98.4375,499.61
2504,0.060242,98.4375,589.73
2505,0.137321,95.3125,498.27
2506,0.030148,100.0000,552.15
2507,0.030075,100.0000,500.28
2508,0.031015,100.0000,499.44
2509,0.041236,98.4375,594.29
2510,0.066651,98.4375,498.04
2511,0.066158,98.4375,570.50
2512,0.031865,100.0000,513.42
2513,0.022713,100.0000,499.59
2514,0.037695,98.4375,651.41
2515,0.126021,95.3125,497.81
2516,0.013934,100.0000,577.77
2517,0.021320,98.4375,498.29
2518,0.024583,100.0000,572.57
2519,0.050916,98.4375,500.58
2520,0.026266,100.0000,499.54
2521,0.087720,96.8750,632.85
2522,0.027060,98.4375,503.44
2523,0.032892,100.0000,559.56
2524,0.074854,96.8750,536.67
2525,0.074441,96.8750,502.50
2526,0.052581,98.4375,608.28
2527,0.084950,95.3125,548.17
2528,0.019643,100.0000,546.36
2529,0.035365,98.4375,504.33
2530,0.060779,98.4375,592.89
2531,0.026203,98.4375,501.59
2532,0.024013,100.0000,577.09
2533,0.046920,98.4375,506.42
2534,0.029039,100.0000,554.65
2535,0.045387,100.0000,556.07
2536,0.059644,98.4375,540.63
2537,0.053699,98.4375,533.32
2538,0.038422,98.4375,564.89
2539,0.071703,96.8750,503.96
2540,0.058711,96.8750,505.48
2541,0.020664,98.4375,589.23
2542,0.025451,100.0000,556.47
2543,0.035592,98.4375,516.12
2544,0.052874,98.4375,572.69
2545,0.040220,98.4375,517.93
2546,0.116931,95.3125,515.47
2547,0.041345,98.4375,596.67
2548,0.033498,98.4375,551.55
2549,0.038650,100.0000,539.49
2550,0.051634,96.8750,501.82
2551,0.079502,96.8750,590.98
2552,0.040312,98.4375,498.25
2553,0.044387,100.0000,499.09
2554,0.051012,98.4375,588.98
2555,0.063896,96.8750,498.39
2556,0.021097,100.0000,603.06
2557,0.107604,96.8750,499.80
2558,0.145134,92.1875,620.74
2559,0.087701,96.8750,506.53
2560,0.023347,100.0000,648.19
2561,0.013018,100.0000,500.97
2562,0.024123,100.0000,592.30
2563,0.081031,96.8750,501.04
2564,0.019160,100.0000,591.90
2565,0.039026,98.4375,495.70
2566,0.133240,95.3125,548.05
2567,0.112086,95.3125,547.82
2568,0.090390,96.8750,505.07
2569,0.066701,96.8750,594.93
2570,0.009562,100.0000,109.46
