batch_idx,loss,accuracy,time_ms
1,0.079429,96.8750,514.81
2,0.045895,98.4375,607.57
3,0.088650,96.8750,518.41
4,0.035393,98.4375,608.56
5,0.164271,95.3125,518.52
6,0.047637,98.4375,512.41
7,0.073155,98.4375,624.03
8,0.092182,98.4375,526.06
9,0.115660,93.7500,663.39
10,0.081760,95.3125,519.15
11,0.081361,95.3125,597.19
12,0.080001,95.3125,516.10
13,0.058169,95.3125,646.03
14,0.056754,98.4375,521.40
15,0.016805,100.0000,613.96
16,0.106028,95.3125,514.02
17,0.054403,98.4375,635.10
18,0.033957,98.4375,516.11
19,0.121701,95.3125,668.09
20,0.114086,96.8750,511.57
21,0.176876,95.3125,627.73
22,0.018185,100.0000,513.11
23,0.037576,98.4375,573.51
24,0.096832,96.8750,516.96
25,0.032143,96.8750,510.28
26,0.022970,100.0000,650.50
27,0.026656,98.4375,523.74
28,0.035325,100.0000,659.30
29,0.078074,96.8750,515.30
30,0.122120,95.3125,657.29
31,0.040112,98.4375,515.20
32,0.124199,95.3125,571.90
33,0.072328,95.3125,515.82
34,0.047531,96.8750,519.98
35,0.084297,96.8750,634.99
36,0.109346,96.8750,516.51
37,0.064119,98.4375,588.30
38,0.108946,93.7500,512.94
39,0.143302,93.7500,535.43
40,0.018316,100.0000,587.42
41,0.161628,89.0625,534.80
42,0.035537,98.4375,586.76
43,0.107216,95.3125,544.54
44,0.054995,96.8750,585.86
45,0.158973,92.1875,563.29
46,0.089588,96.8750,546.95
47,0.265562,93.7500,584.42
48,0.039951,98.4375,517.07
49,0.047877,98.4375,597.55
50,0.057779,98.4375,523.12
51,0.058392,98.4375,588.79
52,0.050285,96.8750,544.60
53,0.141431,90.6250,602.75
54,0.140768,95.3125,513.47
55,0.079457,93.7500,572.93
56,0.053176,96.8750,517.87
57,0.057548,98.4375,587.75
58,0.036631,98.4375,534.64
59,0.082411,96.8750,524.12
60,0.113711,96.8750,595.74
61,0.029121,100.0000,520.95
62,0.083647,95.3125,573.30
63,0.053237,95.3125,529.51
64,0.035296,98.4375,606.68
65,0.036318,98.4375,501.69
66,0.042617,96.8750,609.03
67,0.079898,96.8750,500.09
68,0.046009,98.4375,580.23
69,0.063598,96.8750,501.76
70,0.039737,100.0000,599.26
71,0.040211,98.4375,497.34
72,0.017087,100.0000,639.18
73,0.095013,95.3125,501.08
74,0.030726,100.0000,589.99
75,0.027493,100.0000,502.98
76,0.230241,96.8750,553.10
77,0.087675,95.3125,500.27
78,0.190927,96.8750,604.10
79,0.180679,93.7500,497.25
80,0.088144,96.8750,605.34
81,0.081508,96.8750,500.43
82,0.081170,96.8750,501.72
83,0.073428,95.3125,604.03
84,0.057112,96.8750,500.12
85,0.097219,93.7500,572.17
86,0.103738,98.4375,503.04
87,0.078325,96.8750,504.44
88,0.009402,100.0000,651.20
89,0.045187,98.4375,502.64
90,0.054019,98.4375,580.20
91,0.063919,96.8750,518.88
92,0.002456,100.0000,541.91
93,0.048026,98.4375,545.35
94,0.039725,96.8750,503.38
95,0.070723,96.8750,632.17
96,0.083874,95.3125,501.39
97,0.064927,96.8750,637.15
98,0.055066,100.0000,506.29
99,0.061259,96.8750,593.70
100,0.016708,100.0000,502.81
101,0.085700,96.8750,527.85
102,0.042420,98.4375,567.46
103,0.222576,93.7500,500.25
104,0.055825,96.8750,579.87
105,0.010942,100.0000,496.34
106,0.062781,95.3125,499.66
107,0.098762,95.3125,597.06
108,0.036434,98.4375,528.68
109,0.094294,93.7500,568.85
110,0.069659,98.4375,565.66
111,0.124631,95.3125,501.64
112,0.125968,95.3125,502.80
113,0.108802,98.4375,600.19
114,0.038324,98.4375,500.64
115,0.031826,98.4375,630.94
116,0.113791,95.3125,500.19
117,0.051611,98.4375,537.23
118,0.131697,95.3125,532.98
119,0.046213,98.4375,502.06
120,0.040500,98.4375,647.58
121,0.043709,98.4375,500.28
122,0.076663,98.4375,531.60
123,0.025582,100.0000,571.72
124,0.090027,95.3125,504.69
125,0.017031,100.0000,567.17
126,0.057545,96.8750,500.90
127,0.049861,100.0000,499.57
128,0.118778,95.3125,636.79
129,0.126165,95.3125,507.60
130,0.037238,100.0000,571.73
131,0.064888,96.8750,503.93
132,0.090019,95.3125,579.11
133,0.017111,100.0000,499.43
134,0.032163,98.4375,589.89
135,0.077775,95.3125,502.92
136,0.070231,95.3125,536.15
137,0.080322,95.3125,565.41
138,0.083855,96.8750,504.35
139,0.064029,96.8750,600.42
140,0.015668,100.0000,501.32
141,0.076889,95.3125,579.88
142,0.087048,95.3125,498.05
143,0.034952,96.8750,599.74
144,0.012086,100.0000,500.31
145,0.180504,95.3125,658.11
146,0.106904,95.3125,503.21
147,0.086378,95.3125,586.85
148,0.066990,96.8750,503.44
149,0.107162,90.6250,557.41
150,0.093052,96.8750,526.67
151,0.057537,96.8750,560.82
152,0.052382,98.4375,520.08
153,0.056025,98.4375,499.42
154,0.079413,96.8750,630.82
155,0.073420,98.4375,495.79
156,0.123951,93.7500,655.86
157,0.100644,96.8750,503.20
158,0.023046,100.0000,576.52
159,0.026813,98.4375,504.71
160,0.032869,98.4375,587.95
161,0.054772,96.8750,498.99
162,0.084159,96.8750,522.85
163,0.040747,98.4375,601.04
164,0.047673,98.4375,505.52
165,0.042907,98.4375,579.86
166,0.033050,100.0000,503.59
167,0.081891,96.8750,578.98
168,0.086005,98.4375,498.57
169,0.029325,100.0000,503.03
170,0.218464,93.7500,606.53
171,0.138045,95.3125,503.12
172,0.015025,100.0000,596.94
173,0.028812,98.4375,505.48
174,0.092073,95.3125,595.36
175,0.055260,95.3125,502.83
176,0.070429,98.4375,563.44
177,0.089473,96.8750,500.36
178,0.160390,95.3125,503.63
179,0.049722,98.4375,603.84
180,0.062076,96.8750,501.55
181,0.028486,98.4375,633.13
182,0.137044,95.3125,503.91
183,0.067736,96.8750,579.92
184,0.101678,95.3125,499.27
185,0.079174,96.8750,501.00
186,0.041305,100.0000,611.01
187,0.168856,92.1875,504.49
188,0.074264,96.8750,564.04
189,0.012150,100.0000,527.54
190,0.116581,93.7500,564.30
191,0.096242,98.4375,502.78
192,0.220545,89.0625,501.93
193,0.016238,100.0000,598.07
194,0.056976,98.4375,532.76
195,0.135057,93.7500,568.71
196,0.026885,100.0000,554.08
197,0.116155,95.3125,548.23
198,0.045323,98.4375,502.19
199,0.261738,95.3125,650.59
200,0.121560,93.7500,505.31
201,0.099673,96.8750,587.02
202,0.033989,98.4375,504.88
203,0.063690,96.8750,533.10
204,0.090618,96.8750,570.08
205,0.089180,95.3125,499.63
206,0.035568,98.4375,618.44
207,0.083027,96.8750,503.14
208,0.093739,96.8750,649.15
209,0.100745,96.8750,506.84
210,0.100613,95.3125,633.26
211,0.163308,96.8750,497.27
212,0.076883,96.8750,553.31
213,0.168100,96.8750,541.60
214,0.052744,98.4375,505.66
215,0.068135,98.4375,606.24
216,0.020894,100.0000,496.74
217,0.042607,98.4375,546.27
218,0.054753,96.8750,559.38
219,0.040230,98.4375,581.38
220,0.027214,98.4375,498.68
221,0.024260,100.0000,550.14
222,0.114109,95.3125,525.68
223,0.101587,95.3125,500.23
224,0.045486,98.4375,586.24
225,0.105009,93.7500,501.65
226,0.086371,96.8750,502.60
227,0.050470,98.4375,626.04
228,0.055510,98.4375,507.45
229,0.058451,98.4375,564.88
230,0.035695,100.0000,501.61
231,0.024117,98.4375,498.55
232,0.051357,98.4375,607.06
233,0.100277,93.7500,504.51
234,0.029632,98.4375,566.77
235,0.020524,100.0000,499.32
236,0.077697,96.8750,553.45
237,0.108117,96.8750,509.63
238,0.197780,92.1875,497.04
239,0.124022,95.3125,596.18
240,0.034700,98.4375,496.40
241,0.123073,93.7500,597.40
242,0.066669,98.4375,496.28
243,0.044255,98.4375,589.30
244,0.058035,96.8750,497.02
245,0.046672,96.8750,562.33
246,0.139905,93.7500,510.21
247,0.081494,98.4375,581.45
248,0.087751,93.7500,523.22
249,0.087006,95.3125,541.59
250,0.053559,98.4375,543.67
251,0.080208,96.8750,538.13
252,0.071172,96.8750,550.68
253,0.041200,98.4375,503.90
254,0.134557,96.8750,629.78
255,0.194510,93.7500,504.65
256,0.151256,93.7500,632.82
257,0.063177,96.8750,499.68
258,0.047676,98.4375,523.78
259,0.054852,98.4375,583.19
260,0.047278,96.8750,564.61
261,0.034414,98.4375,518.43
262,0.058710,98.4375,545.38
263,0.027387,100.0000,569.25
264,0.113501,95.3125,498.26
265,0.117917,95.3125,634.61
266,0.080049,98.4375,499.60
267,0.057042,96.8750,646.41
268,0.124750,96.8750,498.36
269,0.047260,98.4375,640.77
270,0.045801,98.4375,499.27
271,0.088854,98.4375,646.43
272,0.054102,96.8750,493.41
273,0.057667,98.4375,587.77
274,0.106910,95.3125,496.57
275,0.059132,98.4375,655.78
276,0.035378,98.4375,500.74
277,0.103571,95.3125,557.32
278,0.040190,98.4375,518.46
279,0.038484,98.4375,502.79
280,0.104877,96.8750,640.09
281,0.262259,90.6250,497.10
282,0.177930,96.8750,562.15
283,0.041747,98.4375,507.87
284,0.101264,95.3125,504.76
285,0.085459,96.8750,605.47
286,0.053637,100.0000,498.58
287,0.071378,96.8750,636.65
288,0.050756,98.4375,503.34
289,0.091545,95.3125,568.25
290,0.048615,98.4375,499.98
291,0.062444,96.8750,559.83
292,0.015344,100.0000,500.73
293,0.047770,98.4375,496.79
294,0.071531,95.3125,657.13
295,0.037084,100.0000,500.79
296,0.031008,100.0000,618.33
297,0.037688,96.8750,529.60
298,0.096622,96.8750,570.75
299,0.072529,96.8750,518.78
300,0.034189,98.4375,577.00
301,0.079364,96.8750,499.83
302,0.128202,95.3125,632.04
303,0.016681,100.0000,501.01
304,0.054733,98.4375,578.22
305,0.190217,96.8750,500.07
306,0.083761,96.8750,506.20
307,0.050413,98.4375,637.04
308,0.118595,95.3125,500.16
309,0.049304,98.4375,587.99
310,0.043424,98.4375,504.79
311,0.025276,100.0000,497.77
312,0.064831,96.8750,604.49
313,0.127324,95.3125,546.39
314,0.046821,98.4375,557.57
315,0.091492,96.8750,562.81
316,0.062794,96.8750,498.93
317,0.021754,100.0000,587.04
318,0.040767,98.4375,499.33
319,0.115077,96.8750,510.44
320,0.089201,96.8750,628.70
321,0.036764,100.0000,499.12
322,0.105502,96.8750,626.59
323,0.048135,96.8750,496.13
324,0.169061,95.3125,615.91
325,0.010852,100.0000,498.40
326,0.069455,95.3125,563.63
327,0.121914,93.7500,516.99
328,0.120610,92.1875,523.88
329,0.073418,98.4375,597.58
330,0.125767,96.8750,515.65
331,0.015130,100.0000,581.52
332,0.065746,96.8750,500.68
333,0.088103,96.8750,613.52
334,0.103751,95.3125,496.52
335,0.154040,93.7500,642.16
336,0.051910,98.4375,500.47
337,0.041520,98.4375,624.46
338,0.018366,100.0000,502.48
339,0.038497,100.0000,587.72
340,0.097235,96.8750,499.88
341,0.088760,95.3125,560.30
342,0.220022,90.6250,504.13
343,0.106930,95.3125,561.80
344,0.042850,96.8750,495.01
345,0.027215,100.0000,499.10
346,0.041476,98.4375,585.61
347,0.092751,96.8750,500.33
348,0.076615,96.8750,646.72
349,0.012699,100.0000,498.73
350,0.114679,96.8750,626.08
351,0.112028,93.7500,499.64
352,0.048698,96.8750,588.64
353,0.087850,95.3125,504.71
354,0.088898,93.7500,499.43
355,0.025125,100.0000,616.57
356,0.068907,98.4375,507.54
357,0.116036,95.3125,627.00
358,0.090880,95.3125,496.89
359,0.027586,98.4375,574.09
360,0.065931,98.4375,502.63
361,0.189024,93.7500,593.36
362,0.077936,96.8750,502.79
363,0.122400,96.8750,565.17
364,0.050744,98.4375,498.78
365,0.062723,100.0000,499.63
366,0.030912,98.4375,653.39
367,0.054116,98.4375,502.32
368,0.021453,100.0000,539.99
369,0.139344,93.7500,556.67
370,0.073500,96.8750,560.06
371,0.125230,95.3125,495.78
372,0.061944,98.4375,577.39
373,0.118105,92.1875,499.49
374,0.016542,100.0000,589.44
375,0.079021,98.4375,498.54
376,0.044427,98.4375,493.56
377,0.014619,100.0000,609.08
378,0.058945,98.4375,497.50
379,0.026210,100.0000,543.92
380,0.052406,98.4375,530.09
381,0.024716,98.4375,538.18
382,0.027076,98.4375,559.59
383,0.076185,96.8750,508.45
384,0.032658,100.0000,632.99
385,0.126195,95.3125,497.28
386,0.030085,100.0000,643.21
387,0.136141,92.1875,500.85
388,0.063061,96.8750,542.76
389,0.025767,100.0000,563.74
390,0.107972,93.7500,504.33
391,0.076390,98.4375,608.67
392,0.087571,95.3125,511.08
393,0.155777,93.7500,543.67
394,0.087217,96.8750,544.78
395,0.043396,98.4375,554.03
396,0.051484,98.4375,546.81
397,0.082259,98.4375,503.42
398,0.021518,98.4375,598.78
399,0.051490,98.4375,502.97
400,0.071686,95.3125,622.14
401,0.042894,98.4375,507.48
402,0.022057,100.0000,607.59
403,0.037366,98.4375,497.24
404,0.051417,98.4375,499.24
405,0.138975,96.8750,598.95
406,0.036371,98.4375,497.85
407,0.042469,96.8750,584.38
408,0.049917,98.4375,504.69
409,0.125954,96.8750,573.70
410,0.121508,95.3125,497.71
411,0.024588,100.0000,501.17
412,0.038894,98.4375,589.99
413,0.032814,98.4375,500.03
414,0.138185,95.3125,650.93
415,0.078664,98.4375,504.37
416,0.080715,98.4375,578.44
417,0.244464,95.3125,518.78
418,0.088823,95.3125,518.96
419,0.041967,98.4375,587.29
420,0.017200,100.0000,501.26
421,0.105183,96.8750,621.48
422,0.043730,98.4375,505.55
423,0.064345,98.4375,544.98
424,0.030870,98.4375,520.71
425,0.190321,92.1875,549.91
426,0.086362,96.8750,548.42
427,0.031241,98.4375,504.42
428,0.164502,95.3125,622.96
429,0.060127,96.8750,512.96
430,0.055141,96.8750,558.21
431,0.066443,96.8750,525.51
432,0.023499,98.4375,498.62
433,0.030274,98.4375,587.26
434,0.041294,98.4375,496.09
435,0.068052,98.4375,555.36
436,0.078403,96.8750,498.13
437,0.087498,95.3125,494.01
438,0.127381,95.3125,605.96
439,0.102508,96.8750,501.87
440,0.041404,100.0000,652.46
441,0.071917,96.8750,499.56
442,0.038543,98.4375,604.35
443,0.051803,98.4375,497.69
444,0.157642,93.7500,585.98
445,0.137017,93.7500,500.11
446,0.031475,100.0000,497.33
447,0.069291,95.3125,613.25
448,0.046759,96.8750,502.13
449,0.061585,96.8750,604.80
450,0.052349,98.4375,505.42
451,0.145673,93.7500,614.07
452,0.062069,98.4375,497.32
453,0.078172,95.3125,556.83
454,0.045141,96.8750,546.11
455,0.088015,96.8750,552.68
456,0.039708,98.4375,547.66
457,0.058282,96.8750,496.10
458,0.042500,100.0000,639.99
459,0.085790,96.8750,503.25
460,0.071243,96.8750,562.49
461,0.052177,98.4375,516.97
462,0.088416,95.3125,493.54
463,0.107329,93.7500,631.08
464,0.019296,100.0000,501.75
465,0.035029,98.4375,629.94
466,0.048365,96.8750,507.52
467,0.059013,98.4375,566.12
468,0.073599,95.3125,498.11
469,0.024948,100.0000,502.24
470,0.134372,95.3125,589.07
471,0.028059,98.4375,499.03
472,0.047344,98.4375,571.67
473,0.059449,98.4375,494.28
474,0.030709,100.0000,554.89
475,0.031575,100.0000,503.98
476,0.103060,96.8750,503.95
477,0.108090,96.8750,633.11
478,0.078787,96.8750,501.84
479,0.049582,96.8750,594.26
480,0.105960,96.8750,500.10
481,0.154387,93.7500,549.50
482,0.029705,100.0000,538.73
483,0.051715,98.4375,499.64
484,0.116252,95.3125,606.98
485,0.066107,98.4375,502.03
486,0.151609,98.4375,598.49
487,0.069835,95.3125,500.30
488,0.071737,98.4375,558.31
489,0.108381,95.3125,505.86
490,0.134171,95.3125,503.49
491,0.076259,96.8750,622.51
492,0.225378,93.7500,499.57
493,0.037945,98.4375,607.59
494,0.061422,98.4375,501.42
495,0.098950,93.7500,652.70
496,0.011962,100.0000,506.55
497,0.116606,93.7500,620.15
498,0.033502,98.4375,501.30
499,0.082822,96.8750,577.58
500,0.038966,98.4375,503.50
501,0.102419,96.8750,500.80
502,0.054888,98.4375,646.83
503,0.100815,96.8750,536.51
504,0.077446,95.3125,572.71
505,0.005715,100.0000,506.02
506,0.030327,98.4375,596.60
507,0.060695,98.4375,500.68
508,0.093785,98.4375,597.16
509,0.060572,96.8750,503.80
510,0.022483,98.4375,499.42
511,0.064375,96.8750,605.37
512,0.028029,100.0000,500.24
513,0.058719,95.3125,632.25
514,0.028118,98.4375,499.85
515,0.037578,100.0000,539.70
516,0.093419,95.3125,553.06
517,0.112753,96.8750,572.27
518,0.130126,95.3125,500.31
519,0.059683,96.8750,574.00
520,0.044079,96.8750,501.17
521,0.143539,92.1875,586.10
522,0.047717,98.4375,497.74
523,0.062568,98.4375,562.25
524,0.046510,100.0000,500.59
525,0.079707,96.8750,586.58
526,0.063025,96.8750,501.49
527,0.257103,92.1875,588.11
528,0.094830,95.3125,501.95
529,0.132330,96.8750,533.97
530,0.044561,98.4375,564.99
531,0.032379,100.0000,504.79
532,0.064118,96.8750,559.72
533,0.199625,92.1875,501.99
534,0.033928,98.4375,546.00
535,0.062129,95.3125,522.78
536,0.070800,96.8750,529.03
537,0.070170,95.3125,563.96
538,0.067756,98.4375,514.14
539,0.033213,98.4375,588.49
540,0.041981,96.8750,503.07
541,0.034983,100.0000,593.13
542,0.054174,96.8750,497.68
543,0.060873,96.8750,527.86
544,0.049031,98.4375,570.71
545,0.008869,100.0000,535.09
546,0.015422,98.4375,560.19
547,0.100400,98.4375,541.61
548,0.045849,98.4375,532.48
549,0.058753,96.8750,575.32
550,0.051515,96.8750,521.85
551,0.134647,93.7500,502.88
552,0.154465,93.7500,595.56
553,0.056048,96.8750,498.75
554,0.082585,95.3125,618.17
555,0.036730,98.4375,504.27
556,0.035501,98.4375,544.83
557,0.093858,95.3125,535.19
558,0.026049,98.4375,551.45
559,0.048727,98.4375,544.73
560,0.015362,100.0000,494.66
561,0.102236,96.8750,596.03
562,0.075604,96.8750,501.79
563,0.008046,100.0000,666.68
564,0.071023,98.4375,498.00
565,0.031204,100.0000,560.14
566,0.121451,95.3125,520.10
567,0.056168,100.0000,501.32
568,0.031627,100.0000,620.04
569,0.119376,93.7500,536.43
570,0.051555,96.8750,562.16
571,0.039052,98.4375,501.23
572,0.150690,95.3125,633.48
573,0.192412,93.7500,534.74
574,0.035463,100.0000,566.25
575,0.088177,96.8750,503.56
576,0.074401,95.3125,608.51
577,0.036291,98.4375,502.23
578,0.024551,100.0000,510.70
579,0.069252,96.8750,620.75
580,0.002194,100.0000,504.53
581,0.054605,96.8750,599.88
582,0.060432,98.4375,498.28
583,0.063837,96.8750,548.36
584,0.032173,100.0000,520.22
585,0.038425,98.4375,503.54
586,0.017549,100.0000,625.02
587,0.046993,98.4375,504.31
588,0.027052,100.0000,578.90
589,0.088479,95.3125,502.11
590,0.070079,96.8750,496.99
591,0.158764,95.3125,601.72
592,0.082233,96.8750,497.26
593,0.073557,98.4375,568.56
594,0.013059,100.0000,504.53
595,0.034162,98.4375,503.67
596,0.053552,98.4375,613.67
597,0.029522,100.0000,501.17
598,0.050243,100.0000,609.95
599,0.059051,96.8750,511.02
600,0.122099,96.8750,599.35
601,0.065898,98.4375,536.22
602,0.139073,93.7500,560.19
603,0.085560,95.3125,501.72
604,0.054019,98.4375,660.89
605,0.116310,93.7500,509.85
606,0.097082,96.8750,593.72
607,0.069542,96.8750,499.11
608,0.055429,96.8750,558.74
609,0.026725,98.4375,496.91
610,0.026376,100.0000,587.39
611,0.089443,95.3125,497.63
612,0.086372,96.8750,505.47
613,0.025742,100.0000,608.12
614,0.038990,100.0000,550.94
615,0.065212,96.8750,534.01
616,0.021230,100.0000,497.64
617,0.012954,100.0000,628.71
618,0.061920,98.4375,497.22
619,0.163323,95.3125,601.52
620,0.074989,98.4375,500.19
621,0.052108,98.4375,564.95
622,0.076832,96.8750,496.70
623,0.029944,100.0000,588.88
624,0.037608,100.0000,501.37
625,0.065383,95.3125,496.40
626,0.139632,95.3125,602.08
627,0.055285,98.4375,496.55
628,0.045854,98.4375,641.95
629,0.076295,98.4375,500.10
630,0.035057,98.4375,562.16
631,0.057295,95.3125,517.48
632,0.063013,96.8750,559.86
633,0.030076,100.0000,496.16
634,0.085308,95.3125,562.92
635,0.069471,96.8750,506.01
636,0.016341,100.0000,501.95
637,0.063020,98.4375,636.97
638,0.008914,100.0000,497.27
639,0.062721,98.4375,545.49
640,0.100925,96.8750,547.72
641,0.005145,100.0000,527.09
642,0.046214,100.0000,569.62
643,0.121144,90.6250,499.37
644,0.094977,96.8750,582.67
645,0.108832,96.8750,495.43
646,0.110567,95.3125,544.42
647,0.125249,96.8750,549.40
648,0.065306,98.4375,493.91
649,0.021634,100.0000,623.60
650,0.028405,98.4375,504.67
651,0.034175,98.4375,631.26
652,0.110791,96.8750,500.91
653,0.043736,98.4375,545.71
654,0.041073,96.8750,499.07
655,0.014830,100.0000,583.59
656,0.047798,98.4375,516.74
657,0.021274,98.4375,512.09
658,0.049054,95.3125,576.57
659,0.119326,96.8750,539.23
660,0.018567,100.0000,540.71
661,0.016234,100.0000,570.09
662,0.107211,98.4375,519.96
663,0.012182,100.0000,500.90
664,0.031803,98.4375,593.60
665,0.019385,100.0000,499.40
666,0.096852,95.3125,659.24
667,0.073671,96.8750,543.13
668,0.068901,96.8750,544.73
669,0.105853,95.3125,512.41
670,0.130976,98.4375,590.56
671,0.026247,98.4375,501.27
672,0.061973,98.4375,630.67
673,0.077263,95.3125,492.98
674,0.022058,98.4375,577.03
675,0.050695,98.4375,492.52
676,0.075542,96.8750,565.98
677,0.036189,98.4375,496.66
678,0.092347,96.8750,549.06
679,0.067593,96.8750,532.17
680,0.006611,100.0000,501.85
681,0.111099,93.7500,626.40
682,0.017855,100.0000,496.43
683,0.037024,98.4375,552.28
684,0.026528,100.0000,499.34
685,0.013995,100.0000,497.70
686,0.111458,96.8750,614.29
687,0.040282,100.0000,503.23
688,0.095525,95.3125,608.96
689,0.090875,96.8750,499.17
690,0.072672,96.8750,599.49
691,0.033509,98.4375,500.81
692,0.066397,96.8750,565.36
693,0.036047,98.4375,499.44
694,0.073166,96.8750,500.80
695,0.087185,96.8750,656.85
696,0.101944,95.3125,507.62
697,0.100697,95.3125,556.63
698,0.020746,100.0000,500.26
699,0.055007,96.8750,502.09
700,0.065238,98.4375,594.29
701,0.120864,95.3125,516.27
702,0.026792,98.4375,577.88
703,0.035308,98.4375,509.93
704,0.071543,95.3125,569.37
705,0.058508,96.8750,498.59
706,0.141089,93.7500,501.25
707,0.064230,98.4375,607.24
708,0.045650,98.4375,502.96
709,0.074901,96.8750,552.86
710,0.127966,95.3125,513.45
711,0.101943,96.8750,556.55
712,0.082874,96.8750,508.53
713,0.016666,100.0000,569.02
714,0.046052,96.8750,498.88
715,0.057828,96.8750,498.10
716,0.008208,100.0000,598.37
717,0.017354,100.0000,503.62
718,0.048272,98.4375,640.18
719,0.061825,98.4375,500.57
720,0.082831,93.7500,555.16
721,0.022841,98.4375,501.90
722,0.065883,98.4375,500.28
723,0.132629,95.3125,606.11
724,0.033411,100.0000,531.37
725,0.079764,95.3125,589.42
726,0.038447,100.0000,549.33
727,0.115728,93.7500,527.46
728,0.079185,95.3125,573.63
729,0.077310,96.8750,501.53
730,0.077665,96.8750,499.40
731,0.044726,96.8750,645.77
732,0.089211,98.4375,502.91
733,0.096966,95.3125,595.67
734,0.032581,98.4375,499.40
735,0.110866,96.8750,591.45
736,0.034760,100.0000,495.54
737,0.065898,96.8750,500.38
738,0.080861,96.8750,598.11
739,0.226928,89.0625,496.34
740,0.071079,93.7500,620.82
741,0.038320,100.0000,499.78
742,0.124885,95.3125,593.17
743,0.048247,98.4375,498.72
744,0.032686,98.4375,552.66
745,0.040042,100.0000,529.61
746,0.101031,98.4375,551.28
747,0.106479,96.8750,541.73
748,0.071507,98.4375,499.73
749,0.055972,96.8750,644.94
750,0.053817,96.8750,496.42
751,0.031529,98.4375,593.97
752,0.049849,98.4375,503.42
753,0.039923,98.4375,547.23
754,0.043042,96.8750,537.99
755,0.049405,98.4375,499.88
756,0.074010,95.3125,591.83
757,0.107485,96.8750,498.98
758,0.063754,96.8750,606.44
759,0.034736,98.4375,522.09
760,0.046538,98.4375,587.31
761,0.082485,96.8750,504.17
762,0.045216,98.4375,568.17
763,0.049331,100.0000,498.17
764,0.040957,96.8750,563.12
765,0.046320,96.8750,501.46
766,0.039415,98.4375,518.74
767,0.023607,100.0000,577.92
768,0.046662,96.8750,497.47
769,0.129299,98.4375,589.92
770,0.104140,96.8750,498.24
771,0.130676,93.7500,532.95
772,0.028862,98.4375,567.94
773,0.117445,96.8750,555.87
774,0.017033,98.4375,515.99
775,0.073059,96.8750,499.78
776,0.066062,98.4375,640.32
777,0.025387,100.0000,496.93
778,0.056448,98.4375,583.79
779,0.087516,93.7500,505.39
780,0.036488,98.4375,502.98
781,0.048399,98.4375,620.22
782,0.143887,95.3125,496.38
783,0.060529,98.4375,647.90
784,0.091486,96.8750,501.10
785,0.054627,96.8750,593.31
786,0.092047,96.8750,497.25
787,0.055585,96.8750,496.30
788,0.087991,98.4375,633.13
789,0.024531,100.0000,503.01
790,0.221388,95.3125,573.67
791,0.112079,95.3125,499.71
792,0.082213,93.7500,502.35
793,0.021454,100.0000,583.25
794,0.079525,96.8750,499.12
795,0.041880,98.4375,569.02
796,0.017547,100.0000,503.60
797,0.145835,92.1875,509.51
798,0.038283,98.4375,594.25
799,0.089651,93.7500,501.97
800,0.021228,100.0000,548.20
801,0.039018,100.0000,529.06
802,0.054467,96.8750,512.46
803,0.105789,96.8750,595.44
804,0.026962,98.4375,499.77
805,0.052776,100.0000,642.57
806,0.037179,98.4375,522.13
807,0.051620,96.8750,593.77
808,0.027747,98.4375,502.94
809,0.097083,96.8750,644.79
810,0.046016,98.4375,502.64
811,0.079069,95.3125,595.27
812,0.025018,98.4375,501.59
813,0.054395,98.4375,599.51
814,0.077211,96.8750,502.23
815,0.072355,96.8750,558.34
816,0.127517,95.3125,524.64
817,0.022130,98.4375,498.68
818,0.059337,96.8750,654.60
819,0.048327,96.8750,501.51
820,0.155835,95.3125,602.93
821,0.044967,98.4375,501.61
822,0.020434,100.0000,502.17
823,0.023728,98.4375,629.02
824,0.092769,95.3125,499.71
825,0.085307,93.7500,576.84
826,0.075783,98.4375,500.42
827,0.065853,98.4375,562.69
828,0.063070,96.8750,516.81
829,0.071480,96.8750,502.48
830,0.007418,100.0000,592.78
831,0.085339,96.8750,497.69
832,0.046761,96.8750,615.19
833,0.090019,96.8750,505.02
834,0.013759,100.0000,623.88
835,0.067252,98.4375,508.25
836,0.029412,100.0000,612.13
837,0.033426,100.0000,499.25
838,0.023344,98.4375,569.33
839,0.047474,98.4375,500.43
840,0.049882,96.8750,560.76
841,0.020528,100.0000,516.91
842,0.043887,98.4375,501.39
843,0.111925,96.8750,595.52
844,0.057824,96.8750,500.00
845,0.138370,95.3125,580.73
846,0.117001,93.7500,497.86
847,0.081432,95.3125,495.25
848,0.055839,98.4375,634.29
849,0.080563,98.4375,507.89
850,0.122534,95.3125,560.58
851,0.230138,93.7500,499.01
852,0.105555,95.3125,568.53
853,0.128804,95.3125,499.05
854,0.016386,100.0000,574.97
855,0.021662,98.4375,501.03
856,0.065000,96.8750,502.32
857,0.001997,100.0000,661.16
858,0.017864,100.0000,503.53
859,0.094183,95.3125,562.45
860,0.006714,100.0000,513.78
861,0.102695,96.8750,527.24
862,0.010418,100.0000,591.65
863,0.037329,100.0000,499.16
864,0.048339,98.4375,559.27
865,0.154982,93.7500,496.49
866,0.092193,96.8750,498.86
867,0.105182,96.8750,653.94
868,0.038625,100.0000,502.52
869,0.075303,96.8750,583.12
870,0.065502,95.3125,509.81
871,0.033464,100.0000,569.95
872,0.027542,100.0000,501.71
873,0.033588,98.4375,503.52
874,0.126436,95.3125,646.46
875,0.051388,98.4375,497.11
876,0.084290,98.4375,564.63
877,0.072143,95.3125,501.28
878,0.128400,92.1875,522.45
879,0.054758,98.4375,587.16
880,0.084876,95.3125,501.76
881,0.046950,98.4375,601.69
882,0.045050,100.0000,503.55
883,0.071048,96.8750,597.37
884,0.119634,93.7500,503.53
885,0.092478,96.8750,556.25
886,0.095590,95.3125,552.15
887,0.008174,100.0000,557.80
888,0.082839,96.8750,496.82
889,0.107171,95.3125,501.47
890,0.040100,98.4375,617.99
891,0.008283,100.0000,502.00
892,0.099971,95.3125,629.77
893,0.133535,93.7500,503.99
894,0.083490,96.8750,592.11
895,0.029557,100.0000,504.40
896,0.051622,98.4375,498.45
897,0.032157,100.0000,601.51
898,0.104813,93.7500,535.28
899,0.061562,96.8750,557.11
900,0.041200,98.4375,501.50
901,0.095062,96.8750,608.40
902,0.154638,92.1875,506.25
903,0.023291,100.0000,598.68
904,0.116614,95.3125,498.75
905,0.071244,96.8750,640.68
906,0.126831,96.8750,499.06
907,0.076376,96.8750,598.68
908,0.093006,96.8750,517.56
909,0.054695,96.8750,511.10
910,0.091646,98.4375,584.68
911,0.033694,100.0000,498.00
912,0.015331,100.0000,592.55
913,0.037138,98.4375,498.86
914,0.067034,96.8750,494.11
915,0.023600,98.4375,632.20
916,0.044727,98.4375,505.53
917,0.205167,95.3125,556.44
918,0.101909,95.3125,528.30
919,0.058189,98.4375,541.51
920,0.065220,98.4375,558.85
921,0.016675,100.0000,496.68
922,0.053304,98.4375,599.59
923,0.045901,100.0000,535.49
924,0.104821,93.7500,559.85
925,0.039488,98.4375,544.95
926,0.120257,93.7500,543.29
927,0.130453,95.3125,506.33
928,0.206198,93.7500,581.59
929,0.042692,98.4375,504.73
930,0.122600,96.8750,503.16
931,0.052945,98.4375,650.07
932,0.083999,95.3125,498.68
933,0.008264,100.0000,544.36
934,0.102593,95.3125,550.45
935,0.024228,100.0000,502.42
936,0.124399,96.8750,575.05
937,0.011217,100.0000,505.33
938,0.035280,98.4375,530.27
939,0.085510,96.8750,580.41
940,0.144198,95.3125,569.24
941,0.064102,96.8750,520.83
942,0.045608,100.0000,560.92
943,0.063392,96.8750,505.34
944,0.033229,98.4375,515.32
945,0.017748,100.0000,610.21
946,0.018584,100.0000,537.76
947,0.012597,100.0000,559.39
948,0.108490,95.3125,506.05
949,0.189617,96.8750,626.43
950,0.038633,100.0000,504.17
951,0.046299,98.4375,606.91
952,0.033065,100.0000,500.71
953,0.067223,95.3125,636.11
954,0.050248,96.8750,502.05
955,0.112620,95.3125,566.53
956,0.077315,95.3125,500.98
957,0.096194,96.8750,501.12
958,0.017347,100.0000,581.02
959,0.062311,95.3125,500.06
960,0.144750,96.8750,613.40
961,0.043457,98.4375,500.16
962,0.061809,96.8750,558.06
963,0.054676,98.4375,504.09
964,0.046427,98.4375,508.79
965,0.026938,98.4375,590.63
966,0.024955,98.4375,499.13
967,0.049938,98.4375,573.46
968,0.020005,100.0000,499.40
969,0.061701,98.4375,516.15
970,0.084332,95.3125,590.23
971,0.092788,96.8750,500.33
972,0.045467,98.4375,585.88
973,0.071595,98.4375,496.24
974,0.160606,92.1875,577.36
975,0.039328,98.4375,493.33
976,0.080947,93.7500,551.94
977,0.056534,98.4375,516.67
978,0.087278,95.3125,507.41
979,0.105130,95.3125,618.71
980,0.071512,96.8750,504.44
981,0.053222,96.8750,593.84
982,0.065634,96.8750,500.14
983,0.054162,96.8750,637.40
984,0.064642,98.4375,498.73
985,0.042397,98.4375,591.02
986,0.029201,100.0000,497.90
987,0.043309,98.4375,505.70
988,0.054074,98.4375,620.45
989,0.011886,100.0000,501.99
990,0.068095,95.3125,560.78
991,0.056313,98.4375,501.00
992,0.058887,98.4375,500.67
993,0.218142,92.1875,604.81
994,0.031371,98.4375,503.16
995,0.061032,96.8750,642.23
996,0.085760,96.8750,503.46
997,0.050589,96.8750,568.15
998,0.094871,95.3125,503.60
999,0.038367,98.4375,502.22
1000,0.027267,100.0000,598.28
1001,0.032556,98.4375,505.34
1002,0.090123,98.4375,505.75
1003,0.063470,98.4375,594.77
1004,0.186092,95.3125,499.44
1005,0.163696,95.3125,560.10
1006,0.050445,98.4375,500.74
1007,0.112830,93.7500,504.31
1008,0.050333,96.8750,653.04
1009,0.029783,100.0000,498.09
1010,0.027707,98.4375,531.28
1011,0.127428,93.7500,558.24
1012,0.105256,93.7500,502.78
1013,0.084007,95.3125,631.31
1014,0.037186,98.4375,503.78
1015,0.120457,95.3125,595.52
1016,0.071864,98.4375,498.85
1017,0.117682,96.8750,589.63
1018,0.057515,98.4375,520.76
1019,0.081263,96.8750,560.18
1020,0.110378,96.8750,500.43
1021,0.043273,96.8750,557.26
1022,0.048529,98.4375,498.47
1023,0.070057,95.3125,564.59
1024,0.119177,93.7500,503.58
1025,0.065618,98.4375,509.99
1026,0.082386,98.4375,638.54
1027,0.015951,100.0000,506.24
1028,0.053674,96.8750,581.97
1029,0.038104,98.4375,498.71
1030,0.121349,95.3125,502.33
1031,0.073968,96.8750,611.73
1032,0.049616,98.4375,497.94
1033,0.073749,96.8750,640.75
1034,0.021831,100.0000,505.15
1035,0.050093,98.4375,577.76
1036,0.027857,100.0000,498.94
1037,0.143462,92.1875,649.79
1038,0.102136,96.8750,528.06
1039,0.060840,98.4375,578.60
1040,0.048661,98.4375,538.21
1041,0.045712,96.8750,554.78
1042,0.015412,100.0000,505.84
1043,0.083339,95.3125,651.29
1044,0.023356,100.0000,502.77
1045,0.041911,100.0000,596.68
1046,0.139346,96.8750,499.64
1047,0.063587,96.8750,507.79
1048,0.081071,96.8750,610.13
1049,0.066361,96.8750,535.11
1050,0.087060,95.3125,563.66
1051,0.071295,96.8750,527.20
1052,0.058178,96.8750,573.21
1053,0.077555,96.8750,587.54
1054,0.043356,98.4375,524.48
1055,0.062951,96.8750,501.82
1056,0.019584,100.0000,633.87
1057,0.055882,93.7500,504.31
1058,0.018920,100.0000,568.85
1059,0.073162,95.3125,498.50
1060,0.089854,98.4375,498.68
1061,0.107555,95.3125,600.45
1062,0.114294,93.7500,502.67
1063,0.079379,96.8750,623.35
1064,0.078848,95.3125,499.94
1065,0.058791,98.4375,594.82
1066,0.106950,96.8750,497.92
1067,0.035709,98.4375,567.39
1068,0.027489,100.0000,505.67
1069,0.053478,98.4375,501.22
1070,0.071121,98.4375,628.18
1071,0.106812,95.3125,502.37
1072,0.070248,95.3125,563.60
1073,0.060173,96.8750,520.39
1074,0.049024,98.4375,500.83
1075,0.162676,95.3125,648.64
1076,0.123604,95.3125,502.79
1077,0.013894,100.0000,591.08
1078,0.082495,96.8750,520.85
1079,0.074083,98.4375,564.72
1080,0.092404,95.3125,505.62
1081,0.059786,96.8750,572.02
1082,0.031327,100.0000,501.19
1083,0.190101,93.7500,589.29
1084,0.044533,98.4375,503.29
1085,0.084224,96.8750,574.69
1086,0.062344,100.0000,498.88
1087,0.041016,96.8750,523.38
1088,0.127896,93.7500,594.44
1089,0.013864,100.0000,500.58
1090,0.032600,100.0000,617.71
1091,0.035065,98.4375,512.34
1092,0.111897,93.7500,582.71
1093,0.040707,96.8750,503.08
1094,0.056674,98.4375,585.82
1095,0.013154,100.0000,506.11
1096,0.114997,96.8750,652.66
1097,0.057085,98.4375,497.93
1098,0.103450,95.3125,546.12
1099,0.066024,98.4375,562.98
1100,0.051688,98.4375,560.06
1101,0.075185,95.3125,503.91
1102,0.031287,98.4375,534.67
1103,0.019908,100.0000,544.08
1104,0.068116,98.4375,502.55
1105,0.052511,98.4375,640.24
1106,0.082701,95.3125,505.50
1107,0.031056,100.0000,574.70
1108,0.037549,100.0000,497.54
1109,0.061718,98.4375,498.48
1110,0.086963,96.8750,643.18
1111,0.085463,96.8750,502.02
1112,0.047373,98.4375,590.00
1113,0.122899,96.8750,506.71
1114,0.030446,98.4375,536.59
1115,0.028982,100.0000,561.98
1116,0.151256,95.3125,515.84
1117,0.045317,98.4375,582.89
1118,0.050271,96.8750,494.21
1119,0.131043,95.3125,622.77
1120,0.018039,100.0000,500.53
1121,0.101567,93.7500,529.11
1122,0.114906,95.3125,569.20
1123,0.129316,96.8750,497.74
1124,0.035232,98.4375,668.38
1125,0.066789,98.4375,497.09
1126,0.033058,100.0000,533.42
1127,0.140387,95.3125,521.48
1128,0.037776,98.4375,505.21
1129,0.055475,96.8750,613.37
1130,0.009174,100.0000,537.23
1131,0.056426,98.4375,561.89
1132,0.082702,93.7500,500.20
1133,0.077240,96.8750,602.76
1134,0.075989,96.8750,495.34
1135,0.018307,98.4375,548.56
1136,0.074434,93.7500,500.92
1137,0.061959,98.4375,501.18
1138,0.063073,98.4375,624.74
1139,0.082724,95.3125,553.52
1140,0.107541,93.7500,553.66
1141,0.084236,96.8750,503.30
1142,0.116651,96.8750,651.84
1143,0.133118,93.7500,499.87
1144,0.113250,92.1875,541.66
1145,0.024014,100.0000,531.82
1146,0.111879,95.3125,505.05
1147,0.094898,95.3125,605.65
1148,0.084374,96.8750,503.26
1149,0.049298,98.4375,590.58
1150,0.257691,93.7500,503.64
1151,0.033899,98.4375,499.11
1152,0.050156,96.8750,622.57
1153,0.155936,92.1875,501.79
1154,0.012408,100.0000,648.17
1155,0.049197,96.8750,504.09
1156,0.102303,95.3125,632.38
1157,0.071810,96.8750,507.05
1158,0.061586,95.3125,572.84
1159,0.079637,98.4375,510.07
1160,0.091778,95.3125,505.56
1161,0.015464,100.0000,630.38
1162,0.100888,95.3125,497.95
1163,0.165539,92.1875,612.03
1164,0.201266,92.1875,511.01
1165,0.040259,96.8750,567.99
1166,0.023572,98.4375,508.52
1167,0.112904,96.8750,502.33
1168,0.033010,100.0000,644.66
1169,0.038386,100.0000,501.46
1170,0.061058,98.4375,615.16
1171,0.076467,95.3125,499.07
1172,0.101416,93.7500,560.26
1173,0.093804,95.3125,499.97
1174,0.099200,95.3125,555.69
1175,0.095647,96.8750,500.57
1176,0.052077,100.0000,545.86
1177,0.081702,95.3125,534.46
1178,0.045360,98.4375,503.92
1179,0.147672,92.1875,589.29
1180,0.098529,95.3125,495.72
1181,0.110187,96.8750,501.74
1182,0.023890,100.0000,628.86
1183,0.031977,100.0000,499.11
1184,0.042942,98.4375,636.37
1185,0.068954,96.8750,499.92
1186,0.056279,100.0000,564.44
1187,0.032334,98.4375,500.23
1188,0.049605,98.4375,541.75
1189,0.063304,96.8750,548.48
1190,0.074183,98.4375,505.88
1191,0.029031,98.4375,628.62
1192,0.008942,100.0000,501.22
1193,0.063851,96.8750,575.23
1194,0.056487,98.4375,499.86
1195,0.084675,96.8750,502.57
1196,0.034421,100.0000,645.82
1197,0.047488,98.4375,504.51
1198,0.027197,100.0000,541.85
1199,0.052105,98.4375,533.72
1200,0.064870,96.8750,505.57
1201,0.006995,100.0000,600.26
1202,0.101544,96.8750,502.29
1203,0.021565,100.0000,547.70
1204,0.117947,95.3125,528.19
1205,0.024118,100.0000,505.73
1206,0.093728,96.8750,643.59
1207,0.036624,98.4375,500.31
1208,0.003145,100.0000,548.70
1209,0.057528,98.4375,532.00
1210,0.058520,98.4375,531.82
1211,0.028326,100.0000,567.06
1212,0.102591,93.7500,516.39
1213,0.086781,98.4375,591.14
1214,0.121855,96.8750,545.98
1215,0.101009,96.8750,558.13
1216,0.066504,96.8750,536.74
1217,0.078490,95.3125,553.98
1218,0.009018,100.0000,499.24
1219,0.078039,96.8750,629.99
1220,0.122868,95.3125,497.39
1221,0.053244,96.8750,577.28
1222,0.095253,98.4375,496.86
1223,0.052867,98.4375,497.39
1224,0.046322,96.8750,642.63
1225,0.027605,98.4375,497.47
1226,0.041130,98.4375,595.98
1227,0.138910,96.8750,497.42
1228,0.071156,98.4375,519.23
1229,0.053371,96.8750,579.02
1230,0.114860,95.3125,498.45
1231,0.112775,96.8750,587.07
1232,0.082856,96.8750,495.91
1233,0.101954,96.8750,572.83
1234,0.074781,95.3125,496.15
1235,0.038317,100.0000,595.66
1236,0.111304,95.3125,502.17
1237,0.039491,98.4375,544.85
1238,0.043269,98.4375,555.73
1239,0.056052,98.4375,550.81
1240,0.081469,98.4375,499.59
1241,0.079318,96.8750,546.48
1242,0.191723,92.1875,545.18
1243,0.066589,98.4375,498.60
1244,0.073339,96.8750,576.83
1245,0.027515,98.4375,495.61
1246,0.056521,96.8750,623.38
1247,0.068969,96.8750,497.18
1248,0.072692,96.8750,611.57
1249,0.123829,95.3125,493.50
1250,0.023689,98.4375,617.99
1251,0.039307,96.8750,492.58
1252,0.082996,98.4375,608.83
1253,0.069791,96.8750,493.33
1254,0.010147,100.0000,544.66
1255,0.120971,95.3125,544.31
1256,0.055599,96.8750,498.72
1257,0.072058,96.8750,633.28
1258,0.078178,98.4375,507.56
1259,0.104944,95.3125,617.14
1260,0.067439,98.4375,511.43
1261,0.052315,96.8750,656.90
1262,0.033649,98.4375,501.04
1263,0.019067,100.0000,563.55
1264,0.015364,100.0000,506.53
1265,0.081569,98.4375,556.31
1266,0.053900,98.4375,515.77
1267,0.130785,93.7500,507.73
1268,0.154474,95.3125,630.44
1269,0.017929,98.4375,502.04
1270,0.178687,95.3125,558.23
1271,0.112606,95.3125,521.43
1272,0.020923,98.4375,502.04
1273,0.072192,95.3125,647.73
1274,0.037861,100.0000,506.55
1275,0.099115,98.4375,556.77
1276,0.014348,100.0000,542.68
1277,0.083126,98.4375,569.93
1278,0.047761,96.8750,504.49
1279,0.035465,98.4375,565.32
1280,0.135693,93.7500,503.73
1281,0.153800,95.3125,499.74
1282,0.050031,98.4375,647.49
1283,0.106032,95.3125,501.13
1284,0.064064,96.8750,539.42
1285,0.090495,96.8750,569.91
1286,0.012097,100.0000,503.55
1287,0.169055,95.3125,585.24
1288,0.074692,98.4375,499.98
1289,0.047109,100.0000,562.39
1290,0.085483,95.3125,499.16
1291,0.067953,98.4375,504.40
1292,0.029915,100.0000,619.15
1293,0.108060,95.3125,500.58
1294,0.101862,95.3125,640.85
1295,0.141611,93.7500,517.71
1296,0.068333,98.4375,586.73
1297,0.182338,98.4375,501.20
1298,0.093208,93.7500,573.76
1299,0.105202,96.8750,493.68
1300,0.044248,100.0000,514.14
1301,0.084698,96.8750,585.83
1302,0.155840,92.1875,506.19
1303,0.111436,93.7500,645.41
1304,0.019589,100.0000,501.76
1305,0.136247,96.8750,623.08
1306,0.043609,98.4375,494.62
1307,0.030952,100.0000,546.42
1308,0.057114,96.8750,552.25
1309,0.041346,98.4375,500.18
1310,0.034664,98.4375,660.23
1311,0.039205,98.4375,507.80
1312,0.032285,98.4375,585.62
1313,0.157004,90.6250,500.74
1314,0.231462,92.1875,495.82
1315,0.066157,96.8750,605.25
1316,0.133096,95.3125,494.01
1317,0.091855,98.4375,634.96
1318,0.109208,96.8750,498.76
1319,0.101607,95.3125,575.22
1320,0.082197,98.4375,509.79
1321,0.051714,100.0000,547.02
1322,0.072493,96.8750,546.21
1323,0.061527,96.8750,532.95
1324,0.049519,96.8750,530.43
1325,0.087554,95.3125,495.62
1326,0.060079,96.8750,587.77
1327,0.066994,96.8750,495.62
1328,0.076312,96.8750,554.72
1329,0.049373,100.0000,515.53
1330,0.105350,96.8750,495.11
1331,0.142438,92.1875,587.89
1332,0.018217,100.0000,502.22
1333,0.006626,100.0000,541.79
1334,0.070059,96.8750,551.78
1335,0.058030,98.4375,495.10
1336,0.008496,100.0000,587.32
1337,0.027203,100.0000,496.15
1338,0.180487,92.1875,563.17
1339,0.083635,93.7500,513.35
1340,0.058628,98.4375,533.46
1341,0.036981,96.8750,568.53
1342,0.048272,98.4375,492.32
1343,0.030691,100.0000,579.50
1344,0.085853,96.8750,494.77
1345,0.050679,98.4375,643.55
1346,0.135152,93.7500,500.28
1347,0.072475,95.3125,618.53
1348,0.051702,98.4375,501.51
1349,0.009186,100.0000,547.13
1350,0.069848,98.4375,516.86
1351,0.034497,98.4375,567.41
1352,0.035411,98.4375,503.92
1353,0.009454,100.0000,585.01
1354,0.062700,96.8750,498.28
1355,0.027681,100.0000,594.30
1356,0.033183,100.0000,497.03
1357,0.034716,100.0000,560.51
1358,0.053348,98.4375,502.04
1359,0.115078,92.1875,561.33
1360,0.065212,96.8750,498.94
1361,0.020446,100.0000,532.21
1362,0.040646,98.4375,551.34
1363,0.028023,98.4375,499.78
1364,0.055956,96.8750,622.39
1365,0.009058,100.0000,500.69
1366,0.101571,96.8750,588.58
1367,0.188860,96.8750,507.18
1368,0.068291,95.3125,584.76
1369,0.063723,100.0000,499.74
1370,0.040936,100.0000,513.53
1371,0.072745,95.3125,591.53
1372,0.074762,95.3125,503.82
1373,0.028078,100.0000,551.61
1374,0.077659,96.8750,508.09
1375,0.053212,98.4375,503.07
1376,0.064169,98.4375,633.36
1377,0.075403,96.8750,503.40
1378,0.115303,95.3125,524.17
1379,0.053116,96.8750,565.14
1380,0.058514,96.8750,501.51
1381,0.091572,96.8750,601.24
1382,0.106256,96.8750,500.25
1383,0.020013,100.0000,497.03
1384,0.040501,98.4375,643.59
1385,0.114592,93.7500,507.73
1386,0.011303,100.0000,564.58
1387,0.065702,96.8750,504.56
1388,0.073443,96.8750,501.55
1389,0.044872,100.0000,587.64
1390,0.022529,100.0000,495.29
1391,0.013602,100.0000,582.72
1392,0.062027,100.0000,495.72
1393,0.096598,95.3125,562.19
1394,0.071085,96.8750,503.88
1395,0.102163,93.7500,571.21
1396,0.134665,92.1875,502.56
1397,0.078569,95.3125,501.34
1398,0.053530,98.4375,663.32
1399,0.059392,96.8750,499.11
1400,0.057614,96.8750,616.31
1401,0.019798,100.0000,501.75
1402,0.067626,96.8750,563.61
1403,0.050698,98.4375,514.54
1404,0.086386,96.8750,557.27
1405,0.103813,95.3125,518.11
1406,0.061248,98.4375,542.71
1407,0.070170,96.8750,549.70
1408,0.063103,98.4375,500.13
1409,0.043941,98.4375,587.01
1410,0.073216,96.8750,497.69
1411,0.015623,100.0000,560.52
1412,0.022691,98.4375,504.90
1413,0.062146,96.8750,555.08
1414,0.048962,96.8750,528.64
1415,0.113519,93.7500,503.58
1416,0.126633,95.3125,650.28
1417,0.094316,96.8750,500.01
1418,0.087384,96.8750,600.13
1419,0.027590,100.0000,498.99
1420,0.058912,98.4375,556.57
1421,0.023286,98.4375,526.19
1422,0.069562,96.8750,506.24
1423,0.019666,100.0000,665.30
1424,0.038774,96.8750,503.54
1425,0.138140,93.7500,559.63
1426,0.101755,96.8750,529.57
1427,0.035737,98.4375,497.50
1428,0.117174,93.7500,642.24
1429,0.058224,95.3125,499.30
1430,0.046249,98.4375,645.36
1431,0.092540,96.8750,501.72
1432,0.169748,95.3125,565.61
1433,0.069995,96.8750,504.66
1434,0.094634,96.8750,501.31
1435,0.052970,98.4375,636.57
1436,0.118346,92.1875,497.06
1437,0.023661,98.4375,555.92
1438,0.043074,98.4375,550.12
1439,0.065366,98.4375,508.03
1440,0.102947,93.7500,585.76
1441,0.015111,100.0000,502.79
1442,0.082766,96.8750,549.81
1443,0.102098,96.8750,553.27
1444,0.054916,98.4375,502.35
1445,0.042987,98.4375,601.16
1446,0.079889,96.8750,499.26
1447,0.025187,100.0000,497.33
1448,0.071388,100.0000,607.74
1449,0.030704,98.4375,493.67
1450,0.035271,98.4375,651.54
1451,0.037353,100.0000,498.30
1452,0.056890,96.8750,589.62
1453,0.130053,95.3125,494.74
1454,0.032893,98.4375,551.09
1455,0.069539,98.4375,496.07
1456,0.056466,98.4375,494.21
1457,0.089727,96.8750,642.09
1458,0.037142,100.0000,507.77
1459,0.059631,95.3125,643.12
1460,0.070621,98.4375,495.83
1461,0.056754,98.4375,556.97
1462,0.110534,96.8750,540.52
1463,0.066861,96.8750,504.36
1464,0.119926,93.7500,660.99
1465,0.020785,100.0000,494.99
1466,0.091779,98.4375,567.05
1467,0.075136,96.8750,500.73
1468,0.065963,95.3125,499.88
1469,0.063263,96.8750,610.21
1470,0.057915,96.8750,506.07
1471,0.090700,95.3125,604.74
1472,0.041908,100.0000,500.41
1473,0.172503,95.3125,573.90
1474,0.153369,93.7500,517.79
1475,0.029167,98.4375,562.02
1476,0.043062,98.4375,511.10
1477,0.070971,98.4375,553.70
1478,0.018004,100.0000,525.02
1479,0.043714,98.4375,504.12
1480,0.045032,100.0000,646.95
1481,0.014827,100.0000,502.01
1482,0.080704,95.3125,599.27
1483,0.061809,98.4375,498.60
1484,0.139546,98.4375,586.91
1485,0.070413,96.8750,497.70
1486,0.043300,98.4375,501.15
1487,0.091527,96.8750,599.66
1488,0.088552,96.8750,507.41
1489,0.038460,98.4375,646.67
1490,0.062769,98.4375,497.49
1491,0.038879,98.4375,565.59
1492,0.021500,100.0000,502.10
1493,0.086074,93.7500,498.80
1494,0.065976,98.4375,607.76
1495,0.007593,100.0000,505.81
1496,0.020037,100.0000,586.66
1497,0.076340,96.8750,499.38
1498,0.029759,98.4375,508.67
1499,0.038108,98.4375,619.06
1500,0.074474,96.8750,501.29
1501,0.065758,98.4375,601.30
1502,0.078336,96.8750,496.28
1503,0.081130,96.8750,597.11
1504,0.064616,98.4375,494.50
1505,0.061276,96.8750,593.12
1506,0.104827,96.8750,495.29
1507,0.056862,98.4375,646.08
1508,0.077103,100.0000,498.42
1509,0.039536,98.4375,559.70
1510,0.064660,96.8750,519.02
1511,0.039293,100.0000,497.41
1512,0.120640,93.7500,589.09
1513,0.039082,98.4375,502.35
1514,0.045987,98.4375,576.24
1515,0.207881,93.7500,501.08
1516,0.067107,96.8750,501.37
1517,0.045764,98.4375,599.20
1518,0.065820,98.4375,504.02
1519,0.118955,96.8750,603.86
1520,0.027852,98.4375,499.52
1521,0.130355,95.3125,613.31
1522,0.051003,98.4375,501.48
1523,0.080709,95.3125,553.70
1524,0.055470,98.4375,543.64
1525,0.086699,96.8750,563.18
1526,0.058843,96.8750,541.38
1527,0.064087,96.8750,494.64
1528,0.119472,96.8750,613.63
1529,0.066959,96.8750,501.26
1530,0.132988,96.8750,550.60
1531,0.086799,98.4375,554.87
1532,0.082164,98.4375,512.06
1533,0.064374,98.4375,653.53
1534,0.068633,96.8750,501.15
1535,0.079159,96.8750,549.84
1536,0.040884,98.4375,537.05
1537,0.037341,98.4375,531.67
1538,0.029807,100.0000,566.27
1539,0.119611,95.3125,499.36
1540,0.057639,98.4375,602.34
1541,0.058920,98.4375,505.65
1542,0.127016,95.3125,635.60
1543,0.167122,93.7500,501.29
1544,0.117849,96.8750,572.01
1545,0.148157,95.3125,498.71
1546,0.081727,95.3125,552.62
1547,0.087590,96.8750,511.29
1548,0.093256,96.8750,549.56
1549,0.091081,96.8750,555.04
1550,0.054397,98.4375,541.73
1551,0.068349,95.3125,524.82
1552,0.053003,98.4375,492.88
1553,0.059601,98.4375,580.10
1554,0.156932,90.6250,493.70
1555,0.025461,100.0000,592.16
1556,0.201361,89.0625,500.11
1557,0.019853,100.0000,548.52
1558,0.096935,98.4375,553.46
1559,0.083885,96.8750,545.35
1560,0.099030,93.7500,541.08
1561,0.034495,100.0000,497.65
1562,0.056878,96.8750,654.55
1563,0.131864,95.3125,500.39
1564,0.154294,93.7500,656.37
1565,0.066784,96.8750,500.48
1566,0.059252,96.8750,571.13
1567,0.104925,96.8750,505.76
1568,0.041891,98.4375,503.66
1569,0.078868,96.8750,638.58
1570,0.036894,100.0000,496.56
1571,0.124470,92.1875,585.47
1572,0.085174,96.8750,503.02
1573,0.087596,96.8750,573.74
1574,0.098440,95.3125,515.47
1575,0.090345,96.8750,497.74
1576,0.074048,96.8750,589.07
1577,0.125545,95.3125,500.15
1578,0.061198,96.8750,577.78
1579,0.050644,98.4375,498.34
1580,0.025920,98.4375,559.72
1581,0.097462,95.3125,494.45
1582,0.061867,96.8750,546.39
1583,0.050595,98.4375,547.42
1584,0.010367,100.0000,505.80
1585,0.021111,100.0000,620.63
1586,0.071020,96.8750,499.43
1587,0.069539,96.8750,593.75
1588,0.014748,100.0000,503.46
1589,0.014678,100.0000,499.37
1590,0.195726,95.3125,617.03
1591,0.029263,100.0000,521.78
1592,0.151448,98.4375,587.34
1593,0.076949,98.4375,500.22
1594,0.042167,98.4375,563.56
1595,0.086666,96.8750,503.63
1596,0.106080,96.8750,518.04
1597,0.017666,100.0000,584.33
1598,0.006317,100.0000,500.39
1599,0.047564,96.8750,615.25
1600,0.063912,96.8750,499.25
1601,0.061072,96.8750,573.66
1602,0.012386,100.0000,498.79
1603,0.042070,96.8750,592.57
1604,0.043873,98.4375,498.45
1605,0.034415,100.0000,633.74
1606,0.064678,96.8750,507.66
1607,0.112586,96.8750,563.30
1608,0.025106,100.0000,503.23
1609,0.050461,96.8750,500.56
1610,0.050152,96.8750,619.13
1611,0.015215,100.0000,499.12
1612,0.018481,100.0000,583.27
1613,0.056620,98.4375,498.21
1614,0.111928,93.7500,557.35
1615,0.048609,100.0000,542.49
1616,0.126120,95.3125,538.15
1617,0.092455,95.3125,552.96
1618,0.133067,95.3125,508.27
1619,0.046984,98.4375,580.89
1620,0.054393,98.4375,517.51
1621,0.105014,96.8750,587.40
1622,0.040610,98.4375,498.41
1623,0.063163,98.4375,658.46
1624,0.067684,96.8750,504.02
1625,0.014788,100.0000,530.21
1626,0.140310,93.7500,564.97
1627,0.046270,98.4375,498.04
1628,0.043613,98.4375,594.62
1629,0.111191,95.3125,502.88
1630,0.060095,98.4375,577.11
1631,0.030054,100.0000,493.95
1632,0.065090,96.8750,545.30
1633,0.048284,98.4375,564.88
1634,0.085715,95.3125,501.07
1635,0.073804,96.8750,596.85
1636,0.057905,98.4375,496.85
1637,0.037982,98.4375,560.43
1638,0.074820,98.4375,500.63
1639,0.046861,98.4375,523.07
1640,0.045009,96.8750,539.87
1641,0.036491,98.4375,497.31
1642,0.083600,96.8750,651.97
1643,0.077556,96.8750,504.35
1644,0.117272,96.8750,602.35
1645,0.025880,98.4375,497.99
1646,0.098260,96.8750,550.97
1647,0.026774,100.0000,500.43
1648,0.052544,98.4375,541.53
1649,0.020396,100.0000,549.80
1650,0.051263,98.4375,498.50
1651,0.068037,96.8750,647.05
1652,0.032077,100.0000,499.47
1653,0.084597,95.3125,533.52
1654,0.037962,98.4375,556.11
1655,0.025611,100.0000,567.69
1656,0.064445,96.8750,499.18
1657,0.020394,100.0000,519.33
1658,0.032634,98.4375,598.62
1659,0.050083,98.4375,497.76
1660,0.017397,100.0000,575.92
1661,0.075038,96.8750,504.35
1662,0.071182,96.8750,496.62
1663,0.243326,90.6250,644.40
1664,0.103853,92.1875,505.41
1665,0.033230,98.4375,649.08
1666,0.055317,96.8750,495.84
1667,0.025119,100.0000,514.13
1668,0.046429,98.4375,590.47
1669,0.072158,96.8750,498.80
1670,0.066657,96.8750,563.93
1671,0.151618,95.3125,497.80
1672,0.058010,98.4375,591.03
1673,0.017345,100.0000,497.15
1674,0.062449,96.8750,561.16
1675,0.126419,96.8750,518.92
1676,0.025293,100.0000,570.77
1677,0.059397,98.4375,497.81
1678,0.047332,98.4375,505.03
1679,0.044786,96.8750,661.90
1680,0.088276,96.8750,500.55
1681,0.054279,98.4375,617.82
1682,0.147421,95.3125,531.40
1683,0.053731,98.4375,559.17
1684,0.099016,95.3125,495.84
1685,0.115651,96.8750,607.56
1686,0.031461,100.0000,497.45
1687,0.049261,98.4375,570.60
1688,0.028004,98.4375,501.24
1689,0.086162,96.8750,605.33
1690,0.056052,98.4375,499.20
1691,0.156285,96.8750,550.75
1692,0.040279,96.8750,548.31
1693,0.108575,93.7500,562.45
1694,0.094257,93.7500,499.33
1695,0.120310,93.7500,494.48
1696,0.028654,98.4375,598.75
1697,0.015325,100.0000,497.28
1698,0.066426,96.8750,563.80
1699,0.047208,100.0000,501.11
1700,0.080540,95.3125,511.96
1701,0.124816,92.1875,607.65
1702,0.145958,93.7500,505.91
1703,0.103631,93.7500,593.29
1704,0.150924,93.7500,497.45
1705,0.018139,100.0000,568.83
1706,0.018632,100.0000,516.17
1707,0.062833,98.4375,511.43
1708,0.070523,98.4375,579.76
1709,0.141157,92.1875,508.55
1710,0.009259,100.0000,560.44
1711,0.111677,95.3125,502.55
1712,0.239743,96.8750,495.14
1713,0.070503,96.8750,588.34
1714,0.145987,96.8750,505.33
1715,0.020262,100.0000,643.07
1716,0.020858,100.0000,500.73
1717,0.068136,98.4375,561.65
1718,0.106811,93.7500,501.25
1719,0.080820,96.8750,512.09
1720,0.027017,100.0000,597.89
1721,0.127910,93.7500,565.34
1722,0.011261,100.0000,501.65
1723,0.076204,98.4375,513.88
1724,0.130176,92.1875,580.87
1725,0.028485,98.4375,545.93
1726,0.114253,95.3125,526.36
1727,0.056347,98.4375,555.46
1728,0.021975,100.0000,529.52
1729,0.080153,98.4375,500.01
1730,0.124967,96.8750,654.44
1731,0.068249,98.4375,501.84
1732,0.095388,95.3125,654.25
1733,0.054531,98.4375,497.30
1734,0.042092,98.4375,603.40
1735,0.038822,100.0000,505.37
1736,0.115191,95.3125,569.96
1737,0.057385,98.4375,510.10
1738,0.055638,98.4375,581.05
1739,0.025085,100.0000,500.40
1740,0.032714,98.4375,596.85
1741,0.046616,98.4375,498.30
1742,0.042550,98.4375,599.38
1743,0.098166,95.3125,501.04
1744,0.054311,96.8750,549.08
1745,0.027372,98.4375,552.49
1746,0.108123,95.3125,503.83
1747,0.085331,95.3125,584.63
1748,0.039880,98.4375,497.94
1749,0.043725,98.4375,530.62
1750,0.060730,96.8750,570.78
1751,0.080094,96.8750,497.62
1752,0.029023,100.0000,608.09
1753,0.041125,98.4375,508.23
1754,0.065758,96.8750,553.07
1755,0.085374,98.4375,498.92
1756,0.025095,100.0000,536.66
1757,0.012978,100.0000,540.00
1758,0.010799,100.0000,555.16
1759,0.169990,95.3125,498.98
1760,0.122397,95.3125,496.13
1761,0.044857,98.4375,629.36
1762,0.038153,98.4375,496.68
1763,0.033743,98.4375,577.94
1764,0.084885,96.8750,499.63
1765,0.099448,95.3125,501.42
1766,0.035548,100.0000,633.38
1767,0.103257,95.3125,497.76
1768,0.031479,98.4375,602.59
1769,0.057283,98.4375,493.21
1770,0.061703,96.8750,567.90
1771,0.081455,95.3125,494.58
1772,0.167736,93.7500,577.89
1773,0.041116,98.4375,497.49
1774,0.042594,98.4375,501.77
1775,0.014914,100.0000,612.29
1776,0.154067,96.8750,499.58
1777,0.013691,100.0000,651.60
1778,0.110087,95.3125,495.14
1779,0.164370,95.3125,593.28
1780,0.055331,96.8750,496.93
1781,0.028425,98.4375,549.68
1782,0.028245,100.0000,495.72
1783,0.128682,93.7500,542.24
1784,0.056325,98.4375,523.96
1785,0.030188,98.4375,546.86
1786,0.055035,98.4375,531.75
1787,0.115214,96.8750,571.06
1788,0.015840,100.0000,516.20
1789,0.054057,98.4375,571.18
1790,0.081084,96.8750,500.27
1791,0.067582,98.4375,544.96
1792,0.011038,100.0000,552.24
1793,0.015720,100.0000,497.13
1794,0.014677,100.0000,632.72
1795,0.118741,95.3125,500.70
1796,0.013782,100.0000,584.74
1797,0.099646,95.3125,511.66
1798,0.144080,96.8750,553.31
1799,0.079762,96.8750,497.59
1800,0.034856,98.4375,582.45
1801,0.023618,100.0000,500.89
1802,0.050873,98.4375,499.88
1803,0.024226,98.4375,640.23
1804,0.064457,96.8750,499.07
1805,0.032009,100.0000,560.14
1806,0.038619,98.4375,497.30
1807,0.102530,95.3125,500.77
1808,0.081454,96.8750,608.34
1809,0.011657,100.0000,507.37
1810,0.096079,95.3125,643.53
1811,0.073058,95.3125,496.77
1812,0.006409,100.0000,654.83
1813,0.083744,95.3125,499.20
1814,0.050679,98.4375,557.09
1815,0.018188,100.0000,495.61
1816,0.089724,98.4375,499.24
1817,0.073447,96.8750,613.39
1818,0.066431,96.8750,494.17
1819,0.067088,98.4375,639.79
1820,0.036216,98.4375,505.87
1821,0.083564,96.8750,566.12
1822,0.011853,100.0000,500.59
1823,0.204335,92.1875,557.80
1824,0.047743,96.8750,500.29
1825,0.088278,95.3125,502.48
1826,0.051776,96.8750,630.35
1827,0.038513,98.4375,510.35
1828,0.003661,100.0000,567.46
1829,0.057157,96.8750,503.13
1830,0.024249,100.0000,503.72
1831,0.055676,98.4375,603.51
1832,0.075449,96.8750,498.38
1833,0.024095,100.0000,555.49
1834,0.041310,96.8750,502.83
1835,0.108079,98.4375,506.36
1836,0.051303,96.8750,657.57
1837,0.048269,98.4375,501.30
1838,0.078353,96.8750,559.66
1839,0.061306,96.8750,543.38
1840,0.029681,98.4375,503.52
1841,0.033667,98.4375,596.72
1842,0.087521,96.8750,501.89
1843,0.061812,95.3125,564.41
1844,0.048392,100.0000,504.53
1845,0.119388,95.3125,567.41
1846,0.013710,100.0000,502.29
1847,0.018022,100.0000,505.67
1848,0.048708,96.8750,635.32
1849,0.048504,100.0000,507.59
1850,0.122506,95.3125,549.30
1851,0.054331,98.4375,521.03
1852,0.023011,100.0000,496.68
1853,0.043185,98.4375,643.66
1854,0.054737,96.8750,503.79
1855,0.012878,100.0000,559.10
1856,0.094031,95.3125,505.83
1857,0.018200,98.4375,501.91
1858,0.151604,95.3125,603.57
1859,0.013089,100.0000,516.32
1860,0.051596,98.4375,587.00
1861,0.054463,98.4375,492.54
1862,0.097002,96.8750,576.74
1863,0.018809,100.0000,510.16
1864,0.028429,100.0000,582.28
1865,0.072115,96.8750,495.01
1866,0.030351,98.4375,582.58
1867,0.149479,95.3125,497.12
1868,0.050795,98.4375,534.49
1869,0.024868,100.0000,562.20
1870,0.140700,93.7500,500.82
1871,0.067046,96.8750,609.91
1872,0.053524,96.8750,498.72
1873,0.059092,98.4375,547.87
1874,0.034345,100.0000,531.17
1875,0.068810,96.8750,588.64
1876,0.062912,98.4375,510.61
1877,0.050784,98.4375,592.13
1878,0.088524,96.8750,501.26
1879,0.035477,98.4375,557.58
1880,0.044736,98.4375,495.23
1881,0.020838,100.0000,567.38
1882,0.061232,98.4375,496.97
1883,0.053942,98.4375,501.80
1884,0.029354,98.4375,641.74
1885,0.088104,96.8750,519.30
1886,0.028971,98.4375,580.57
1887,0.097525,96.8750,499.96
1888,0.058997,98.4375,566.05
1889,0.003554,100.0000,494.04
1890,0.117766,93.7500,566.89
1891,0.004977,100.0000,520.13
1892,0.086478,98.4375,499.01
1893,0.069602,96.8750,603.18
1894,0.102114,93.7500,499.16
1895,0.049472,98.4375,610.91
1896,0.124628,95.3125,500.73
1897,0.079995,96.8750,575.19
1898,0.036662,98.4375,500.99
1899,0.090342,95.3125,531.82
1900,0.099154,95.3125,563.11
1901,0.085305,96.8750,506.12
1902,0.082798,96.8750,582.35
1903,0.019673,100.0000,501.28
1904,0.082491,98.4375,578.61
1905,0.112159,95.3125,519.76
1906,0.025942,100.0000,498.14
1907,0.049084,100.0000,650.84
1908,0.046756,98.4375,524.88
1909,0.091950,93.7500,568.86
1910,0.133640,93.7500,498.10
1911,0.060787,96.8750,655.61
1912,0.023699,98.4375,503.42
1913,0.054332,96.8750,551.28
1914,0.028523,98.4375,494.04
1915,0.033457,98.4375,561.23
1916,0.026578,100.0000,501.39
1917,0.085503,96.8750,498.17
1918,0.051654,98.4375,603.17
1919,0.081657,96.8750,500.90
1920,0.028917,98.4375,552.97
1921,0.039082,100.0000,502.60
1922,0.138429,96.8750,551.88
1923,0.161754,92.1875,550.39
1924,0.052639,98.4375,570.46
1925,0.056135,98.4375,499.04
1926,0.034846,100.0000,537.73
1927,0.068721,96.8750,557.19
1928,0.101743,93.7500,549.63
1929,0.027215,100.0000,524.99
1930,0.065245,98.4375,501.70
1931,0.066443,98.4375,595.59
1932,0.079549,95.3125,496.46
1933,0.024106,98.4375,499.66
1934,0.051080,98.4375,602.95
1935,0.019560,100.0000,506.37
1936,0.040164,98.4375,568.78
1937,0.069382,96.8750,511.97
1938,0.017760,100.0000,582.43
1939,0.020884,100.0000,494.24
1940,0.039450,100.0000,590.04
1941,0.083357,95.3125,501.57
1942,0.056750,98.4375,592.03
1943,0.084150,96.8750,495.81
1944,0.039902,98.4375,550.58
1945,0.051059,95.3125,518.47
1946,0.031622,98.4375,565.49
1947,0.071946,96.8750,501.14
1948,0.037255,100.0000,498.64
1949,0.107175,92.1875,623.79
1950,0.045631,98.4375,497.65
1951,0.029824,100.0000,581.18
1952,0.044786,98.4375,496.85
1953,0.031550,100.0000,565.07
1954,0.003287,100.0000,497.45
1955,0.071090,96.8750,500.78
1956,0.077462,95.3125,599.10
1957,0.064805,96.8750,504.38
1958,0.026787,100.0000,617.34
1959,0.024308,100.0000,497.13
1960,0.021509,100.0000,607.15
1961,0.111775,95.3125,497.90
1962,0.013699,100.0000,548.74
1963,0.013902,100.0000,520.35
1964,0.063573,96.8750,498.96
1965,0.020306,100.0000,595.91
1966,0.050519,98.4375,498.69
1967,0.104101,98.4375,498.81
1968,0.108968,93.7500,621.02
1969,0.035194,100.0000,496.32
1970,0.109438,95.3125,543.26
1971,0.035059,98.4375,516.31
1972,0.075402,95.3125,497.79
1973,0.036752,98.4375,616.47
1974,0.043640,98.4375,507.47
1975,0.080582,96.8750,554.18
1976,0.049402,96.8750,545.97
1977,0.041642,98.4375,548.84
1978,0.086680,98.4375,543.76
1979,0.157363,90.6250,501.88
1980,0.023472,100.0000,657.91
1981,0.041539,96.8750,502.10
1982,0.032944,98.4375,643.17
1983,0.009778,100.0000,496.23
1984,0.066242,96.8750,587.92
1985,0.037941,96.8750,497.99
1986,0.047919,98.4375,505.54
1987,0.069205,95.3125,598.68
1988,0.099679,95.3125,503.48
1989,0.049368,98.4375,585.21
1990,0.131418,93.7500,499.96
1991,0.050388,98.4375,580.64
1992,0.019436,100.0000,498.43
1993,0.040035,98.4375,594.16
1994,0.100351,96.8750,500.56
1995,0.053454,98.4375,528.62
1996,0.035533,96.8750,562.73
1997,0.180223,95.3125,507.87
1998,0.103393,96.8750,640.09
1999,0.040601,98.4375,501.74
2000,0.090697,98.4375,635.52
2001,0.072111,95.3125,498.24
2002,0.094810,95.3125,569.66
2003,0.177196,90.6250,499.71
2004,0.014289,100.0000,566.21
2005,0.051511,98.4375,495.88
2006,0.086395,98.4375,498.82
2007,0.103013,96.8750,597.63
2008,0.068999,96.8750,502.33
2009,0.058434,96.8750,644.23
2010,0.095948,95.3125,504.18
2011,0.081889,95.3125,579.37
2012,0.196947,95.3125,501.40
2013,0.109151,95.3125,550.60
2014,0.018862,100.0000,550.86
2015,0.023534,98.4375,534.54
2016,0.053345,98.4375,559.04
2017,0.085084,98.4375,500.54
2018,0.093847,96.8750,596.35
2019,0.112084,98.4375,501.10
2020,0.051006,98.4375,547.62
2021,0.045794,98.4375,549.56
2022,0.065949,96.8750,531.49
2023,0.058275,96.8750,568.60
2024,0.032672,100.0000,503.68
2025,0.035151,96.8750,571.21
2026,0.081641,95.3125,507.47
2027,0.076765,95.3125,545.81
2028,0.038557,98.4375,499.84
2029,0.019125,100.0000,547.70
2030,0.032488,98.4375,568.33
2031,0.015375,100.0000,497.59
2032,0.031180,98.4375,632.92
2033,0.009393,100.0000,501.88
2034,0.028669,98.4375,562.42
2035,0.049593,98.4375,519.46
2036,0.071291,96.8750,556.31
2037,0.051430,98.4375,557.69
2038,0.077492,95.3125,578.00
2039,0.043958,98.4375,514.10
2040,0.072565,95.3125,547.84
2041,0.031577,98.4375,542.21
2042,0.029973,98.4375,507.46
2043,0.033726,100.0000,646.71
2044,0.041120,98.4375,503.73
2045,0.059182,98.4375,627.83
2046,0.020755,100.0000,536.42
2047,0.054075,96.8750,570.49
2048,0.027318,100.0000,529.95
2049,0.075492,95.3125,628.63
2050,0.070859,98.4375,549.54
2051,0.092844,96.8750,580.66
2052,0.165743,95.3125,595.04
2053,0.063267,98.4375,500.15
2054,0.084788,96.8750,500.07
2055,0.020656,98.4375,581.84
2056,0.019990,98.4375,498.60
2057,0.024275,98.4375,591.75
2058,0.065898,98.4375,509.65
2059,0.048585,98.4375,517.81
2060,0.063937,95.3125,597.14
2061,0.031594,98.4375,506.77
2062,0.046670,98.4375,619.49
2063,0.037009,96.8750,501.22
2064,0.016287,100.0000,616.13
2065,0.061756,96.8750,503.72
2066,0.042732,96.8750,565.16
2067,0.056419,98.4375,524.07
2068,0.075124,98.4375,510.41
2069,0.047532,96.8750,644.52
2070,0.039187,98.4375,512.54
2071,0.048328,98.4375,548.96
2072,0.055740,95.3125,554.99
2073,0.194586,93.7500,556.20
2074,0.034251,100.0000,516.50
2075,0.158176,93.7500,562.73
2076,0.069744,96.8750,531.85
2077,0.139237,93.7500,517.94
2078,0.017546,100.0000,609.23
2079,0.025339,98.4375,505.59
2080,0.098213,95.3125,608.45
2081,0.097964,95.3125,505.66
2082,0.051863,98.4375,646.05
2083,0.053503,98.4375,514.55
2084,0.012415,100.0000,601.24
2085,0.080534,96.8750,499.90
2086,0.054525,98.4375,571.30
2087,0.013585,100.0000,497.54
2088,0.042004,96.8750,511.14
2089,0.041793,100.0000,638.39
2090,0.063127,95.3125,507.83
2091,0.053353,98.4375,653.14
2092,0.043788,100.0000,506.78
2093,0.028946,100.0000,570.66
2094,0.030112,98.4375,508.81
2095,0.051891,96.8750,511.75
2096,0.044007,98.4375,612.32
2097,0.041167,98.4375,506.63
2098,0.014630,100.0000,608.18
2099,0.070466,96.8750,513.07
2100,0.148044,95.3125,511.40
2101,0.071518,96.8750,610.01
2102,0.101430,95.3125,507.16
2103,0.056990,96.8750,602.23
2104,0.016097,100.0000,503.03
2105,0.083468,95.3125,585.48
2106,0.019459,100.0000,504.63
2107,0.026544,100.0000,587.84
2108,0.106624,93.7500,523.56
2109,0.035001,100.0000,568.37
2110,0.066078,98.4375,504.04
2111,0.058651,96.8750,537.65
2112,0.030011,100.0000,562.34
2113,0.055804,96.8750,551.48
2114,0.063352,96.8750,518.33
2115,0.033696,98.4375,565.48
2116,0.055951,96.8750,505.53
2117,0.087137,96.8750,547.28
2118,0.039365,98.4375,529.58
2119,0.035605,100.0000,498.36
2120,0.056327,98.4375,640.28
2121,0.033548,98.4375,500.31
2122,0.077258,96.8750,559.97
2123,0.035139,98.4375,516.36
2124,0.058778,98.4375,550.44
2125,0.069511,98.4375,540.16
2126,0.036936,100.0000,498.76
2127,0.103678,93.7500,617.97
2128,0.088796,96.8750,497.36
2129,0.037580,98.4375,559.75
2130,0.071839,98.4375,500.97
2131,0.038128,98.4375,501.03
2132,0.104671,95.3125,602.67
2133,0.093429,96.8750,495.74
2134,0.043658,100.0000,555.56
2135,0.051600,98.4375,500.54
2136,0.017214,100.0000,521.75
2137,0.036097,98.4375,574.09
2138,0.052987,98.4375,548.25
2139,0.038184,98.4375,540.77
2140,0.055728,96.8750,504.72
2141,0.123553,95.3125,586.65
2142,0.083084,95.3125,500.58
2143,0.013608,100.0000,586.04
2144,0.087124,96.8750,501.20
2145,0.024493,100.0000,506.20
2146,0.034244,100.0000,608.32
2147,0.105419,96.8750,497.86
2148,0.053741,98.4375,649.23
2149,0.088707,95.3125,496.12
2150,0.075660,95.3125,644.42
2151,0.110418,95.3125,502.02
2152,0.038588,98.4375,562.96
2153,0.091848,95.3125,502.73
2154,0.081452,95.3125,559.57
2155,0.069807,98.4375,504.55
2156,0.053120,98.4375,557.28
2157,0.021044,98.4375,520.99
2158,0.098128,96.8750,585.10
2159,0.027944,100.0000,502.79
2160,0.054131,96.8750,578.09
2161,0.071488,98.4375,497.45
2162,0.061728,96.8750,508.04
2163,0.055350,96.8750,604.24
2164,0.014393,100.0000,499.55
2165,0.039605,98.4375,662.09
2166,0.009531,100.0000,503.42
2167,0.040128,98.4375,610.99
2168,0.037841,98.4375,500.62
2169,0.023299,100.0000,569.50
2170,0.014390,100.0000,496.87
2171,0.025566,100.0000,511.77
2172,0.070892,96.8750,597.57
2173,0.079326,96.8750,532.23
2174,0.094958,96.8750,565.51
2175,0.049505,96.8750,500.20
2176,0.057421,96.8750,651.47
2177,0.038916,98.4375,499.65
2178,0.060813,96.8750,546.68
2179,0.039995,100.0000,546.98
2180,0.052379,98.4375,556.84
2181,0.024842,98.4375,512.04
2182,0.020054,100.0000,500.08
2183,0.035115,98.4375,609.22
2184,0.056727,98.4375,503.18
2185,0.071910,96.8750,588.33
2186,0.080223,95.3125,498.49
2187,0.021889,100.0000,496.51
2188,0.044363,98.4375,642.68
2189,0.033574,98.4375,497.36
2190,0.038484,100.0000,590.70
2191,0.095974,95.3125,502.65
2192,0.098379,95.3125,646.06
2193,0.138899,96.8750,504.76
2194,0.132425,95.3125,579.68
2195,0.031365,98.4375,495.65
2196,0.120803,95.3125,519.99
2197,0.039469,98.4375,582.34
2198,0.021641,98.4375,546.73
2199,0.087414,93.7500,549.96
2200,0.140813,93.7500,551.56
2201,0.110170,95.3125,549.95
2202,0.075299,96.8750,546.85
2203,0.065025,98.4375,528.79
2204,0.018208,100.0000,533.03
2205,0.018950,100.0000,562.11
2206,0.020289,100.0000,553.71
2207,0.085739,96.8750,543.69
2208,0.033576,100.0000,547.99
2209,0.080744,95.3125,510.43
2210,0.064915,98.4375,496.61
2211,0.053911,96.8750,638.88
2212,0.086240,98.4375,499.09
2213,0.018397,100.0000,547.64
2214,0.091582,96.8750,551.10
2215,0.095575,95.3125,544.91
2216,0.041313,98.4375,550.86
2217,0.122440,96.8750,550.73
2218,0.013967,100.0000,525.13
2219,0.100694,95.3125,501.57
2220,0.061080,98.4375,628.70
2221,0.049823,98.4375,501.81
2222,0.077086,96.8750,632.34
2223,0.026100,100.0000,498.43
2224,0.050633,98.4375,499.14
2225,0.019271,100.0000,602.37
2226,0.054631,98.4375,497.55
2227,0.034397,98.4375,543.86
2228,0.016218,100.0000,523.37
2229,0.083752,96.8750,554.44
2230,0.060330,98.4375,508.12
2231,0.099222,96.8750,500.38
2232,0.046058,98.4375,599.53
2233,0.060002,96.8750,548.44
2234,0.005955,100.0000,537.41
2235,0.109102,96.8750,569.72
2236,0.067357,96.8750,500.25
2237,0.029701,98.4375,570.23
2238,0.102862,95.3125,518.57
2239,0.102885,98.4375,585.75
2240,0.060916,95.3125,504.76
2241,0.094858,96.8750,497.29
2242,0.029137,100.0000,601.10
2243,0.035596,98.4375,497.65
2244,0.058188,96.8750,565.87
2245,0.090276,95.3125,495.00
2246,0.103361,95.3125,499.05
2247,0.070162,95.3125,616.18
2248,0.032695,98.4375,498.51
2249,0.052299,98.4375,532.07
2250,0.037754,98.4375,533.61
2251,0.138323,92.1875,495.61
2252,0.074837,96.8750,629.82
2253,0.015851,100.0000,500.35
2254,0.029237,100.0000,550.14
2255,0.033772,100.0000,526.35
2256,0.066742,95.3125,562.15
2257,0.037935,96.8750,498.25
2258,0.010362,100.0000,500.27
2259,0.023080,100.0000,593.18
2260,0.039557,96.8750,497.20
2261,0.023504,98.4375,552.92
2262,0.038140,100.0000,537.25
2263,0.028368,100.0000,521.56
2264,0.044051,98.4375,570.04
2265,0.039734,98.4375,499.64
2266,0.065196,98.4375,592.92
2267,0.117856,95.3125,505.97
2268,0.022145,98.4375,596.59
2269,0.096826,93.7500,509.11
2270,0.036879,98.4375,549.03
2271,0.066436,98.4375,565.98
2272,0.031183,100.0000,500.96
2273,0.084955,95.3125,582.34
2274,0.032605,98.4375,499.34
2275,0.047941,98.4375,589.08
2276,0.021321,98.4375,505.78
2277,0.105918,96.8750,615.28
2278,0.105400,96.8750,501.94
2279,0.022971,98.4375,613.50
2280,0.051874,98.4375,498.94
2281,0.023767,98.4375,592.39
2282,0.086873,96.8750,498.37
2283,0.076517,96.8750,600.51
2284,0.031291,100.0000,498.88
2285,0.046009,98.4375,578.82
2286,0.051467,98.4375,506.56
2287,0.010713,100.0000,496.74
2288,0.042526,98.4375,621.34
2289,0.074996,98.4375,501.59
2290,0.035284,98.4375,563.35
2291,0.096783,95.3125,500.53
2292,0.089071,95.3125,545.63
2293,0.101376,96.8750,529.58
2294,0.054441,98.4375,497.15
2295,0.149815,93.7500,654.29
2296,0.069523,96.8750,502.27
2297,0.056499,96.8750,518.20
2298,0.080571,95.3125,592.66
2299,0.035446,100.0000,496.22
2300,0.014306,100.0000,568.59
2301,0.066561,98.4375,501.35
2302,0.031777,100.0000,510.16
2303,0.046138,98.4375,582.70
2304,0.004624,100.0000,568.27
2305,0.034562,98.4375,517.04
2306,0.012093,100.0000,499.83
2307,0.067675,98.4375,655.13
2308,0.040245,100.0000,496.45
2309,0.097342,96.8750,514.50
2310,0.052907,96.8750,594.06
2311,0.039219,100.0000,551.70
2312,0.068772,96.8750,541.77
2313,0.069325,96.8750,541.07
2314,0.017120,100.0000,558.94
2315,0.012172,100.0000,499.11
2316,0.075483,96.8750,664.01
2317,0.055581,96.8750,497.89
2318,0.116517,95.3125,581.37
2319,0.118990,95.3125,505.94
2320,0.015184,100.0000,518.84
2321,0.077463,95.3125,600.27
2322,0.012158,100.0000,503.23
2323,0.003367,100.0000,568.89
2324,0.116920,95.3125,499.29
2325,0.033102,100.0000,600.86
2326,0.075903,96.8750,498.18
2327,0.048856,96.8750,504.08
2328,0.112533,95.3125,646.86
2329,0.080767,95.3125,500.85
2330,0.092256,95.3125,589.05
2331,0.048852,96.8750,497.04
2332,0.018305,100.0000,557.37
2333,0.082500,96.8750,498.74
2334,0.041215,98.4375,568.69
2335,0.024813,100.0000,500.25
2336,0.066348,98.4375,545.77
2337,0.076557,96.8750,523.11
2338,0.008663,100.0000,536.70
2339,0.029301,98.4375,566.69
2340,0.124081,95.3125,569.10
2341,0.156788,95.3125,521.99
2342,0.077945,96.8750,502.64
2343,0.041899,98.4375,638.98
2344,0.045320,98.4375,499.64
2345,0.104701,96.8750,587.17
2346,0.030795,98.4375,499.97
2347,0.033015,100.0000,597.59
2348,0.048927,98.4375,493.22
2349,0.080883,98.4375,492.70
2350,0.063382,96.8750,627.80
2351,0.023700,98.4375,507.63
2352,0.030339,98.4375,594.21
2353,0.023524,98.4375,502.64
2354,0.043303,96.8750,500.16
2355,0.067593,96.8750,598.26
2356,0.052247,96.8750,500.24
2357,0.065216,96.8750,600.94
2358,0.007511,100.0000,499.06
2359,0.086066,96.8750,639.29
2360,0.046500,100.0000,501.63
2361,0.037867,98.4375,538.60
2362,0.057088,95.3125,533.69
2363,0.021738,100.0000,516.08
2364,0.022720,100.0000,578.84
2365,0.137129,93.7500,511.10
2366,0.052396,96.8750,605.45
2367,0.032019,98.4375,501.41
2368,0.023987,100.0000,613.56
2369,0.047904,96.8750,499.29
2370,0.047548,98.4375,652.46
2371,0.078221,96.8750,506.74
2372,0.117614,96.8750,612.98
2373,0.076141,95.3125,504.32
2374,0.072134,96.8750,591.66
2375,0.028399,98.4375,507.07
2376,0.076103,96.8750,581.64
2377,0.071114,96.8750,506.61
2378,0.177335,92.1875,590.77
2379,0.109501,96.8750,503.07
2380,0.046554,98.4375,573.72
2381,0.033492,100.0000,500.33
2382,0.081855,95.3125,552.44
2383,0.052795,98.4375,558.42
2384,0.067607,96.8750,518.30
2385,0.109088,95.3125,586.68
2386,0.064214,96.8750,514.63
2387,0.042531,98.4375,585.48
2388,0.091107,95.3125,500.68
2389,0.018072,100.0000,627.87
2390,0.063893,96.8750,505.87
2391,0.050929,96.8750,557.75
2392,0.026698,100.0000,499.11
2393,0.046481,98.4375,499.05
2394,0.052871,98.4375,653.32
2395,0.101714,95.3125,513.79
2396,0.074550,98.4375,576.92
2397,0.044333,96.8750,502.49
2398,0.014255,100.0000,629.03
2399,0.063507,96.8750,501.18
2400,0.093202,96.8750,519.66
2401,0.007449,100.0000,588.09
2402,0.015338,100.0000,509.12
2403,0.047732,98.4375,611.37
2404,0.044724,96.8750,524.05
2405,0.035281,98.4375,572.17
2406,0.022869,100.0000,561.12
2407,0.087664,95.3125,501.00
2408,0.062134,96.8750,504.20
2409,0.052553,96.8750,609.53
2410,0.023780,98.4375,494.92
2411,0.101258,95.3125,603.45
2412,0.026430,98.4375,498.76
2413,0.076630,95.3125,596.76
2414,0.050265,98.4375,506.24
2415,0.068082,98.4375,572.21
2416,0.058645,96.8750,499.53
2417,0.009328,100.0000,498.40
2418,0.027477,98.4375,658.44
2419,0.054974,98.4375,499.17
2420,0.052072,98.4375,563.55
2421,0.022239,98.4375,518.15
2422,0.055743,96.8750,568.14
2423,0.018151,100.0000,504.33
2424,0.036402,98.4375,501.11
2425,0.031621,98.4375,636.43
2426,0.110749,96.8750,505.73
2427,0.016293,100.0000,564.91
2428,0.030652,96.8750,504.28
2429,0.094903,96.8750,500.35
2430,0.068016,96.8750,659.24
2431,0.055875,98.4375,496.61
2432,0.054471,96.8750,565.07
2433,0.052952,96.8750,499.52
2434,0.110257,98.4375,566.26
2435,0.079441,96.8750,505.06
2436,0.084997,96.8750,514.45
2437,0.015744,100.0000,589.90
2438,0.028236,98.4375,502.68
2439,0.027982,100.0000,568.50
2440,0.203408,92.1875,495.68
2441,0.031287,100.0000,500.51
2442,0.064763,96.8750,637.76
2443,0.015662,100.0000,517.90
2444,0.024605,98.4375,594.09
2445,0.090323,96.8750,505.42
2446,0.066180,96.8750,630.74
2447,0.027989,100.0000,497.09
2448,0.060510,96.8750,526.84
2449,0.014811,100.0000,569.96
2450,0.024175,100.0000,517.07
2451,0.035544,98.4375,591.87
2452,0.025713,98.4375,538.00
2453,0.012373,100.0000,539.82
2454,0.054083,96.8750,565.75
2455,0.060175,96.8750,501.06
2456,0.012472,100.0000,570.96
2457,0.135913,95.3125,506.04
2458,0.005053,100.0000,588.27
2459,0.018508,100.0000,509.58
2460,0.016354,100.0000,582.63
2461,0.032788,100.0000,503.12
2462,0.020542,98.4375,501.68
2463,0.046431,100.0000,624.72
2464,0.005562,100.0000,497.96
2465,0.095183,96.8750,558.59
2466,0.033458,100.0000,503.34
2467,0.013745,100.0000,502.53
2468,0.028135,98.4375,633.07
2469,0.022666,100.0000,500.83
2470,0.071273,98.4375,589.02
2471,0.017974,100.0000,503.17
2472,0.014475,100.0000,595.86
2473,0.091956,96.8750,499.37
2474,0.053567,96.8750,572.94
2475,0.058306,98.4375,501.64
2476,0.088725,96.8750,560.00
2477,0.043600,98.4375,498.18
2478,0.091320,96.8750,574.28
2479,0.109248,96.8750,498.97
2480,0.129973,96.8750,595.48
2481,0.022583,100.0000,500.62
2482,0.073499,98.4375,568.44
2483,0.120184,96.8750,502.99
2484,0.036249,98.4375,494.41
2485,0.064785,96.8750,626.11
2486,0.078516,95.3125,499.81
2487,0.010141,100.0000,644.23
2488,0.014127,100.0000,507.71
2489,0.049686,98.4375,554.43
2490,0.015029,100.0000,531.39
2491,0.030375,100.0000,547.89
2492,0.095853,96.8750,551.31
2493,0.023373,98.4375,529.27
2494,0.082097,96.8750,572.26
2495,0.027571,100.0000,563.79
2496,0.036142,98.4375,516.82
2497,0.059742,98.4375,545.18
2498,0.058499,95.3125,532.98
2499,0.067190,98.4375,537.64
2500,0.026143,98.4375,552.45
2501,0.036338,98.4375,497.60
2502,0.036809,98.4375,599.20
2503,0.017833,100.0000,499.00
2504,0.049803,98.4375,635.69
2505,0.067606,98.4375,497.63
2506,0.068186,98.4375,631.85
2507,0.023823,100.0000,499.65
2508,0.085797,96.8750,547.04
2509,0.032282,98.4375,549.54
2510,0.050238,96.8750,504.41
2511,0.032878,98.4375,584.42
2512,0.023275,100.0000,498.93
2513,0.099324,96.8750,502.05
2514,0.023163,100.0000,652.14
2515,0.032899,98.4375,506.00
2516,0.019488,100.0000,591.49
2517,0.004547,100.0000,501.30
2518,0.068268,95.3125,559.74
2519,0.044669,98.4375,514.71
2520,0.058915,98.4375,501.22
2521,0.046082,98.4375,609.52
2522,0.021978,98.4375,499.88
2523,0.033686,98.4375,645.48
2524,0.123365,92.1875,503.11
2525,0.043585,100.0000,573.48
2526,0.034954,100.0000,496.71
2527,0.091147,95.3125,580.03
2528,0.033919,98.4375,499.10
2529,0.062903,95.3125,565.50
2530,0.051041,96.8750,514.83
2531,0.045721,96.8750,506.09
2532,0.035201,98.4375,588.31
2533,0.034595,100.0000,499.73
2534,0.028644,100.0000,576.11
2535,0.036796,100.0000,503.32
2536,0.033011,100.0000,567.42
2537,0.045614,100.0000,505.14
2538,0.095755,96.8750,559.07
2539,0.049565,98.4375,498.53
2540,0.076171,95.3125,569.89
2541,0.006688,100.0000,493.94
2542,0.022288,100.0000,501.65
2543,0.022450,100.0000,610.74
2544,0.037424,98.4375,498.69
2545,0.023484,100.0000,560.59
2546,0.123994,93.7500,503.04
2547,0.049096,98.4375,507.13
2548,0.017562,98.4375,639.57
2549,0.041328,96.8750,496.36
2550,0.010307,100.0000,622.64
2551,0.073992,95.3125,501.50
2552,0.018185,100.0000,650.68
2553,0.059023,98.4375,513.90
2554,0.061471,98.4375,592.74
2555,0.043057,98.4375,547.80
2556,0.016932,100.0000,555.84
2557,0.121415,95.3125,518.97
2558,0.103557,92.1875,596.18
2559,0.075274,96.8750,541.64
2560,0.055700,96.8750,568.24
2561,0.009669,100.0000,560.57
2562,0.029065,98.4375,528.88
2563,0.091620,98.4375,497.70
2564,0.026709,98.4375,573.57
2565,0.032798,98.4375,503.79
2566,0.070813,96.8750,593.20
2567,0.063118,96.8750,500.72
2568,0.083868,95.3125,517.71
2569,0.098545,93.7500,590.85
2570,0.285334,87.5000,106.82
