batch_idx,loss,accuracy,time_ms
1,0.043051,98.4375,522.30
2,0.065367,98.4375,580.02
3,0.055389,96.8750,522.79
4,0.068984,98.4375,579.35
5,0.110508,95.3125,524.11
6,0.042690,98.4375,615.89
7,0.082229,95.3125,519.14
8,0.094451,95.3125,665.90
9,0.076665,96.8750,517.79
10,0.093807,95.3125,641.43
11,0.027624,100.0000,520.95
12,0.085156,95.3125,632.15
13,0.052306,96.8750,519.45
14,0.022140,100.0000,603.39
15,0.004915,100.0000,523.84
16,0.083942,95.3125,614.46
17,0.064419,98.4375,550.83
18,0.025369,100.0000,619.64
19,0.114014,95.3125,521.45
20,0.130042,93.7500,618.31
21,0.189586,93.7500,525.21
22,0.028757,100.0000,620.18
23,0.017013,100.0000,535.04
24,0.115323,92.1875,617.65
25,0.013684,100.0000,519.88
26,0.011768,100.0000,606.69
27,0.022468,98.4375,528.66
28,0.034043,98.4375,565.81
29,0.072938,96.8750,550.37
30,0.075562,96.8750,588.53
31,0.035879,98.4375,521.31
32,0.107184,98.4375,516.44
33,0.087481,93.7500,628.91
34,0.040477,98.4375,544.13
35,0.100799,95.3125,617.70
36,0.026418,100.0000,587.00
37,0.087247,96.8750,523.46
38,0.060276,96.8750,585.36
39,0.082446,96.8750,535.17
40,0.021706,98.4375,594.79
41,0.086764,93.7500,526.69
42,0.041240,98.4375,544.49
43,0.111314,95.3125,583.57
44,0.044097,98.4375,523.52
45,0.065743,98.4375,678.71
46,0.102096,95.3125,522.95
47,0.116941,95.3125,618.96
48,0.078866,95.3125,521.99
49,0.113962,95.3125,574.50
50,0.065477,98.4375,563.97
51,0.044724,98.4375,566.73
52,0.066394,96.8750,565.09
53,0.118108,93.7500,527.49
54,0.105576,93.7500,650.84
55,0.090374,95.3125,519.33
56,0.058574,98.4375,586.76
57,0.062444,98.4375,523.46
58,0.028403,100.0000,588.39
59,0.045109,98.4375,546.91
60,0.086750,95.3125,515.37
61,0.029826,100.0000,628.80
62,0.078534,96.8750,498.51
63,0.015435,100.0000,593.62
64,0.058894,98.4375,507.10
65,0.028662,98.4375,545.73
66,0.024513,100.0000,546.75
67,0.077298,96.8750,507.49
68,0.054787,98.4375,607.78
69,0.023217,100.0000,498.98
70,0.046574,98.4375,601.12
71,0.028224,98.4375,499.63
72,0.020723,100.0000,587.09
73,0.142186,95.3125,501.78
74,0.022844,100.0000,519.95
75,0.020895,100.0000,593.50
76,0.101253,96.8750,523.54
77,0.058996,96.8750,601.98
78,0.139592,95.3125,517.97
79,0.084011,96.8750,598.27
80,0.090778,96.8750,503.83
81,0.073164,98.4375,562.83
82,0.086581,93.7500,502.98
83,0.086329,95.3125,508.54
84,0.042774,98.4375,624.59
85,0.085081,95.3125,502.60
86,0.124807,96.8750,587.42
87,0.039847,98.4375,503.72
88,0.016479,100.0000,565.22
89,0.012357,100.0000,508.14
90,0.035334,100.0000,513.24
91,0.055496,96.8750,634.71
92,0.004720,100.0000,508.63
93,0.058355,98.4375,585.36
94,0.038610,98.4375,510.01
95,0.039168,98.4375,555.87
96,0.041620,98.4375,531.72
97,0.089228,95.3125,560.11
98,0.088684,95.3125,501.96
99,0.025983,100.0000,510.81
100,0.011427,100.0000,610.50
101,0.046449,98.4375,507.55
102,0.023945,98.4375,657.45
103,0.139465,95.3125,502.94
104,0.074982,95.3125,610.02
105,0.019312,98.4375,507.07
106,0.031768,98.4375,657.65
107,0.059801,96.8750,502.55
108,0.031026,100.0000,568.94
109,0.072947,95.3125,497.71
110,0.093994,96.8750,594.56
111,0.102262,95.3125,525.77
112,0.079178,96.8750,584.43
113,0.064443,96.8750,505.09
114,0.050418,96.8750,558.77
115,0.071446,96.8750,512.96
116,0.117058,95.3125,586.42
117,0.030859,100.0000,521.87
118,0.126893,93.7500,557.92
119,0.084428,96.8750,522.07
120,0.058217,96.8750,497.41
121,0.022882,98.4375,593.28
122,0.062803,96.8750,498.25
123,0.024757,98.4375,550.51
124,0.081355,95.3125,561.42
125,0.077176,96.8750,510.44
126,0.068565,96.8750,592.59
127,0.065433,98.4375,505.06
128,0.074183,96.8750,500.56
129,0.084282,96.8750,645.66
130,0.092162,95.3125,509.07
131,0.075663,96.8750,640.27
132,0.053698,98.4375,505.92
133,0.021914,100.0000,610.06
134,0.030636,98.4375,500.93
135,0.120934,95.3125,564.60
136,0.077419,96.8750,512.74
137,0.116461,95.3125,502.72
138,0.169784,93.7500,611.28
139,0.046798,96.8750,505.50
140,0.036250,98.4375,643.99
141,0.062103,96.8750,501.59
142,0.064161,98.4375,637.07
143,0.010348,100.0000,504.20
144,0.002354,100.0000,654.82
145,0.135447,95.3125,499.68
146,0.048405,98.4375,579.80
147,0.075170,95.3125,500.23
148,0.074022,96.8750,589.49
149,0.090718,95.3125,497.97
150,0.117253,95.3125,559.22
151,0.104153,96.8750,518.90
152,0.069630,98.4375,554.36
153,0.059874,96.8750,550.63
154,0.088052,96.8750,502.27
155,0.035390,98.4375,617.42
156,0.083725,95.3125,507.70
157,0.064395,96.8750,648.39
158,0.038534,98.4375,495.12
159,0.042408,98.4375,538.81
160,0.071862,96.8750,551.69
161,0.062316,96.8750,501.83
162,0.063369,96.8750,641.89
163,0.084896,96.8750,516.66
164,0.028553,98.4375,605.34
165,0.043494,96.8750,503.79
166,0.035696,98.4375,567.69
167,0.167232,93.7500,501.75
168,0.075791,98.4375,501.47
169,0.008740,100.0000,647.97
170,0.165901,93.7500,498.25
171,0.085410,96.8750,546.99
172,0.011149,100.0000,527.31
173,0.068449,96.8750,499.58
174,0.114151,96.8750,627.58
175,0.025318,98.4375,503.00
176,0.020917,98.4375,624.73
177,0.072834,98.4375,504.38
178,0.125081,95.3125,639.25
179,0.076826,95.3125,503.81
180,0.080577,95.3125,524.97
181,0.017973,100.0000,570.98
182,0.089762,96.8750,561.79
183,0.054669,98.4375,528.32
184,0.099416,96.8750,501.38
185,0.035483,98.4375,640.72
186,0.043139,100.0000,502.05
187,0.154397,93.7500,621.79
188,0.085911,95.3125,507.27
189,0.015315,100.0000,503.20
190,0.134989,96.8750,606.23
191,0.044721,98.4375,498.36
192,0.310201,90.6250,561.40
193,0.015952,100.0000,494.79
194,0.048055,98.4375,524.74
195,0.063856,98.4375,566.90
196,0.087319,96.8750,501.99
197,0.075741,98.4375,596.88
198,0.067372,96.8750,506.45
199,0.186105,95.3125,582.07
200,0.051382,96.8750,503.93
201,0.100477,95.3125,556.69
202,0.014309,100.0000,524.65
203,0.045846,98.4375,502.52
204,0.085370,96.8750,601.36
205,0.094377,95.3125,505.96
206,0.041091,96.8750,590.43
207,0.054857,96.8750,503.81
208,0.067782,96.8750,560.59
209,0.078439,96.8750,545.15
210,0.103924,95.3125,500.41
211,0.151539,95.3125,636.85
212,0.075072,96.8750,501.33
213,0.069245,98.4375,607.50
214,0.012418,100.0000,504.07
215,0.077681,96.8750,575.80
216,0.031409,100.0000,503.86
217,0.090040,93.7500,500.69
218,0.049916,98.4375,591.25
219,0.015911,100.0000,501.10
220,0.029331,98.4375,507.87
221,0.024707,98.4375,604.38
222,0.113688,96.8750,509.31
223,0.066774,96.8750,592.45
224,0.045130,98.4375,496.15
225,0.053121,98.4375,650.61
226,0.066416,96.8750,496.12
227,0.067016,96.8750,586.97
228,0.080933,95.3125,498.20
229,0.043055,98.4375,568.06
230,0.021033,98.4375,518.14
231,0.037210,98.4375,524.50
232,0.082827,96.8750,558.84
233,0.052889,98.4375,499.41
234,0.026999,98.4375,613.78
235,0.038116,98.4375,553.56
236,0.083491,96.8750,562.09
237,0.104579,95.3125,543.72
238,0.128424,92.1875,535.67
239,0.051773,96.8750,497.33
240,0.042879,98.4375,669.54
241,0.094616,98.4375,498.73
242,0.087897,98.4375,560.42
243,0.060142,96.8750,500.63
244,0.040673,98.4375,502.09
245,0.077986,96.8750,645.94
246,0.080004,96.8750,493.49
247,0.106916,95.3125,597.99
248,0.062143,98.4375,498.19
249,0.050538,98.4375,626.91
250,0.033869,98.4375,499.73
251,0.045132,96.8750,574.07
252,0.054504,96.8750,500.50
253,0.088041,95.3125,513.78
254,0.074278,98.4375,596.80
255,0.129257,93.7500,535.21
256,0.161380,92.1875,564.28
257,0.034270,98.4375,504.62
258,0.027764,100.0000,628.01
259,0.057682,96.8750,501.08
260,0.053867,96.8750,618.82
261,0.018037,100.0000,525.60
262,0.031800,100.0000,582.85
263,0.028921,100.0000,519.87
264,0.176343,95.3125,592.11
265,0.054078,98.4375,505.95
266,0.017438,100.0000,602.72
267,0.039730,98.4375,508.72
268,0.060282,96.8750,497.90
269,0.042060,98.4375,628.22
270,0.025210,98.4375,495.15
271,0.062188,98.4375,563.53
272,0.032626,98.4375,557.82
273,0.051322,98.4375,500.97
274,0.082819,96.8750,603.57
275,0.021775,100.0000,496.77
276,0.034496,98.4375,657.69
277,0.081120,96.8750,502.47
278,0.053922,100.0000,610.28
279,0.055055,98.4375,505.58
280,0.099059,96.8750,622.44
281,0.273624,90.6250,500.95
282,0.192963,96.8750,587.33
283,0.080346,98.4375,522.18
284,0.069915,96.8750,555.47
285,0.076126,96.8750,496.06
286,0.069740,96.8750,499.52
287,0.021296,98.4375,662.53
288,0.063073,98.4375,498.59
289,0.121772,95.3125,602.38
290,0.042902,98.4375,521.48
291,0.060786,96.8750,598.14
292,0.063111,96.8750,504.13
293,0.066192,98.4375,604.36
294,0.070753,95.3125,506.47
295,0.032127,100.0000,638.69
296,0.032313,98.4375,507.27
297,0.051264,96.8750,633.28
298,0.046477,96.8750,501.05
299,0.075708,95.3125,602.04
300,0.043371,98.4375,504.66
301,0.075539,96.8750,561.45
302,0.060818,96.8750,499.29
303,0.066094,98.4375,501.26
304,0.049035,100.0000,614.12
305,0.162194,95.3125,503.68
306,0.104912,96.8750,529.55
307,0.018869,100.0000,566.95
308,0.126133,93.7500,515.80
309,0.050353,98.4375,604.64
310,0.036352,98.4375,502.75
311,0.028326,100.0000,608.64
312,0.056747,96.8750,504.12
313,0.141047,95.3125,543.39
314,0.028525,100.0000,548.19
315,0.109824,93.7500,502.04
316,0.080877,95.3125,663.40
317,0.030961,100.0000,499.71
318,0.046879,98.4375,564.66
319,0.068777,96.8750,498.02
320,0.062554,100.0000,569.54
321,0.036964,96.8750,515.71
322,0.122545,96.8750,504.99
323,0.068709,96.8750,656.49
324,0.093612,95.3125,500.11
325,0.016877,100.0000,559.30
326,0.036714,100.0000,503.28
327,0.085731,96.8750,504.60
328,0.060552,96.8750,620.02
329,0.056229,98.4375,501.85
330,0.107652,95.3125,558.44
331,0.028646,98.4375,500.06
332,0.035861,98.4375,521.74
333,0.066422,96.8750,602.50
334,0.104256,95.3125,499.58
335,0.167581,95.3125,609.43
336,0.055823,98.4375,501.01
337,0.051049,98.4375,561.99
338,0.012085,100.0000,510.34
339,0.032194,100.0000,544.30
340,0.112343,95.3125,550.47
341,0.126551,96.8750,545.36
342,0.090674,96.8750,551.79
343,0.133629,93.7500,496.53
344,0.037638,98.4375,575.00
345,0.047213,98.4375,499.61
346,0.056901,98.4375,539.60
347,0.066849,96.8750,530.57
348,0.049654,98.4375,494.89
349,0.008443,100.0000,612.26
350,0.087918,96.8750,498.55
351,0.093344,96.8750,592.63
352,0.045318,96.8750,502.09
353,0.077469,95.3125,504.38
354,0.062925,96.8750,603.80
355,0.018342,100.0000,525.93
356,0.038379,98.4375,561.27
357,0.140605,95.3125,505.28
358,0.085314,95.3125,626.21
359,0.025249,100.0000,496.78
360,0.036036,98.4375,546.64
361,0.125042,95.3125,519.54
362,0.073781,98.4375,528.08
363,0.072199,98.4375,596.61
364,0.050840,98.4375,509.98
365,0.071268,96.8750,622.40
366,0.022944,100.0000,504.75
367,0.036135,98.4375,562.32
368,0.015373,100.0000,502.49
369,0.118663,95.3125,571.73
370,0.088874,96.8750,500.55
371,0.058137,98.4375,573.24
372,0.055829,98.4375,500.94
373,0.119066,95.3125,551.22
374,0.026909,98.4375,528.63
375,0.061088,98.4375,560.18
376,0.028288,98.4375,513.04
377,0.009800,100.0000,552.78
378,0.042873,96.8750,552.35
379,0.032108,98.4375,500.18
380,0.056935,98.4375,580.89
381,0.019533,100.0000,509.19
382,0.018598,100.0000,565.66
383,0.039469,98.4375,521.93
384,0.022698,100.0000,505.80
385,0.083302,96.8750,584.57
386,0.031732,100.0000,511.03
387,0.107760,92.1875,553.45
388,0.103886,95.3125,532.23
389,0.033346,98.4375,499.84
390,0.106738,93.7500,679.61
391,0.108686,96.8750,498.91
392,0.035501,98.4375,573.42
393,0.173091,93.7500,498.78
394,0.069026,96.8750,578.28
395,0.043407,98.4375,498.81
396,0.059398,96.8750,543.08
397,0.148157,93.7500,547.73
398,0.003378,100.0000,500.92
399,0.063312,96.8750,643.96
400,0.030824,98.4375,499.09
401,0.058894,96.8750,632.58
402,0.016309,100.0000,499.09
403,0.022618,100.0000,533.93
404,0.078131,96.8750,566.31
405,0.085201,95.3125,502.18
406,0.059893,98.4375,657.08
407,0.022524,100.0000,494.69
408,0.052624,98.4375,543.26
409,0.045097,98.4375,534.81
410,0.056317,98.4375,508.77
411,0.030765,98.4375,603.57
412,0.038188,98.4375,502.19
413,0.050037,96.8750,644.69
414,0.128603,98.4375,503.60
415,0.091604,95.3125,658.09
416,0.023432,100.0000,499.22
417,0.204647,95.3125,577.71
418,0.028951,100.0000,505.08
419,0.030269,100.0000,508.05
420,0.019729,100.0000,598.29
421,0.125504,92.1875,499.18
422,0.068048,98.4375,616.01
423,0.036403,98.4375,525.27
424,0.060586,96.8750,576.18
425,0.113993,92.1875,498.77
426,0.093550,95.3125,614.05
427,0.036538,98.4375,497.97
428,0.066797,98.4375,614.69
429,0.048561,96.8750,495.33
430,0.139849,95.3125,612.20
431,0.051465,98.4375,501.09
432,0.022477,100.0000,635.03
433,0.038945,96.8750,501.56
434,0.061609,98.4375,565.06
435,0.068169,96.8750,521.55
436,0.106554,96.8750,506.24
437,0.071661,96.8750,589.01
438,0.091147,96.8750,494.50
439,0.088229,93.7500,634.73
440,0.055748,100.0000,505.25
441,0.045936,96.8750,553.04
442,0.044264,100.0000,525.76
443,0.047838,100.0000,559.01
444,0.184541,93.7500,500.03
445,0.094753,95.3125,514.31
446,0.026905,98.4375,639.31
447,0.111537,95.3125,503.89
448,0.038816,96.8750,557.39
449,0.098379,95.3125,495.29
450,0.051138,98.4375,499.67
451,0.171386,96.8750,613.95
452,0.049532,98.4375,501.51
453,0.045525,96.8750,595.89
454,0.066042,96.8750,506.36
455,0.059024,98.4375,547.27
456,0.037144,100.0000,545.62
457,0.043901,100.0000,504.25
458,0.062391,98.4375,568.94
459,0.067570,96.8750,509.46
460,0.093779,96.8750,497.97
461,0.034426,98.4375,608.93
462,0.065134,96.8750,495.92
463,0.098983,93.7500,566.77
464,0.015655,100.0000,500.29
465,0.030269,98.4375,511.90
466,0.036101,98.4375,600.39
467,0.040484,98.4375,502.58
468,0.079878,98.4375,656.09
469,0.046066,100.0000,502.48
470,0.078758,96.8750,534.96
471,0.015328,100.0000,561.67
472,0.038217,98.4375,500.97
473,0.048964,96.8750,606.92
474,0.016266,100.0000,504.00
475,0.052146,98.4375,531.95
476,0.052812,98.4375,567.27
477,0.098557,98.4375,502.90
478,0.111834,96.8750,592.92
479,0.045955,98.4375,497.66
480,0.105442,95.3125,529.82
481,0.173117,90.6250,565.92
482,0.044816,98.4375,503.67
483,0.042503,98.4375,601.66
484,0.067528,96.8750,496.01
485,0.062611,95.3125,659.30
486,0.116620,98.4375,499.04
487,0.043118,98.4375,630.91
488,0.104810,95.3125,499.79
489,0.042548,98.4375,577.93
490,0.056293,98.4375,500.92
491,0.030608,100.0000,590.67
492,0.212015,90.6250,504.28
493,0.068607,98.4375,544.64
494,0.090516,96.8750,551.12
495,0.087969,95.3125,522.43
496,0.007394,100.0000,567.94
497,0.108950,95.3125,549.75
498,0.022353,100.0000,527.77
499,0.096688,98.4375,502.22
500,0.039979,98.4375,597.43
501,0.076986,95.3125,500.86
502,0.044037,100.0000,520.26
503,0.115587,95.3125,598.98
504,0.062758,96.8750,544.81
505,0.007696,100.0000,527.53
506,0.045685,98.4375,498.79
507,0.110488,95.3125,607.34
508,0.091476,95.3125,496.88
509,0.036623,98.4375,619.65
510,0.062979,96.8750,499.37
511,0.076140,96.8750,572.73
512,0.046181,98.4375,516.72
513,0.038251,98.4375,582.39
514,0.020226,100.0000,506.26
515,0.070717,96.8750,556.76
516,0.054476,98.4375,503.31
517,0.144345,95.3125,500.32
518,0.105116,96.8750,653.45
519,0.066299,96.8750,497.95
520,0.005891,100.0000,637.61
521,0.053082,96.8750,498.27
522,0.056643,100.0000,546.86
523,0.065241,96.8750,566.22
524,0.041402,98.4375,500.39
525,0.023102,98.4375,586.26
526,0.032109,100.0000,496.90
527,0.174279,93.7500,499.44
528,0.102938,95.3125,647.82
529,0.189940,96.8750,510.95
530,0.060739,96.8750,622.56
531,0.028614,100.0000,503.22
532,0.034988,100.0000,560.06
533,0.081619,96.8750,496.60
534,0.042195,98.4375,551.44
535,0.053320,98.4375,529.08
536,0.129109,96.8750,500.46
537,0.082002,96.8750,579.83
538,0.071765,98.4375,500.75
539,0.010514,100.0000,498.78
540,0.012349,100.0000,620.37
541,0.032316,100.0000,497.62
542,0.058376,98.4375,608.03
543,0.059093,98.4375,501.46
544,0.065431,98.4375,574.74
545,0.008401,100.0000,495.56
546,0.016814,98.4375,503.55
547,0.065296,98.4375,587.83
548,0.047403,96.8750,500.83
549,0.043225,98.4375,535.65
550,0.099326,96.8750,569.05
551,0.122166,93.7500,553.03
552,0.109228,93.7500,533.51
553,0.123423,98.4375,498.95
554,0.095547,96.8750,649.90
555,0.016965,100.0000,506.07
556,0.038840,100.0000,625.79
557,0.040006,100.0000,500.56
558,0.045868,96.8750,594.64
559,0.042643,96.8750,497.21
560,0.009008,100.0000,518.21
561,0.126216,93.7500,566.89
562,0.127902,95.3125,500.99
563,0.016633,100.0000,581.02
564,0.065560,98.4375,501.19
565,0.014688,100.0000,599.87
566,0.103633,96.8750,503.36
567,0.084771,96.8750,500.72
568,0.028220,100.0000,629.47
569,0.097462,95.3125,504.15
570,0.061099,96.8750,576.09
571,0.062856,98.4375,499.05
572,0.118584,98.4375,546.72
573,0.108197,95.3125,529.75
574,0.065840,96.8750,503.36
575,0.076734,96.8750,630.03
576,0.049461,100.0000,499.04
577,0.049282,98.4375,565.15
578,0.029695,100.0000,527.99
579,0.050912,98.4375,498.19
580,0.003574,100.0000,587.84
581,0.026432,100.0000,499.36
582,0.034626,98.4375,543.16
583,0.045744,98.4375,537.30
584,0.041239,98.4375,501.17
585,0.033569,100.0000,569.75
586,0.009768,100.0000,508.82
587,0.043111,98.4375,499.22
588,0.053093,98.4375,649.10
589,0.062564,96.8750,498.73
590,0.013322,100.0000,537.15
591,0.133975,95.3125,558.29
592,0.055236,96.8750,555.52
593,0.056515,98.4375,521.81
594,0.026637,98.4375,532.00
595,0.018914,100.0000,573.38
596,0.012219,100.0000,556.78
597,0.032298,98.4375,546.60
598,0.076747,95.3125,498.43
599,0.085077,96.8750,574.44
600,0.099231,96.8750,504.14
601,0.033577,100.0000,535.35
602,0.109629,95.3125,582.53
603,0.109357,93.7500,504.52
604,0.054522,96.8750,644.36
605,0.092036,98.4375,500.10
606,0.037322,98.4375,621.13
607,0.062366,96.8750,504.25
608,0.038532,98.4375,548.42
609,0.036808,96.8750,532.12
610,0.057463,96.8750,504.50
611,0.106284,95.3125,612.59
612,0.052751,98.4375,504.79
613,0.015732,100.0000,584.30
614,0.033316,100.0000,501.25
615,0.056555,96.8750,565.28
616,0.017206,100.0000,497.60
617,0.009427,100.0000,553.68
618,0.081868,96.8750,534.81
619,0.115903,96.8750,554.60
620,0.052832,98.4375,498.00
621,0.082614,98.4375,499.66
622,0.073799,95.3125,649.30
623,0.023005,100.0000,506.49
624,0.090047,95.3125,580.56
625,0.053239,96.8750,502.14
626,0.077731,95.3125,591.11
627,0.046231,98.4375,505.93
628,0.027021,100.0000,547.33
629,0.033452,98.4375,556.41
630,0.009406,100.0000,504.26
631,0.080804,96.8750,629.81
632,0.042267,98.4375,505.24
633,0.048615,98.4375,590.84
634,0.059119,98.4375,504.16
635,0.064956,96.8750,552.94
636,0.032930,98.4375,543.17
637,0.057637,98.4375,516.85
638,0.007271,100.0000,587.41
639,0.071980,98.4375,555.80
640,0.098860,95.3125,514.59
641,0.005466,100.0000,515.22
642,0.066372,98.4375,587.96
643,0.180572,93.7500,499.15
644,0.125806,96.8750,572.18
645,0.125550,98.4375,498.90
646,0.142023,95.3125,634.39
647,0.098850,95.3125,500.85
648,0.107502,98.4375,528.98
649,0.002272,100.0000,576.71
650,0.012014,100.0000,498.07
651,0.028425,98.4375,565.47
652,0.068088,95.3125,494.53
653,0.027506,98.4375,496.89
654,0.017238,100.0000,598.48
655,0.007779,100.0000,498.43
656,0.029414,100.0000,497.57
657,0.013305,100.0000,603.51
658,0.068695,98.4375,551.31
659,0.087848,96.8750,529.75
660,0.034910,98.4375,501.41
661,0.031865,98.4375,602.05
662,0.051401,98.4375,500.69
663,0.011271,100.0000,581.28
664,0.032457,100.0000,500.50
665,0.026496,98.4375,494.05
666,0.100668,98.4375,607.61
667,0.047636,98.4375,497.43
668,0.023558,100.0000,668.53
669,0.118583,93.7500,504.01
670,0.157463,95.3125,546.54
671,0.030024,98.4375,519.81
672,0.030617,100.0000,500.02
673,0.093598,96.8750,588.56
674,0.038812,96.8750,496.95
675,0.050776,96.8750,506.60
676,0.104530,98.4375,607.60
677,0.031900,100.0000,501.76
678,0.055449,98.4375,582.50
679,0.065635,96.8750,497.41
680,0.014267,100.0000,566.18
681,0.030955,100.0000,497.05
682,0.016714,100.0000,499.06
683,0.035470,98.4375,594.65
684,0.020748,100.0000,504.75
685,0.013549,100.0000,530.51
686,0.060768,98.4375,558.47
687,0.053710,95.3125,502.68
688,0.060242,98.4375,660.22
689,0.027804,98.4375,498.21
690,0.031804,98.4375,621.62
691,0.021549,100.0000,501.34
692,0.090188,96.8750,569.95
693,0.048770,100.0000,500.35
694,0.079491,96.8750,553.17
695,0.050121,96.8750,561.59
696,0.123654,95.3125,560.21
697,0.069724,98.4375,520.24
698,0.021771,100.0000,501.10
699,0.035911,100.0000,596.55
700,0.017754,100.0000,506.55
701,0.072312,95.3125,558.63
702,0.035852,98.4375,501.78
703,0.014051,100.0000,506.16
704,0.064900,96.8750,623.19
705,0.062112,95.3125,498.67
706,0.201977,93.7500,554.23
707,0.047147,100.0000,516.66
708,0.035933,100.0000,545.89
709,0.039382,96.8750,543.27
710,0.172086,93.7500,546.55
711,0.057538,96.8750,551.39
712,0.076789,98.4375,512.94
713,0.009482,100.0000,653.15
714,0.084053,96.8750,500.60
715,0.059289,96.8750,573.29
716,0.008260,100.0000,495.46
717,0.008015,100.0000,503.81
718,0.035661,98.4375,639.18
719,0.028177,100.0000,518.86
720,0.123460,92.1875,586.29
721,0.033300,98.4375,503.08
722,0.040345,96.8750,592.59
723,0.075315,95.3125,497.98
724,0.023384,98.4375,568.00
725,0.047194,98.4375,607.08
726,0.040738,98.4375,499.11
727,0.105455,93.7500,666.21
728,0.051472,98.4375,499.89
729,0.067499,96.8750,546.24
730,0.026859,100.0000,544.55
731,0.046756,98.4375,547.27
732,0.084788,96.8750,533.10
733,0.049865,96.8750,501.09
734,0.022719,100.0000,583.02
735,0.092619,96.8750,507.12
736,0.061962,96.8750,552.20
737,0.063282,98.4375,550.07
738,0.069977,98.4375,548.74
739,0.288889,89.0625,544.86
740,0.089675,93.7500,563.91
741,0.030248,100.0000,523.01
742,0.167122,92.1875,497.87
743,0.035830,100.0000,601.15
744,0.029646,98.4375,496.33
745,0.052021,98.4375,499.78
746,0.086487,96.8750,624.67
747,0.080940,96.8750,502.34
748,0.051233,98.4375,619.75
749,0.042125,98.4375,518.38
750,0.061688,98.4375,606.46
751,0.057116,96.8750,497.03
752,0.055013,98.4375,498.57
753,0.024707,98.4375,605.53
754,0.039920,96.8750,504.96
755,0.060261,98.4375,614.77
756,0.092483,93.7500,495.50
757,0.089441,96.8750,633.57
758,0.036504,98.4375,497.24
759,0.025693,100.0000,656.20
760,0.014666,100.0000,500.27
761,0.078453,98.4375,643.95
762,0.047313,98.4375,497.44
763,0.062681,98.4375,609.20
764,0.054536,98.4375,501.51
765,0.028772,98.4375,557.40
766,0.086255,96.8750,497.29
767,0.054449,98.4375,535.66
768,0.035275,98.4375,558.31
769,0.093355,98.4375,503.18
770,0.130265,92.1875,631.88
771,0.099522,95.3125,506.46
772,0.022660,98.4375,588.03
773,0.141629,93.7500,500.78
774,0.035402,98.4375,564.72
775,0.050487,98.4375,513.02
776,0.063353,98.4375,529.78
777,0.031599,100.0000,549.82
778,0.076855,95.3125,501.30
779,0.090249,96.8750,626.74
780,0.096973,96.8750,497.19
781,0.069979,95.3125,592.62
782,0.079746,96.8750,497.11
783,0.064815,96.8750,545.51
784,0.071358,93.7500,524.70
785,0.060825,96.8750,592.41
786,0.027009,100.0000,504.27
787,0.031401,100.0000,575.88
788,0.058924,98.4375,511.65
789,0.041855,98.4375,500.17
790,0.262999,93.7500,585.44
791,0.071956,96.8750,496.51
792,0.065384,96.8750,517.15
793,0.027978,100.0000,587.07
794,0.066086,95.3125,499.94
795,0.029688,98.4375,609.98
796,0.031737,100.0000,499.29
797,0.096549,96.8750,623.34
798,0.015052,100.0000,500.18
799,0.069806,96.8750,540.14
800,0.011982,100.0000,544.60
801,0.071357,96.8750,500.39
802,0.076808,96.8750,646.85
803,0.080152,98.4375,501.57
804,0.033545,98.4375,560.52
805,0.034216,98.4375,507.59
806,0.045498,98.4375,577.80
807,0.042695,100.0000,507.97
808,0.028259,98.4375,614.23
809,0.027760,98.4375,498.17
810,0.023725,100.0000,564.71
811,0.049450,96.8750,503.04
812,0.067973,96.8750,500.78
813,0.086069,96.8750,636.60
814,0.063937,96.8750,508.05
815,0.076824,95.3125,565.01
816,0.083308,96.8750,513.21
817,0.042702,98.4375,504.03
818,0.027808,98.4375,653.65
819,0.031116,98.4375,534.28
820,0.138948,96.8750,574.52
821,0.057755,96.8750,498.39
822,0.033749,98.4375,594.00
823,0.017444,100.0000,511.80
824,0.077647,95.3125,502.93
825,0.098089,95.3125,611.96
826,0.083231,95.3125,502.23
827,0.123049,96.8750,656.82
828,0.028881,98.4375,501.38
829,0.057352,98.4375,558.95
830,0.028053,98.4375,499.34
831,0.073142,96.8750,508.70
832,0.044999,98.4375,595.07
833,0.087929,96.8750,503.01
834,0.009431,100.0000,567.20
835,0.074340,96.8750,499.08
836,0.018684,100.0000,505.89
837,0.039255,100.0000,661.75
838,0.024883,98.4375,508.78
839,0.043515,98.4375,544.11
840,0.034211,98.4375,535.51
841,0.017936,100.0000,566.31
842,0.047714,96.8750,502.13
843,0.023693,100.0000,503.23
844,0.040018,98.4375,623.96
845,0.135096,93.7500,503.67
846,0.075970,96.8750,561.70
847,0.070433,96.8750,503.27
848,0.060743,98.4375,502.37
849,0.051420,98.4375,629.46
850,0.132155,92.1875,506.24
851,0.257620,93.7500,644.91
852,0.102512,96.8750,504.13
853,0.068577,98.4375,591.08
854,0.040806,98.4375,505.00
855,0.013898,100.0000,627.42
856,0.055473,98.4375,495.87
857,0.010601,100.0000,532.07
858,0.041567,98.4375,537.00
859,0.040735,100.0000,496.87
860,0.015811,100.0000,624.18
861,0.073625,96.8750,501.01
862,0.008001,100.0000,621.96
863,0.018250,100.0000,504.04
864,0.048214,98.4375,624.09
865,0.161222,92.1875,500.97
866,0.065134,96.8750,573.56
867,0.048261,98.4375,505.18
868,0.036345,98.4375,527.06
869,0.062933,98.4375,578.60
870,0.115544,96.8750,496.80
871,0.039813,96.8750,571.19
872,0.021583,98.4375,501.81
873,0.056242,96.8750,550.12
874,0.087454,96.8750,528.17
875,0.050464,96.8750,500.58
876,0.067908,98.4375,606.41
877,0.040344,98.4375,499.05
878,0.092514,93.7500,636.93
879,0.038508,98.4375,499.21
880,0.048300,96.8750,562.82
881,0.044192,96.8750,499.69
882,0.043700,98.4375,503.69
883,0.058006,98.4375,601.06
884,0.121595,98.4375,504.38
885,0.043193,100.0000,559.12
886,0.025724,100.0000,503.67
887,0.012631,100.0000,500.35
888,0.049488,98.4375,628.26
889,0.107854,98.4375,501.00
890,0.021431,100.0000,521.97
891,0.003712,100.0000,601.31
892,0.094607,93.7500,496.47
893,0.106063,93.7500,593.11
894,0.113247,95.3125,503.62
895,0.038551,100.0000,507.03
896,0.108726,95.3125,603.89
897,0.034156,98.4375,517.04
898,0.091643,95.3125,605.98
899,0.055182,98.4375,501.56
900,0.036588,98.4375,659.21
901,0.082809,96.8750,503.45
902,0.103117,96.8750,582.96
903,0.029561,98.4375,500.34
904,0.113842,95.3125,506.86
905,0.087724,96.8750,617.36
906,0.078797,96.8750,551.22
907,0.093696,93.7500,556.14
908,0.107169,93.7500,498.57
909,0.045852,98.4375,589.18
910,0.072619,98.4375,499.29
911,0.028079,100.0000,554.14
912,0.019136,100.0000,544.44
913,0.053258,96.8750,503.81
914,0.036880,98.4375,592.13
915,0.014184,100.0000,512.48
916,0.042175,98.4375,561.66
917,0.183030,93.7500,521.78
918,0.101935,96.8750,557.21
919,0.058958,96.8750,505.24
920,0.037309,100.0000,582.39
921,0.025561,100.0000,501.66
922,0.075315,95.3125,539.13
923,0.019365,100.0000,551.41
924,0.054021,96.8750,503.17
925,0.134924,95.3125,582.23
926,0.074095,98.4375,509.08
927,0.128822,95.3125,580.92
928,0.118916,92.1875,502.53
929,0.042710,96.8750,548.77
930,0.073135,98.4375,527.24
931,0.039804,98.4375,500.56
932,0.011659,100.0000,635.26
933,0.010279,100.0000,501.28
934,0.080980,95.3125,552.18
935,0.020719,100.0000,530.80
936,0.077042,96.8750,497.32
937,0.050214,96.8750,590.62
938,0.027394,98.4375,500.43
939,0.070529,96.8750,500.20
940,0.107866,95.3125,600.18
941,0.040512,98.4375,506.27
942,0.066238,98.4375,653.69
943,0.042411,98.4375,501.48
944,0.026562,100.0000,569.09
945,0.035013,98.4375,497.02
946,0.024018,100.0000,497.65
947,0.030749,98.4375,599.17
948,0.066633,98.4375,506.41
949,0.154442,96.8750,613.93
950,0.016028,100.0000,503.66
951,0.039315,98.4375,567.03
952,0.006749,100.0000,499.46
953,0.056335,96.8750,511.32
954,0.066471,96.8750,608.23
955,0.085835,93.7500,503.26
956,0.054879,98.4375,571.78
957,0.049929,98.4375,500.76
958,0.023821,100.0000,566.94
959,0.057331,98.4375,499.84
960,0.068764,98.4375,562.72
961,0.137387,96.8750,505.44
962,0.055297,98.4375,511.16
963,0.084392,95.3125,602.85
964,0.012653,100.0000,498.03
965,0.036418,98.4375,655.42
966,0.031861,98.4375,500.95
967,0.070800,96.8750,594.78
968,0.021552,98.4375,496.74
969,0.062777,98.4375,613.78
970,0.062914,95.3125,509.45
971,0.060902,96.8750,577.53
972,0.082671,96.8750,516.03
973,0.048698,98.4375,548.78
974,0.128321,93.7500,547.02
975,0.077231,96.8750,495.86
976,0.089277,93.7500,613.60
977,0.080366,98.4375,505.52
978,0.046257,98.4375,563.00
979,0.056576,100.0000,500.78
980,0.109038,95.3125,589.18
981,0.064466,98.4375,508.54
982,0.051588,98.4375,565.11
983,0.045701,96.8750,501.22
984,0.058926,96.8750,521.96
985,0.040598,96.8750,571.73
986,0.030122,98.4375,529.24
987,0.018039,100.0000,563.70
988,0.071606,96.8750,495.37
989,0.005140,100.0000,587.57
990,0.118344,95.3125,499.60
991,0.070976,96.8750,556.97
992,0.068124,96.8750,503.70
993,0.116881,95.3125,541.12
994,0.025251,100.0000,528.54
995,0.025098,100.0000,561.41
996,0.047981,98.4375,502.62
997,0.034842,98.4375,544.03
998,0.116305,95.3125,531.01
999,0.026787,100.0000,534.80
1000,0.036696,98.4375,570.61
1001,0.026782,100.0000,496.21
1002,0.132710,95.3125,594.96
1003,0.051113,98.4375,500.02
1004,0.112747,95.3125,594.48
1005,0.077174,96.8750,503.21
1006,0.073114,98.4375,507.95
1007,0.069790,96.8750,606.95
1008,0.049586,98.4375,501.62
1009,0.037366,98.4375,599.53
1010,0.037875,98.4375,495.27
1011,0.047482,98.4375,602.10
1012,0.061337,98.4375,497.31
1013,0.038617,98.4375,537.46
1014,0.041357,100.0000,549.28
1015,0.086813,96.8750,544.34
1016,0.027065,100.0000,538.19
1017,0.082817,96.8750,505.88
1018,0.095577,96.8750,593.65
1019,0.088204,96.8750,496.70
1020,0.095819,98.4375,652.04
1021,0.047683,96.8750,498.46
1022,0.068576,95.3125,537.22
1023,0.042155,98.4375,528.02
1024,0.065999,96.8750,499.51
1025,0.015129,100.0000,597.67
1026,0.081687,95.3125,501.60
1027,0.042012,98.4375,502.51
1028,0.064503,98.4375,611.70
1029,0.015019,100.0000,504.57
1030,0.078458,95.3125,588.00
1031,0.025251,100.0000,500.62
1032,0.083616,93.7500,541.79
1033,0.062626,98.4375,558.50
1034,0.021309,100.0000,499.68
1035,0.047814,98.4375,561.69
1036,0.048243,96.8750,502.10
1037,0.201910,92.1875,524.55
1038,0.080082,98.4375,600.21
1039,0.051727,98.4375,499.96
1040,0.032110,98.4375,563.03
1041,0.059393,98.4375,505.29
1042,0.013241,100.0000,534.02
1043,0.075284,96.8750,569.59
1044,0.032051,98.4375,508.75
1045,0.024442,100.0000,593.04
1046,0.079017,96.8750,498.81
1047,0.056680,96.8750,591.68
1048,0.059309,96.8750,505.83
1049,0.031577,98.4375,565.42
1050,0.088818,96.8750,504.45
1051,0.128969,93.7500,527.52
1052,0.040741,96.8750,561.71
1053,0.015104,100.0000,533.93
1054,0.069444,95.3125,562.64
1055,0.046303,98.4375,502.19
1056,0.038774,98.4375,617.42
1057,0.018398,100.0000,498.37
1058,0.036809,98.4375,549.81
1059,0.067009,95.3125,521.23
1060,0.066972,96.8750,549.61
1061,0.082332,96.8750,546.99
1062,0.088519,95.3125,496.07
1063,0.074470,96.8750,578.32
1064,0.061973,96.8750,498.67
1065,0.081828,98.4375,551.47
1066,0.058121,98.4375,526.07
1067,0.032445,100.0000,504.77
1068,0.027619,98.4375,647.47
1069,0.052712,96.8750,495.37
1070,0.090166,98.4375,567.01
1071,0.065446,96.8750,503.54
1072,0.033726,98.4375,580.62
1073,0.015816,100.0000,498.60
1074,0.034410,100.0000,503.80
1075,0.080499,98.4375,639.48
1076,0.130108,96.8750,523.98
1077,0.016121,100.0000,568.27
1078,0.093056,96.8750,549.53
1079,0.046849,98.4375,552.62
1080,0.032017,98.4375,502.12
1081,0.042036,100.0000,625.49
1082,0.042382,100.0000,496.25
1083,0.159329,93.7500,632.93
1084,0.062503,100.0000,495.36
1085,0.108098,96.8750,650.47
1086,0.099157,96.8750,498.04
1087,0.016549,100.0000,618.26
1088,0.054754,98.4375,499.25
1089,0.020327,100.0000,609.14
1090,0.054916,96.8750,498.45
1091,0.059666,98.4375,535.34
1092,0.075923,95.3125,560.21
1093,0.053724,96.8750,495.54
1094,0.021918,100.0000,648.69
1095,0.015180,100.0000,497.36
1096,0.048970,96.8750,618.06
1097,0.079378,95.3125,497.29
1098,0.102818,93.7500,564.00
1099,0.073554,96.8750,497.61
1100,0.064670,98.4375,495.50
1101,0.066709,96.8750,653.96
1102,0.019386,100.0000,496.99
1103,0.068593,96.8750,568.27
1104,0.039342,98.4375,499.79
1105,0.029670,100.0000,550.34
1106,0.063514,95.3125,526.49
1107,0.023818,100.0000,567.33
1108,0.030321,100.0000,518.54
1109,0.037822,96.8750,500.67
1110,0.116345,95.3125,584.89
1111,0.072472,96.8750,494.89
1112,0.060646,96.8750,498.17
1113,0.096606,96.8750,634.88
1114,0.048385,98.4375,533.29
1115,0.018822,100.0000,557.01
1116,0.132810,92.1875,508.16
1117,0.025812,100.0000,574.66
1118,0.036889,98.4375,502.00
1119,0.053649,98.4375,604.58
1120,0.007585,100.0000,497.17
1121,0.136023,93.7500,498.67
1122,0.118594,93.7500,663.07
1123,0.176729,93.7500,497.67
1124,0.053032,98.4375,522.98
1125,0.058577,96.8750,565.62
1126,0.073137,96.8750,498.66
1127,0.123377,95.3125,606.03
1128,0.092367,95.3125,494.90
1129,0.095000,93.7500,576.83
1130,0.007542,100.0000,499.94
1131,0.066476,98.4375,591.11
1132,0.090250,93.7500,496.98
1133,0.056947,98.4375,519.13
1134,0.050968,96.8750,601.96
1135,0.027524,98.4375,499.03
1136,0.116252,95.3125,608.16
1137,0.061400,96.8750,500.55
1138,0.041409,98.4375,626.34
1139,0.068755,96.8750,498.97
1140,0.110026,95.3125,635.39
1141,0.064181,96.8750,493.86
1142,0.046651,98.4375,643.04
1143,0.084833,95.3125,506.35
1144,0.080044,93.7500,595.40
1145,0.060346,96.8750,500.89
1146,0.133852,95.3125,558.42
1147,0.101365,95.3125,506.00
1148,0.085541,98.4375,495.51
1149,0.013644,100.0000,590.89
1150,0.179974,95.3125,494.31
1151,0.081143,96.8750,528.08
1152,0.029117,100.0000,576.04
1153,0.098407,96.8750,508.37
1154,0.027857,98.4375,596.78
1155,0.055037,98.4375,502.34
1156,0.145001,93.7500,562.16
1157,0.075257,95.3125,496.52
1158,0.076911,96.8750,555.11
1159,0.039751,98.4375,552.05
1160,0.096401,98.4375,499.17
1161,0.014530,100.0000,598.68
1162,0.086361,96.8750,503.45
1163,0.125981,95.3125,630.74
1164,0.167552,93.7500,503.09
1165,0.024799,98.4375,572.68
1166,0.012552,100.0000,498.75
1167,0.073865,96.8750,553.53
1168,0.014443,100.0000,523.70
1169,0.027314,100.0000,502.33
1170,0.067194,96.8750,590.65
1171,0.037089,100.0000,502.57
1172,0.048481,98.4375,510.78
1173,0.074085,96.8750,621.45
1174,0.078151,98.4375,502.33
1175,0.099524,96.8750,564.12
1176,0.058050,98.4375,501.20
1177,0.066982,95.3125,576.03
1178,0.072200,96.8750,503.42
1179,0.102349,95.3125,496.78
1180,0.120981,93.7500,650.71
1181,0.109430,98.4375,499.28
1182,0.077541,98.4375,552.88
1183,0.042266,96.8750,519.80
1184,0.046320,96.8750,566.90
1185,0.038915,98.4375,504.59
1186,0.044589,100.0000,557.18
1187,0.055643,96.8750,499.15
1188,0.037603,100.0000,570.75
1189,0.072996,96.8750,515.41
1190,0.023014,100.0000,573.70
1191,0.011339,100.0000,514.16
1192,0.010812,100.0000,503.60
1193,0.030852,98.4375,589.18
1194,0.081648,96.8750,493.85
1195,0.070391,98.4375,585.86
1196,0.067248,95.3125,502.95
1197,0.044401,98.4375,570.99
1198,0.038084,98.4375,489.50
1199,0.034147,100.0000,520.73
1200,0.053987,96.8750,566.51
1201,0.022318,98.4375,538.97
1202,0.085978,98.4375,536.07
1203,0.024680,100.0000,501.00
1204,0.114415,95.3125,555.22
1205,0.036849,98.4375,497.20
1206,0.050009,96.8750,580.62
1207,0.042674,100.0000,508.27
1208,0.010192,100.0000,572.46
1209,0.040926,98.4375,499.99
1210,0.068335,98.4375,587.13
1211,0.045370,98.4375,503.68
1212,0.087788,95.3125,506.72
1213,0.079139,96.8750,642.50
1214,0.100739,96.8750,506.22
1215,0.113616,95.3125,648.12
1216,0.035599,98.4375,503.35
1217,0.077132,95.3125,541.17
1218,0.004242,100.0000,563.19
1219,0.050183,100.0000,502.81
1220,0.076316,96.8750,633.19
1221,0.026246,98.4375,503.28
1222,0.162123,93.7500,557.05
1223,0.066734,98.4375,517.95
1224,0.029318,98.4375,503.22
1225,0.036328,98.4375,623.79
1226,0.012048,100.0000,498.95
1227,0.134343,98.4375,607.00
1228,0.057311,96.8750,503.08
1229,0.085785,96.8750,571.36
1230,0.045628,98.4375,501.85
1231,0.081122,98.4375,498.93
1232,0.060310,96.8750,628.00
1233,0.051117,96.8750,500.19
1234,0.096512,95.3125,574.25
1235,0.023203,100.0000,501.68
1236,0.050703,98.4375,509.55
1237,0.049099,98.4375,627.00
1238,0.067121,98.4375,505.07
1239,0.021468,100.0000,653.48
1240,0.078891,96.8750,498.46
1241,0.035727,98.4375,568.17
1242,0.201371,90.6250,498.94
1243,0.057622,98.4375,500.41
1244,0.087156,96.8750,653.16
1245,0.039441,98.4375,500.89
1246,0.032698,98.4375,658.96
1247,0.032793,100.0000,500.78
1248,0.082228,96.8750,614.55
1249,0.047033,96.8750,498.43
1250,0.040287,96.8750,567.12
1251,0.054031,98.4375,519.93
1252,0.073766,96.8750,570.73
1253,0.079026,95.3125,507.91
1254,0.014356,100.0000,649.96
1255,0.106305,95.3125,499.50
1256,0.057388,98.4375,537.36
1257,0.099371,98.4375,565.65
1258,0.082418,96.8750,500.17
1259,0.106329,95.3125,644.50
1260,0.045177,96.8750,497.96
1261,0.037750,98.4375,588.42
1262,0.050754,98.4375,498.83
1263,0.036500,98.4375,570.33
1264,0.012514,100.0000,506.03
1265,0.050211,98.4375,564.14
1266,0.061286,96.8750,505.10
1267,0.104824,95.3125,596.32
1268,0.095237,95.3125,506.05
1269,0.015027,100.0000,514.86
1270,0.055285,96.8750,594.85
1271,0.033581,98.4375,493.57
1272,0.024479,98.4375,575.62
1273,0.062045,98.4375,500.27
1274,0.050740,96.8750,493.38
1275,0.146669,96.8750,639.56
1276,0.006956,100.0000,496.27
1277,0.015697,100.0000,615.59
1278,0.045008,98.4375,489.78
1279,0.047187,98.4375,588.37
1280,0.076615,98.4375,495.94
1281,0.129436,96.8750,542.95
1282,0.084275,98.4375,548.04
1283,0.147313,93.7500,491.79
1284,0.041390,98.4375,565.61
1285,0.081414,98.4375,497.37
1286,0.023836,100.0000,546.42
1287,0.135384,93.7500,538.69
1288,0.051633,96.8750,501.74
1289,0.065625,98.4375,656.18
1290,0.091341,95.3125,502.28
1291,0.032154,100.0000,580.62
1292,0.038368,100.0000,508.41
1293,0.088237,95.3125,590.95
1294,0.142882,93.7500,505.44
1295,0.158582,95.3125,566.80
1296,0.042699,100.0000,522.74
1297,0.055874,96.8750,566.05
1298,0.050947,98.4375,502.08
1299,0.116353,95.3125,508.82
1300,0.071055,98.4375,626.14
1301,0.092473,96.8750,505.15
1302,0.082361,96.8750,621.23
1303,0.116115,93.7500,504.66
1304,0.029598,98.4375,611.41
1305,0.054607,96.8750,502.39
1306,0.023686,98.4375,553.10
1307,0.028248,98.4375,533.38
1308,0.046834,98.4375,565.44
1309,0.049840,98.4375,523.61
1310,0.022144,100.0000,571.48
1311,0.023348,98.4375,502.21
1312,0.024024,100.0000,498.55
1313,0.084953,93.7500,649.54
1314,0.091351,98.4375,506.32
1315,0.042491,98.4375,567.59
1316,0.028005,100.0000,502.88
1317,0.081133,96.8750,554.38
1318,0.037829,100.0000,499.67
1319,0.092111,95.3125,505.03
1320,0.067435,96.8750,596.46
1321,0.037284,96.8750,498.58
1322,0.045420,96.8750,547.29
1323,0.045790,96.8750,553.17
1324,0.051062,96.8750,502.23
1325,0.064962,98.4375,599.73
1326,0.038793,100.0000,503.67
1327,0.054628,98.4375,515.72
1328,0.084515,96.8750,585.52
1329,0.064900,100.0000,521.82
1330,0.020857,100.0000,584.24
1331,0.081846,96.8750,505.00
1332,0.017859,100.0000,598.06
1333,0.017804,100.0000,498.42
1334,0.058457,96.8750,601.78
1335,0.052958,98.4375,497.64
1336,0.018921,98.4375,565.78
1337,0.025307,98.4375,508.48
1338,0.125174,92.1875,504.99
1339,0.069997,95.3125,632.90
1340,0.056412,96.8750,503.15
1341,0.072220,95.3125,610.02
1342,0.077972,98.4375,502.93
1343,0.021499,100.0000,625.10
1344,0.093913,98.4375,502.10
1345,0.028767,98.4375,631.13
1346,0.129212,93.7500,500.95
1347,0.087832,95.3125,560.08
1348,0.021206,100.0000,545.49
1349,0.004180,100.0000,502.48
1350,0.115925,96.8750,616.50
1351,0.018397,100.0000,499.68
1352,0.056464,98.4375,618.68
1353,0.006873,100.0000,500.04
1354,0.047544,98.4375,584.26
1355,0.033418,100.0000,501.06
1356,0.028876,100.0000,592.10
1357,0.014239,100.0000,502.04
1358,0.048399,100.0000,572.25
1359,0.080546,98.4375,501.93
1360,0.073247,95.3125,589.99
1361,0.021521,100.0000,501.91
1362,0.028467,100.0000,586.92
1363,0.020253,98.4375,500.27
1364,0.063993,95.3125,584.98
1365,0.019783,100.0000,502.45
1366,0.097211,95.3125,577.89
1367,0.071962,96.8750,498.46
1368,0.020158,100.0000,595.50
1369,0.032554,98.4375,503.65
1370,0.090108,96.8750,587.00
1371,0.041300,98.4375,501.35
1372,0.062955,95.3125,496.83
1373,0.028553,100.0000,629.59
1374,0.142961,96.8750,499.80
1375,0.030899,98.4375,628.24
1376,0.066466,98.4375,501.44
1377,0.076947,95.3125,591.49
1378,0.098220,95.3125,501.92
1379,0.046301,98.4375,593.01
1380,0.065849,95.3125,503.58
1381,0.091441,95.3125,499.32
1382,0.061753,98.4375,640.33
1383,0.018926,100.0000,495.31
1384,0.029663,100.0000,635.28
1385,0.104390,96.8750,506.50
1386,0.015761,100.0000,571.74
1387,0.030494,100.0000,496.93
1388,0.077565,95.3125,500.04
1389,0.090309,96.8750,603.93
1390,0.047808,98.4375,499.44
1391,0.010417,100.0000,592.52
1392,0.068623,95.3125,501.18
1393,0.150824,93.7500,579.19
1394,0.026655,100.0000,517.53
1395,0.130718,95.3125,503.47
1396,0.127262,93.7500,639.69
1397,0.081517,93.7500,504.26
1398,0.034886,100.0000,550.55
1399,0.044368,96.8750,544.56
1400,0.066417,96.8750,510.95
1401,0.078942,95.3125,593.80
1402,0.080226,96.8750,500.09
1403,0.057210,96.8750,633.72
1404,0.053009,98.4375,500.49
1405,0.140023,95.3125,546.72
1406,0.045407,98.4375,541.86
1407,0.038129,98.4375,493.46
1408,0.065492,96.8750,571.20
1409,0.049221,96.8750,499.45
1410,0.050889,96.8750,581.64
1411,0.072734,96.8750,513.24
1412,0.021753,100.0000,503.65
1413,0.092073,95.3125,631.54
1414,0.061605,98.4375,498.91
1415,0.135146,95.3125,598.03
1416,0.132841,95.3125,518.26
1417,0.142697,95.3125,580.39
1418,0.055495,100.0000,497.62
1419,0.039572,96.8750,645.38
1420,0.045910,98.4375,503.36
1421,0.013610,100.0000,542.42
1422,0.075867,95.3125,548.24
1423,0.022738,100.0000,502.98
1424,0.026091,98.4375,607.84
1425,0.107911,93.7500,501.79
1426,0.125547,93.7500,597.28
1427,0.022080,98.4375,500.25
1428,0.109720,93.7500,597.70
1429,0.082862,95.3125,500.86
1430,0.125880,96.8750,573.71
1431,0.058401,96.8750,498.52
1432,0.146758,93.7500,555.71
1433,0.058544,98.4375,546.71
1434,0.080778,95.3125,580.84
1435,0.065519,96.8750,496.26
1436,0.048434,96.8750,553.12
1437,0.051140,98.4375,497.42
1438,0.029223,98.4375,586.31
1439,0.040852,100.0000,495.88
1440,0.050498,96.8750,536.63
1441,0.015264,100.0000,538.69
1442,0.076962,96.8750,494.26
1443,0.035468,100.0000,596.14
1444,0.030429,98.4375,494.80
1445,0.033414,100.0000,496.35
1446,0.040057,98.4375,609.26
1447,0.034746,96.8750,500.92
1448,0.088262,96.8750,588.14
1449,0.095832,96.8750,500.49
1450,0.033359,98.4375,566.67
1451,0.030987,98.4375,501.28
1452,0.052480,96.8750,540.87
1453,0.138486,95.3125,556.78
1454,0.037547,96.8750,505.31
1455,0.031427,98.4375,638.45
1456,0.060201,98.4375,505.18
1457,0.080973,95.3125,605.78
1458,0.060239,96.8750,501.91
1459,0.055280,96.8750,573.20
1460,0.081875,96.8750,503.17
1461,0.046178,98.4375,558.33
1462,0.143715,93.7500,525.09
1463,0.049155,98.4375,505.28
1464,0.075755,98.4375,598.93
1465,0.023345,98.4375,502.19
1466,0.071876,96.8750,556.61
1467,0.062853,95.3125,550.90
1468,0.046581,98.4375,501.55
1469,0.053699,98.4375,588.60
1470,0.047663,98.4375,502.48
1471,0.097842,95.3125,524.40
1472,0.072161,96.8750,586.51
1473,0.079689,98.4375,501.21
1474,0.170545,93.7500,637.02
1475,0.036984,98.4375,499.55
1476,0.040714,98.4375,578.87
1477,0.087462,95.3125,499.18
1478,0.037703,98.4375,589.21
1479,0.044670,100.0000,500.68
1480,0.053065,98.4375,634.08
1481,0.012388,100.0000,503.32
1482,0.058223,95.3125,546.27
1483,0.050533,98.4375,552.78
1484,0.073695,98.4375,512.91
1485,0.099600,93.7500,571.76
1486,0.011221,100.0000,495.58
1487,0.087324,96.8750,519.51
1488,0.059886,95.3125,582.48
1489,0.054534,95.3125,506.02
1490,0.123667,96.8750,614.73
1491,0.070962,96.8750,506.44
1492,0.014341,100.0000,588.95
1493,0.101908,95.3125,505.15
1494,0.022755,100.0000,554.55
1495,0.011421,100.0000,560.67
1496,0.054979,98.4375,511.10
1497,0.065575,98.4375,591.66
1498,0.015131,100.0000,504.17
1499,0.036310,100.0000,626.40
1500,0.045929,98.4375,503.00
1501,0.058564,98.4375,567.10
1502,0.041107,98.4375,524.52
1503,0.046380,98.4375,503.62
1504,0.094826,95.3125,623.88
1505,0.049005,98.4375,507.31
1506,0.043947,96.8750,575.70
1507,0.017862,98.4375,506.17
1508,0.041555,100.0000,496.89
1509,0.041922,98.4375,647.57
1510,0.083229,96.8750,498.10
1511,0.065015,96.8750,626.74
1512,0.142475,93.7500,503.31
1513,0.062928,96.8750,614.35
1514,0.063659,98.4375,499.93
1515,0.157231,93.7500,587.02
1516,0.064642,96.8750,500.43
1517,0.075823,95.3125,574.32
1518,0.042977,98.4375,507.05
1519,0.130367,95.3125,590.07
1520,0.053569,98.4375,507.62
1521,0.240724,95.3125,526.43
1522,0.046866,98.4375,583.30
1523,0.074411,96.8750,502.15
1524,0.030114,98.4375,574.79
1525,0.035428,98.4375,504.48
1526,0.060748,98.4375,524.81
1527,0.048258,98.4375,587.10
1528,0.142596,93.7500,553.71
1529,0.052842,96.8750,550.53
1530,0.056623,98.4375,502.21
1531,0.129272,96.8750,635.21
1532,0.052704,98.4375,505.91
1533,0.056826,98.4375,598.74
1534,0.070538,96.8750,505.06
1535,0.071435,96.8750,570.23
1536,0.025881,100.0000,504.56
1537,0.025527,100.0000,556.66
1538,0.085118,98.4375,548.59
1539,0.094768,96.8750,524.22
1540,0.054373,98.4375,584.92
1541,0.035208,98.4375,504.52
1542,0.085233,95.3125,567.20
1543,0.152425,93.7500,503.55
1544,0.068061,95.3125,505.66
1545,0.177043,95.3125,598.57
1546,0.077446,96.8750,503.18
1547,0.065798,96.8750,662.98
1548,0.090543,93.7500,508.01
1549,0.039244,98.4375,604.78
1550,0.050247,98.4375,504.22
1551,0.077080,96.8750,569.53
1552,0.055542,100.0000,497.78
1553,0.062666,96.8750,596.43
1554,0.122363,95.3125,500.75
1555,0.024744,100.0000,582.90
1556,0.173583,92.1875,503.12
1557,0.013197,100.0000,592.26
1558,0.061486,98.4375,501.23
1559,0.107587,96.8750,656.26
1560,0.078045,96.8750,503.99
1561,0.048574,98.4375,567.58
1562,0.056488,96.8750,497.68
1563,0.107723,96.8750,498.26
1564,0.080478,96.8750,635.03
1565,0.084284,95.3125,495.81
1566,0.063683,96.8750,601.71
1567,0.047326,98.4375,509.28
1568,0.029698,100.0000,644.41
1569,0.091699,98.4375,504.26
1570,0.041443,98.4375,553.07
1571,0.107401,95.3125,529.84
1572,0.048721,96.8750,536.73
1573,0.069588,96.8750,549.71
1574,0.105526,95.3125,501.36
1575,0.056664,100.0000,603.30
1576,0.030706,98.4375,504.35
1577,0.091630,95.3125,571.55
1578,0.100610,95.3125,506.11
1579,0.032609,98.4375,569.05
1580,0.020992,100.0000,504.94
1581,0.086436,96.8750,540.74
1582,0.115143,93.7500,571.18
1583,0.059040,96.8750,500.80
1584,0.015691,100.0000,594.66
1585,0.012548,100.0000,500.15
1586,0.073225,96.8750,559.25
1587,0.022596,100.0000,497.37
1588,0.024871,100.0000,494.80
1589,0.014747,100.0000,638.41
1590,0.185833,95.3125,496.77
1591,0.019364,100.0000,551.45
1592,0.183052,96.8750,555.71
1593,0.061871,98.4375,501.59
1594,0.038183,98.4375,624.36
1595,0.161349,90.6250,498.64
1596,0.165813,96.8750,560.85
1597,0.023181,100.0000,509.11
1598,0.004485,100.0000,501.95
1599,0.080050,95.3125,626.84
1600,0.090740,95.3125,503.68
1601,0.047468,98.4375,592.77
1602,0.010878,100.0000,504.13
1603,0.077020,96.8750,506.22
1604,0.027512,98.4375,630.06
1605,0.024346,100.0000,502.25
1606,0.025380,100.0000,593.16
1607,0.073963,98.4375,504.49
1608,0.026296,100.0000,644.08
1609,0.014558,100.0000,504.40
1610,0.048900,98.4375,593.43
1611,0.017365,100.0000,499.80
1612,0.026224,98.4375,575.15
1613,0.086740,98.4375,501.21
1614,0.091552,96.8750,500.89
1615,0.037015,98.4375,639.96
1616,0.116015,96.8750,500.59
1617,0.102104,95.3125,541.72
1618,0.057250,98.4375,552.44
1619,0.085912,96.8750,547.79
1620,0.046816,100.0000,537.73
1621,0.077102,95.3125,535.06
1622,0.051348,96.8750,567.82
1623,0.028476,98.4375,502.10
1624,0.033272,98.4375,581.60
1625,0.007840,100.0000,499.04
1626,0.155719,95.3125,500.77
1627,0.051945,98.4375,612.79
1628,0.084804,96.8750,542.38
1629,0.172922,93.7500,555.99
1630,0.023988,100.0000,519.82
1631,0.042045,98.4375,604.45
1632,0.026770,100.0000,570.01
1633,0.049386,96.8750,529.65
1634,0.096253,95.3125,503.41
1635,0.082717,96.8750,642.32
1636,0.043953,96.8750,501.55
1637,0.043743,98.4375,552.35
1638,0.037475,100.0000,525.08
1639,0.008033,100.0000,505.71
1640,0.078712,95.3125,574.67
1641,0.017661,100.0000,501.96
1642,0.077133,96.8750,587.07
1643,0.129222,96.8750,503.02
1644,0.090468,96.8750,496.22
1645,0.061589,98.4375,623.56
1646,0.148587,96.8750,503.20
1647,0.036633,100.0000,593.15
1648,0.038683,98.4375,497.12
1649,0.023270,100.0000,558.05
1650,0.041103,98.4375,540.38
1651,0.040291,100.0000,497.86
1652,0.021918,98.4375,605.87
1653,0.047822,96.8750,551.49
1654,0.008555,100.0000,538.17
1655,0.036442,98.4375,544.65
1656,0.092376,95.3125,539.09
1657,0.018821,100.0000,565.96
1658,0.016089,100.0000,509.98
1659,0.054958,98.4375,497.65
1660,0.016738,100.0000,611.90
1661,0.087937,95.3125,499.90
1662,0.053189,96.8750,584.27
1663,0.087248,95.3125,494.11
1664,0.048577,98.4375,561.41
1665,0.056092,96.8750,501.72
1666,0.030938,96.8750,517.98
1667,0.054877,98.4375,596.19
1668,0.037028,98.4375,502.26
1669,0.059988,98.4375,555.95
1670,0.068396,96.8750,505.87
1671,0.150973,93.7500,578.97
1672,0.024316,100.0000,505.38
1673,0.034621,98.4375,500.30
1674,0.044437,98.4375,623.23
1675,0.036845,100.0000,501.29
1676,0.022253,100.0000,627.88
1677,0.043408,100.0000,505.88
1678,0.036878,100.0000,566.27
1679,0.049403,96.8750,520.18
1680,0.054301,96.8750,495.34
1681,0.047533,98.4375,602.40
1682,0.090924,96.8750,500.22
1683,0.041964,98.4375,595.37
1684,0.119701,95.3125,501.69
1685,0.055020,96.8750,503.82
1686,0.011274,100.0000,655.23
1687,0.026781,100.0000,501.68
1688,0.039191,98.4375,582.46
1689,0.062215,96.8750,508.18
1690,0.036488,98.4375,500.55
1691,0.061203,96.8750,615.34
1692,0.010280,100.0000,495.94
1693,0.158424,93.7500,631.85
1694,0.115211,95.3125,509.74
1695,0.102742,93.7500,557.02
1696,0.067645,95.3125,535.59
1697,0.046763,98.4375,500.25
1698,0.098070,95.3125,584.19
1699,0.045698,98.4375,498.84
1700,0.070889,96.8750,503.35
1701,0.111261,95.3125,598.29
1702,0.122520,95.3125,507.19
1703,0.103619,95.3125,655.23
1704,0.076437,95.3125,514.24
1705,0.037802,98.4375,618.33
1706,0.036618,100.0000,501.25
1707,0.106506,95.3125,605.07
1708,0.071890,95.3125,500.70
1709,0.059950,96.8750,651.66
1710,0.014266,100.0000,499.98
1711,0.036248,98.4375,615.47
1712,0.057303,96.8750,502.88
1713,0.042737,98.4375,592.88
1714,0.121505,95.3125,502.33
1715,0.019657,100.0000,574.64
1716,0.038825,96.8750,501.15
1717,0.065128,96.8750,556.33
1718,0.103918,96.8750,497.19
1719,0.065669,98.4375,566.92
1720,0.035479,98.4375,503.68
1721,0.114552,95.3125,498.87
1722,0.010190,100.0000,662.75
1723,0.031200,98.4375,497.59
1724,0.132329,96.8750,612.04
1725,0.063856,98.4375,502.97
1726,0.073636,95.3125,567.73
1727,0.025658,98.4375,501.21
1728,0.064787,96.8750,502.29
1729,0.061553,98.4375,594.51
1730,0.057980,96.8750,529.59
1731,0.062786,95.3125,559.77
1732,0.081582,95.3125,501.79
1733,0.082825,96.8750,599.16
1734,0.044350,98.4375,511.11
1735,0.061783,98.4375,590.53
1736,0.110180,96.8750,537.42
1737,0.085860,98.4375,561.43
1738,0.078708,95.3125,531.04
1739,0.030194,100.0000,550.46
1740,0.044820,98.4375,511.24
1741,0.142306,95.3125,596.54
1742,0.038006,98.4375,498.13
1743,0.027421,98.4375,501.23
1744,0.047256,98.4375,605.79
1745,0.019890,98.4375,503.50
1746,0.050423,98.4375,652.15
1747,0.069883,96.8750,500.41
1748,0.055370,98.4375,650.73
1749,0.068192,96.8750,500.92
1750,0.031004,100.0000,568.99
1751,0.056668,98.4375,498.90
1752,0.052375,98.4375,501.14
1753,0.036077,100.0000,655.47
1754,0.077588,98.4375,499.98
1755,0.097239,96.8750,611.97
1756,0.017265,100.0000,509.73
1757,0.007371,100.0000,540.33
1758,0.004760,100.0000,526.26
1759,0.078402,98.4375,499.16
1760,0.079853,95.3125,631.56
1761,0.045691,96.8750,498.73
1762,0.041028,98.4375,574.22
1763,0.021798,100.0000,500.92
1764,0.057416,96.8750,554.47
1765,0.105919,95.3125,526.40
1766,0.037769,100.0000,560.56
1767,0.078170,96.8750,501.11
1768,0.018180,100.0000,590.63
1769,0.052673,98.4375,502.88
1770,0.047971,96.8750,564.98
1771,0.053244,96.8750,553.31
1772,0.047011,96.8750,543.17
1773,0.092069,96.8750,550.72
1774,0.109287,95.3125,504.58
1775,0.032664,98.4375,640.28
1776,0.087380,96.8750,505.87
1777,0.019190,98.4375,661.57
1778,0.080036,95.3125,499.82
1779,0.072809,96.8750,597.12
1780,0.099722,96.8750,506.42
1781,0.042588,98.4375,504.11
1782,0.035133,100.0000,628.91
1783,0.103411,95.3125,520.56
1784,0.062971,96.8750,586.48
1785,0.008237,100.0000,507.97
1786,0.066487,98.4375,562.39
1787,0.070807,96.8750,499.50
1788,0.020040,100.0000,499.41
1789,0.069500,98.4375,634.88
1790,0.074892,95.3125,499.35
1791,0.042400,98.4375,605.18
1792,0.018764,98.4375,504.73
1793,0.002686,100.0000,501.20
1794,0.046025,98.4375,646.78
1795,0.135773,95.3125,498.67
1796,0.014258,100.0000,629.66
1797,0.060522,96.8750,502.51
1798,0.073417,98.4375,574.34
1799,0.059376,98.4375,502.30
1800,0.029294,98.4375,600.86
1801,0.067060,98.4375,500.13
1802,0.032426,100.0000,576.04
1803,0.040529,98.4375,502.05
1804,0.052840,96.8750,505.12
1805,0.028704,100.0000,598.89
1806,0.060450,98.4375,510.08
1807,0.070197,98.4375,575.91
1808,0.091028,95.3125,512.51
1809,0.012688,100.0000,566.94
1810,0.085079,95.3125,501.84
1811,0.085524,93.7500,504.11
1812,0.027405,98.4375,590.67
1813,0.088292,95.3125,509.74
1814,0.076967,95.3125,560.48
1815,0.029065,100.0000,500.44
1816,0.094574,98.4375,577.52
1817,0.085559,95.3125,500.68
1818,0.108055,96.8750,595.59
1819,0.058560,95.3125,506.85
1820,0.028856,98.4375,587.73
1821,0.126805,95.3125,504.74
1822,0.030491,98.4375,654.08
1823,0.198615,92.1875,505.14
1824,0.039617,96.8750,620.41
1825,0.095685,96.8750,505.38
1826,0.039084,98.4375,586.07
1827,0.100692,96.8750,504.68
1828,0.003171,100.0000,598.17
1829,0.044296,98.4375,507.68
1830,0.009943,100.0000,539.07
1831,0.029071,98.4375,532.37
1832,0.047321,98.4375,551.65
1833,0.016137,100.0000,544.68
1834,0.036823,96.8750,499.06
1835,0.063058,98.4375,620.32
1836,0.012372,100.0000,505.08
1837,0.039771,98.4375,622.73
1838,0.054177,95.3125,507.56
1839,0.057075,96.8750,630.91
1840,0.049673,98.4375,503.45
1841,0.023753,98.4375,559.08
1842,0.050155,96.8750,506.75
1843,0.095019,95.3125,504.49
1844,0.066336,96.8750,620.56
1845,0.033626,98.4375,512.69
1846,0.013849,100.0000,596.15
1847,0.010039,100.0000,501.86
1848,0.027411,100.0000,599.71
1849,0.051188,98.4375,502.95
1850,0.041339,98.4375,551.51
1851,0.054873,96.8750,541.40
1852,0.018493,100.0000,567.45
1853,0.030427,98.4375,503.19
1854,0.061581,96.8750,503.87
1855,0.030498,98.4375,638.84
1856,0.070171,95.3125,499.10
1857,0.018582,98.4375,595.90
1858,0.146788,93.7500,502.24
1859,0.012454,100.0000,653.60
1860,0.028228,100.0000,498.44
1861,0.051243,98.4375,552.65
1862,0.139388,96.8750,563.14
1863,0.013891,100.0000,545.67
1864,0.050998,98.4375,550.06
1865,0.050555,98.4375,572.72
1866,0.030761,98.4375,499.29
1867,0.089647,96.8750,494.76
1868,0.034171,100.0000,655.79
1869,0.018275,98.4375,499.27
1870,0.103445,93.7500,605.55
1871,0.064866,98.4375,499.58
1872,0.039470,98.4375,571.10
1873,0.059521,98.4375,514.64
1874,0.025719,100.0000,555.17
1875,0.032825,100.0000,542.95
1876,0.065223,96.8750,498.48
1877,0.052459,96.8750,634.25
1878,0.050453,98.4375,504.84
1879,0.052082,95.3125,630.04
1880,0.046589,98.4375,501.08
1881,0.049745,96.8750,572.77
1882,0.069194,98.4375,505.21
1883,0.023824,98.4375,501.30
1884,0.087344,98.4375,641.91
1885,0.050560,98.4375,500.91
1886,0.047656,96.8750,584.06
1887,0.069410,98.4375,501.87
1888,0.129682,95.3125,500.76
1889,0.008853,100.0000,595.40
1890,0.096845,96.8750,502.25
1891,0.002555,100.0000,587.54
1892,0.123031,93.7500,500.69
1893,0.099647,93.7500,590.11
1894,0.087480,95.3125,496.84
1895,0.058809,96.8750,519.66
1896,0.133669,96.8750,596.19
1897,0.058259,96.8750,502.86
1898,0.027223,100.0000,640.03
1899,0.091470,96.8750,502.36
1900,0.082731,96.8750,571.34
1901,0.089697,93.7500,502.26
1902,0.071733,98.4375,581.49
1903,0.060850,98.4375,499.43
1904,0.053927,96.8750,553.26
1905,0.103038,92.1875,500.88
1906,0.019262,100.0000,595.15
1907,0.100457,98.4375,500.92
1908,0.045671,98.4375,572.45
1909,0.085929,96.8750,506.74
1910,0.127583,93.7500,569.20
1911,0.123343,96.8750,516.48
1912,0.046210,98.4375,575.28
1913,0.070705,95.3125,507.42
1914,0.012834,100.0000,588.25
1915,0.029060,100.0000,501.90
1916,0.026547,98.4375,532.62
1917,0.096894,96.8750,570.05
1918,0.054517,96.8750,502.41
1919,0.055746,96.8750,599.38
1920,0.019754,98.4375,500.02
1921,0.024359,100.0000,597.48
1922,0.088599,95.3125,500.88
1923,0.210754,90.6250,538.34
1924,0.105591,96.8750,583.59
1925,0.052531,96.8750,568.21
1926,0.048326,98.4375,521.36
1927,0.053414,98.4375,566.46
1928,0.125285,95.3125,522.99
1929,0.029333,100.0000,503.85
1930,0.060530,98.4375,599.25
1931,0.061416,100.0000,499.81
1932,0.131766,93.7500,508.04
1933,0.015943,100.0000,627.06
1934,0.033459,100.0000,532.33
1935,0.012931,100.0000,567.49
1936,0.039115,98.4375,499.28
1937,0.052875,96.8750,626.39
1938,0.011172,100.0000,503.79
1939,0.022909,98.4375,648.29
1940,0.034028,98.4375,503.02
1941,0.053784,96.8750,654.97
1942,0.037337,100.0000,505.26
1943,0.081344,96.8750,576.65
1944,0.025555,98.4375,503.22
1945,0.070150,96.8750,500.57
1946,0.066089,98.4375,618.97
1947,0.008569,100.0000,501.06
1948,0.041340,100.0000,583.18
1949,0.054976,98.4375,502.58
1950,0.039438,100.0000,508.12
1951,0.017832,98.4375,622.26
1952,0.042583,98.4375,501.90
1953,0.040845,98.4375,612.39
1954,0.007034,100.0000,539.67
1955,0.049213,100.0000,554.22
1956,0.044595,98.4375,501.39
1957,0.038492,98.4375,634.50
1958,0.021744,100.0000,498.78
1959,0.017989,100.0000,623.95
1960,0.035363,100.0000,503.88
1961,0.062315,96.8750,663.37
1962,0.020037,100.0000,501.75
1963,0.030407,98.4375,602.79
1964,0.087057,95.3125,508.10
1965,0.031259,100.0000,625.17
1966,0.085965,96.8750,503.99
1967,0.011987,100.0000,601.33
1968,0.048112,100.0000,512.16
1969,0.070636,96.8750,625.29
1970,0.101771,95.3125,503.68
1971,0.025712,98.4375,572.68
1972,0.057278,98.4375,507.04
1973,0.006233,100.0000,504.83
1974,0.056598,98.4375,592.44
1975,0.070412,96.8750,500.55
1976,0.035126,98.4375,513.64
1977,0.043789,96.8750,594.04
1978,0.069470,96.8750,581.76
1979,0.052469,96.8750,511.86
1980,0.020992,100.0000,567.60
1981,0.014393,100.0000,502.59
1982,0.035445,98.4375,553.57
1983,0.010227,100.0000,549.28
1984,0.079391,96.8750,499.08
1985,0.024439,100.0000,600.07
1986,0.026863,98.4375,505.49
1987,0.042814,98.4375,606.99
1988,0.091073,96.8750,501.47
1989,0.062584,98.4375,578.23
1990,0.075173,96.8750,497.57
1991,0.049890,96.8750,558.32
1992,0.008166,100.0000,498.25
1993,0.039855,98.4375,585.50
1994,0.076197,96.8750,494.84
1995,0.025190,100.0000,541.86
1996,0.020284,100.0000,555.99
1997,0.096587,96.8750,539.59
1998,0.086179,96.8750,553.09
1999,0.023968,100.0000,504.31
2000,0.106352,95.3125,580.08
2001,0.080086,95.3125,505.31
2002,0.109274,98.4375,531.70
2003,0.092492,96.8750,541.73
2004,0.010591,100.0000,544.09
2005,0.085907,96.8750,535.14
2006,0.016965,100.0000,502.78
2007,0.050305,98.4375,614.62
2008,0.054795,96.8750,503.33
2009,0.072001,95.3125,589.49
2010,0.038003,98.4375,497.24
2011,0.110757,95.3125,546.71
2012,0.097639,95.3125,544.79
2013,0.110276,96.8750,558.19
2014,0.032077,100.0000,501.96
2015,0.026797,100.0000,501.61
2016,0.059942,95.3125,641.64
2017,0.128533,96.8750,500.64
2018,0.088155,93.7500,564.00
2019,0.089599,96.8750,505.17
2020,0.024772,100.0000,499.43
2021,0.026811,100.0000,588.71
2022,0.050794,96.8750,496.81
2023,0.056490,98.4375,525.96
2024,0.033014,98.4375,563.25
2025,0.019818,100.0000,498.41
2026,0.072190,95.3125,594.10
2027,0.100867,93.7500,502.23
2028,0.026878,98.4375,634.64
2029,0.026897,100.0000,499.13
2030,0.066086,98.4375,612.82
2031,0.015915,100.0000,495.45
2032,0.024513,98.4375,564.63
2033,0.010660,100.0000,523.21
2034,0.047759,98.4375,498.19
2035,0.018745,100.0000,598.46
2036,0.057081,98.4375,499.86
2037,0.062532,96.8750,588.78
2038,0.063095,98.4375,498.73
2039,0.080410,95.3125,549.44
2040,0.042761,98.4375,519.92
2041,0.017508,100.0000,498.72
2042,0.071651,96.8750,609.42
2043,0.042506,98.4375,540.54
2044,0.072243,98.4375,564.45
2045,0.036420,100.0000,497.76
2046,0.028840,98.4375,581.93
2047,0.083378,95.3125,493.94
2048,0.087657,95.3125,602.79
2049,0.030132,100.0000,494.49
2050,0.082861,96.8750,589.35
2051,0.064329,95.3125,494.35
2052,0.108063,95.3125,498.22
2053,0.052048,98.4375,598.78
2054,0.088376,95.3125,497.21
2055,0.026317,98.4375,650.96
2056,0.059714,96.8750,495.92
2057,0.020973,100.0000,563.71
2058,0.101040,96.8750,496.83
2059,0.089128,96.8750,579.62
2060,0.058436,98.4375,499.33
2061,0.060566,96.8750,542.60
2062,0.048617,98.4375,525.83
2063,0.039943,98.4375,495.94
2064,0.037694,100.0000,597.71
2065,0.059343,96.8750,493.63
2066,0.038561,98.4375,585.20
2067,0.035092,98.4375,492.72
2068,0.055717,98.4375,564.00
2069,0.074545,98.4375,497.47
2070,0.040858,98.4375,557.41
2071,0.029075,100.0000,548.73
2072,0.038807,96.8750,495.91
2073,0.138030,93.7500,626.42
2074,0.016272,100.0000,495.86
2075,0.166533,95.3125,555.59
2076,0.105810,95.3125,554.53
2077,0.081646,98.4375,496.67
2078,0.036393,98.4375,656.52
2079,0.035079,96.8750,513.05
2080,0.049737,98.4375,582.98
2081,0.057130,96.8750,496.77
2082,0.052579,96.8750,557.36
2083,0.103180,96.8750,494.22
2084,0.015299,100.0000,493.72
2085,0.041433,96.8750,649.74
2086,0.038968,100.0000,497.17
2087,0.019786,100.0000,603.42
2088,0.015038,100.0000,500.28
2089,0.047434,98.4375,572.57
2090,0.086375,95.3125,496.41
2091,0.050789,98.4375,496.96
2092,0.046592,100.0000,647.89
2093,0.046511,98.4375,498.67
2094,0.024615,98.4375,645.27
2095,0.053612,96.8750,498.10
2096,0.029135,98.4375,516.65
2097,0.042167,96.8750,578.10
2098,0.021870,100.0000,495.04
2099,0.036413,100.0000,584.10
2100,0.112014,96.8750,494.65
2101,0.061222,98.4375,581.19
2102,0.095209,96.8750,495.57
2103,0.061661,96.8750,575.20
2104,0.017255,100.0000,498.81
2105,0.031664,100.0000,496.26
2106,0.013194,100.0000,608.02
2107,0.070143,98.4375,501.95
2108,0.053475,98.4375,590.01
2109,0.051534,96.8750,493.44
2110,0.035299,98.4375,646.72
2111,0.032769,98.4375,513.78
2112,0.035473,98.4375,584.44
2113,0.049645,98.4375,500.13
2114,0.044479,96.8750,633.78
2115,0.053936,98.4375,499.58
2116,0.042766,98.4375,593.82
2117,0.123618,95.3125,501.67
2118,0.029483,100.0000,500.59
2119,0.051593,100.0000,627.86
2120,0.088311,98.4375,503.65
2121,0.012054,100.0000,586.90
2122,0.045057,100.0000,500.19
2123,0.017498,100.0000,586.52
2124,0.062280,98.4375,496.65
2125,0.049414,96.8750,567.52
2126,0.026074,98.4375,507.81
2127,0.074861,95.3125,518.00
2128,0.111243,96.8750,579.20
2129,0.041230,98.4375,500.22
2130,0.056388,98.4375,627.50
2131,0.055367,98.4375,495.06
2132,0.047141,98.4375,654.57
2133,0.045247,98.4375,499.97
2134,0.039737,98.4375,615.93
2135,0.033738,100.0000,498.41
2136,0.017665,100.0000,556.27
2137,0.069501,98.4375,519.76
2138,0.063265,96.8750,492.50
2139,0.029011,98.4375,594.26
2140,0.035732,98.4375,496.18
2141,0.064030,98.4375,573.44
2142,0.072037,95.3125,495.86
2143,0.008559,100.0000,583.22
2144,0.058706,96.8750,515.75
2145,0.029377,98.4375,536.12
2146,0.041777,98.4375,548.57
2147,0.090814,95.3125,528.91
2148,0.053407,95.3125,561.74
2149,0.078045,93.7500,496.05
2150,0.051468,100.0000,632.55
2151,0.078751,96.8750,495.23
2152,0.044044,98.4375,565.99
2153,0.083439,96.8750,501.25
2154,0.031599,100.0000,501.39
2155,0.046256,98.4375,596.86
2156,0.066098,96.8750,500.52
2157,0.033438,98.4375,649.73
2158,0.116943,95.3125,498.95
2159,0.026524,100.0000,586.21
2160,0.029670,100.0000,501.23
2161,0.076517,98.4375,635.55
2162,0.054301,98.4375,499.87
2163,0.049502,98.4375,521.03
2164,0.027753,98.4375,553.33
2165,0.046493,98.4375,498.79
2166,0.024933,98.4375,602.83
2167,0.061840,98.4375,499.70
2168,0.055588,95.3125,545.49
2169,0.034811,98.4375,519.92
2170,0.025391,98.4375,498.44
2171,0.023171,98.4375,628.09
2172,0.107600,93.7500,494.86
2173,0.099151,96.8750,528.02
2174,0.150695,95.3125,552.98
2175,0.071100,96.8750,496.93
2176,0.052265,98.4375,595.53
2177,0.049615,96.8750,498.75
2178,0.059731,96.8750,640.81
2179,0.045409,98.4375,496.91
2180,0.029576,98.4375,651.63
2181,0.006443,100.0000,497.46
2182,0.044197,98.4375,647.45
2183,0.035543,100.0000,495.04
2184,0.026341,98.4375,604.10
2185,0.058617,96.8750,494.93
2186,0.082069,95.3125,566.23
2187,0.011527,100.0000,494.35
2188,0.084040,95.3125,494.84
2189,0.024940,100.0000,625.67
2190,0.070995,96.8750,494.05
2191,0.115769,95.3125,636.92
2192,0.097040,98.4375,502.50
2193,0.093624,96.8750,638.88
2194,0.094097,96.8750,496.65
2195,0.034073,100.0000,593.12
2196,0.058766,96.8750,524.99
2197,0.028376,100.0000,561.82
2198,0.024463,98.4375,545.97
2199,0.053287,98.4375,522.32
2200,0.068726,96.8750,492.01
2201,0.088194,98.4375,574.92
2202,0.070119,96.8750,494.81
2203,0.064898,98.4375,550.96
2204,0.008833,100.0000,494.98
2205,0.039620,96.8750,492.44
2206,0.030169,98.4375,629.48
2207,0.065559,98.4375,492.54
2208,0.031140,100.0000,526.59
2209,0.091895,95.3125,545.38
2210,0.059009,98.4375,564.35
2211,0.018405,100.0000,493.11
2212,0.014235,100.0000,511.57
2213,0.006331,100.0000,566.43
2214,0.049365,98.4375,508.38
2215,0.129887,93.7500,572.38
2216,0.053069,98.4375,497.76
2217,0.166390,93.7500,652.47
2218,0.004157,100.0000,502.79
2219,0.067345,98.4375,632.83
2220,0.056756,96.8750,498.81
2221,0.073879,96.8750,556.47
2222,0.109948,96.8750,496.29
2223,0.021907,98.4375,513.29
2224,0.064851,96.8750,582.63
2225,0.027953,100.0000,493.30
2226,0.034285,98.4375,546.77
2227,0.065566,96.8750,522.49
2228,0.006738,100.0000,572.32
2229,0.056383,98.4375,520.31
2230,0.037093,98.4375,547.42
2231,0.133588,96.8750,491.43
2232,0.085390,95.3125,492.99
2233,0.047940,98.4375,633.15
2234,0.015388,98.4375,495.98
2235,0.110941,96.8750,540.91
2236,0.048766,98.4375,554.16
2237,0.010309,100.0000,497.62
2238,0.065994,98.4375,651.07
2239,0.073963,96.8750,528.88
2240,0.078063,95.3125,564.37
2241,0.066242,98.4375,497.91
2242,0.020591,100.0000,561.58
2243,0.028423,100.0000,497.11
2244,0.064494,98.4375,516.55
2245,0.063374,96.8750,575.87
2246,0.102880,95.3125,494.35
2247,0.055811,96.8750,606.05
2248,0.034555,100.0000,496.54
2249,0.019653,100.0000,602.41
2250,0.065856,96.8750,496.46
2251,0.104445,96.8750,574.56
2252,0.087501,98.4375,495.82
2253,0.021541,100.0000,594.38
2254,0.023472,100.0000,501.99
2255,0.009808,100.0000,495.49
2256,0.015378,100.0000,594.66
2257,0.046838,96.8750,495.09
2258,0.016794,100.0000,580.92
2259,0.028519,98.4375,499.56
2260,0.083441,96.8750,495.60
2261,0.038681,98.4375,622.49
2262,0.042374,98.4375,497.25
2263,0.026602,100.0000,643.78
2264,0.052123,96.8750,496.31
2265,0.044299,98.4375,623.90
2266,0.054486,96.8750,492.60
2267,0.091371,96.8750,593.39
2268,0.013911,100.0000,493.95
2269,0.078832,96.8750,581.73
2270,0.080048,95.3125,492.99
2271,0.031707,100.0000,489.23
2272,0.018889,100.0000,623.23
2273,0.065199,96.8750,503.89
2274,0.017209,100.0000,599.42
2275,0.023095,100.0000,518.01
2276,0.003261,100.0000,589.52
2277,0.089479,96.8750,500.40
2278,0.113693,96.8750,660.62
2279,0.041895,98.4375,499.24
2280,0.028722,100.0000,591.92
2281,0.017636,100.0000,500.57
2282,0.032772,98.4375,641.18
2283,0.073206,98.4375,496.02
2284,0.018413,100.0000,556.66
2285,0.050928,98.4375,498.89
2286,0.060201,96.8750,494.58
2287,0.010331,100.0000,624.56
2288,0.051113,98.4375,494.18
2289,0.101897,93.7500,528.28
2290,0.039836,98.4375,577.00
2291,0.063661,98.4375,514.18
2292,0.100322,96.8750,645.10
2293,0.103355,96.8750,496.31
2294,0.031858,100.0000,545.89
2295,0.072471,96.8750,546.34
2296,0.074878,96.8750,513.47
2297,0.055169,98.4375,597.61
2298,0.055339,98.4375,491.17
2299,0.021685,100.0000,649.23
2300,0.030439,98.4375,499.65
2301,0.095168,96.8750,575.85
2302,0.047667,98.4375,514.05
2303,0.028072,98.4375,555.75
2304,0.007507,100.0000,512.03
2305,0.073105,96.8750,491.06
2306,0.012176,100.0000,623.68
2307,0.047620,96.8750,493.15
2308,0.038741,98.4375,530.28
2309,0.067261,98.4375,555.62
2310,0.054621,98.4375,541.51
2311,0.023238,98.4375,551.23
2312,0.057610,96.8750,528.57
2313,0.093611,96.8750,558.31
2314,0.009493,100.0000,546.50
2315,0.055491,96.8750,531.78
2316,0.035766,100.0000,539.85
2317,0.052555,96.8750,542.75
2318,0.040946,98.4375,545.06
2319,0.047290,96.8750,524.63
2320,0.022581,98.4375,520.18
2321,0.115894,95.3125,582.25
2322,0.055891,96.8750,549.55
2323,0.012088,100.0000,507.18
2324,0.108967,95.3125,495.13
2325,0.015558,100.0000,571.34
2326,0.085681,95.3125,496.20
2327,0.058599,96.8750,587.90
2328,0.158197,95.3125,490.00
2329,0.042408,98.4375,585.23
2330,0.016480,100.0000,497.57
2331,0.075725,95.3125,556.54
2332,0.021117,100.0000,492.78
2333,0.026953,100.0000,491.57
2334,0.041936,98.4375,580.11
2335,0.047593,96.8750,489.60
2336,0.036102,100.0000,556.60
2337,0.052376,98.4375,497.06
2338,0.005958,100.0000,581.51
2339,0.063724,98.4375,488.32
2340,0.143818,95.3125,490.29
2341,0.084969,96.8750,605.67
2342,0.065012,98.4375,493.00
2343,0.058771,96.8750,563.35
2344,0.041249,98.4375,495.50
2345,0.048115,100.0000,559.46
2346,0.010083,100.0000,492.58
2347,0.009362,100.0000,507.94
2348,0.018237,100.0000,641.90
2349,0.025342,100.0000,499.24
2350,0.064650,96.8750,572.53
2351,0.018261,100.0000,499.64
2352,0.019846,100.0000,562.30
2353,0.021750,98.4375,495.98
2354,0.030405,98.4375,556.16
2355,0.061808,96.8750,499.05
2356,0.014464,100.0000,567.54
2357,0.102795,95.3125,493.83
2358,0.034054,98.4375,584.10
2359,0.051063,98.4375,498.54
2360,0.040191,100.0000,570.64
2361,0.069249,96.8750,495.67
2362,0.106010,96.8750,492.89
2363,0.024639,100.0000,606.03
2364,0.012428,100.0000,528.56
2365,0.078934,96.8750,567.69
2366,0.022760,98.4375,501.02
2367,0.066769,95.3125,598.01
2368,0.017736,100.0000,491.03
2369,0.077574,95.3125,630.44
2370,0.065513,96.8750,490.45
2371,0.075078,95.3125,643.49
2372,0.082043,96.8750,490.63
2373,0.087843,95.3125,585.99
2374,0.034110,98.4375,492.49
2375,0.021915,100.0000,546.54
2376,0.101520,93.7500,518.13
2377,0.055680,98.4375,529.69
2378,0.102883,98.4375,550.68
2379,0.056796,98.4375,530.06
2380,0.030782,98.4375,533.33
2381,0.032303,98.4375,499.28
2382,0.097191,95.3125,660.93
2383,0.097672,95.3125,493.42
2384,0.044155,96.8750,554.60
2385,0.109566,93.7500,514.04
2386,0.080728,93.7500,563.76
2387,0.074940,95.3125,517.51
2388,0.172684,92.1875,500.65
2389,0.012149,100.0000,658.07
2390,0.035646,98.4375,496.71
2391,0.047282,98.4375,585.24
2392,0.047842,98.4375,499.56
2393,0.049176,96.8750,649.47
2394,0.058984,96.8750,497.11
2395,0.063646,95.3125,581.12
2396,0.041669,100.0000,498.98
2397,0.070221,98.4375,585.20
2398,0.055182,96.8750,503.96
2399,0.037346,98.4375,636.54
2400,0.092980,93.7500,494.01
2401,0.010246,100.0000,660.08
2402,0.018643,100.0000,500.56
2403,0.038243,98.4375,574.14
2404,0.031404,96.8750,504.37
2405,0.030741,96.8750,543.89
2406,0.062224,98.4375,539.86
2407,0.066319,98.4375,505.59
2408,0.055981,100.0000,588.80
2409,0.061485,96.8750,501.05
2410,0.014313,100.0000,499.67
2411,0.060108,96.8750,641.73
2412,0.044370,98.4375,499.04
2413,0.077288,95.3125,569.83
2414,0.052258,96.8750,499.33
2415,0.066003,98.4375,499.49
2416,0.025814,100.0000,587.93
2417,0.007778,100.0000,502.80
2418,0.059510,98.4375,555.32
2419,0.061855,95.3125,500.00
2420,0.029227,98.4375,536.88
2421,0.036921,98.4375,564.58
2422,0.034420,98.4375,501.70
2423,0.034509,98.4375,601.76
2424,0.008691,100.0000,508.92
2425,0.011645,100.0000,588.22
2426,0.154363,95.3125,501.21
2427,0.033884,100.0000,561.11
2428,0.031564,98.4375,500.09
2429,0.089167,95.3125,570.33
2430,0.079531,96.8750,521.06
2431,0.051616,96.8750,499.81
2432,0.039126,98.4375,608.52
2433,0.045055,100.0000,498.04
2434,0.066739,98.4375,636.73
2435,0.085289,96.8750,508.16
2436,0.058853,98.4375,601.11
2437,0.046647,98.4375,503.16
2438,0.034546,98.4375,629.83
2439,0.019883,100.0000,507.85
2440,0.097573,95.3125,640.87
2441,0.012930,100.0000,496.82
2442,0.093709,96.8750,547.74
2443,0.029290,100.0000,520.55
2444,0.017181,100.0000,506.15
2445,0.094007,95.3125,598.41
2446,0.098033,98.4375,498.19
2447,0.029976,98.4375,580.93
2448,0.028729,98.4375,503.99
2449,0.018149,100.0000,553.13
2450,0.052108,98.4375,531.53
2451,0.046414,98.4375,515.27
2452,0.048402,98.4375,586.54
2453,0.023323,98.4375,566.27
2454,0.014650,100.0000,518.75
2455,0.080177,96.8750,497.38
2456,0.012483,100.0000,641.66
2457,0.140060,96.8750,500.66
2458,0.024964,98.4375,629.76
2459,0.049757,100.0000,503.91
2460,0.015009,100.0000,547.19
2461,0.033228,98.4375,540.97
2462,0.027278,98.4375,499.05
2463,0.038882,98.4375,565.18
2464,0.005041,100.0000,502.74
2465,0.057888,98.4375,501.59
2466,0.030136,98.4375,617.22
2467,0.025921,98.4375,504.46
2468,0.012233,100.0000,623.31
2469,0.028958,98.4375,504.37
2470,0.055379,98.4375,607.51
2471,0.031779,98.4375,493.54
2472,0.019112,100.0000,592.26
2473,0.095345,96.8750,491.09
2474,0.019601,100.0000,629.16
2475,0.024129,98.4375,499.27
2476,0.077387,96.8750,647.07
2477,0.046494,98.4375,488.81
2478,0.107560,95.3125,565.63
2479,0.101395,96.8750,500.48
2480,0.188756,93.7500,498.52
2481,0.033979,98.4375,625.59
2482,0.097345,96.8750,497.33
2483,0.080629,98.4375,560.60
2484,0.111153,96.8750,513.11
2485,0.091106,98.4375,537.71
2486,0.037335,100.0000,553.04
2487,0.012272,100.0000,564.12
2488,0.022385,98.4375,504.06
2489,0.056103,98.4375,578.85
2490,0.014898,100.0000,501.73
2491,0.063008,96.8750,500.68
2492,0.083651,96.8750,647.10
2493,0.030579,100.0000,501.57
2494,0.074064,96.8750,606.70
2495,0.043580,100.0000,501.08
2496,0.031522,98.4375,576.91
2497,0.036673,96.8750,509.07
2498,0.042414,98.4375,504.08
2499,0.035447,98.4375,591.77
2500,0.068305,96.8750,501.70
2501,0.060062,98.4375,630.46
2502,0.022103,98.4375,502.94
2503,0.093008,96.8750,600.09
2504,0.075520,96.8750,500.69
2505,0.085287,96.8750,589.72
2506,0.041157,98.4375,500.56
2507,0.019158,100.0000,512.83
2508,0.048240,98.4375,602.66
2509,0.041035,98.4375,533.23
2510,0.047027,96.8750,553.40
2511,0.049422,96.8750,508.87
2512,0.036249,96.8750,620.07
2513,0.031853,100.0000,501.53
2514,0.029816,100.0000,581.54
2515,0.029718,100.0000,502.62
2516,0.028756,98.4375,588.83
2517,0.004095,100.0000,499.17
2518,0.014791,100.0000,509.37
2519,0.048301,98.4375,611.00
2520,0.046950,96.8750,500.12
2521,0.035646,98.4375,635.92
2522,0.027963,98.4375,500.93
2523,0.012884,100.0000,591.73
2524,0.067372,96.8750,497.04
2525,0.027245,100.0000,532.17
2526,0.050165,96.8750,578.31
2527,0.081661,96.8750,499.59
2528,0.006077,100.0000,629.40
2529,0.045389,98.4375,497.70
2530,0.055038,96.8750,620.00
2531,0.045176,96.8750,495.28
2532,0.021704,100.0000,582.69
2533,0.073183,96.8750,500.76
2534,0.031550,98.4375,592.91
2535,0.057230,96.8750,498.80
2536,0.015542,100.0000,576.50
2537,0.062738,96.8750,516.82
2538,0.046620,98.4375,505.56
2539,0.078344,96.8750,586.59
2540,0.068320,96.8750,503.25
2541,0.035644,98.4375,579.08
2542,0.048560,98.4375,499.00
2543,0.056449,98.4375,540.99
2544,0.028490,98.4375,551.51
2545,0.043571,98.4375,518.30
2546,0.088176,95.3125,588.84
2547,0.023424,100.0000,532.22
2548,0.006735,100.0000,551.92
2549,0.063513,98.4375,504.11
2550,0.041353,98.4375,574.35
2551,0.127514,95.3125,499.61
2552,0.020971,100.0000,585.40
2553,0.053971,98.4375,500.45
2554,0.029482,98.4375,593.86
2555,0.027013,98.4375,498.13
2556,0.042897,98.4375,630.12
2557,0.123444,95.3125,500.52
2558,0.112086,93.7500,533.19
2559,0.082848,95.3125,558.20
2560,0.061664,96.8750,571.61
2561,0.008044,100.0000,516.96
2562,0.023135,100.0000,562.99
2563,0.071796,96.8750,496.48
2564,0.006037,100.0000,550.31
2565,0.029315,98.4375,520.85
2566,0.061974,96.8750,562.15
2567,0.039843,98.4375,506.81
2568,0.149695,96.8750,499.87
2569,0.038699,98.4375,627.87
2570,0.002983,100.0000,105.30
