batch_idx,loss,accuracy,time_ms
1,0.164851,93.7500,534.49
2,0.205305,87.5000,654.93
3,0.159006,90.6250,506.32
4,0.129784,95.3125,611.01
5,0.283559,90.6250,501.34
6,0.103680,95.3125,597.31
7,0.340341,89.0625,496.40
8,0.136114,96.8750,574.84
9,0.278500,92.1875,498.42
10,0.212966,92.1875,490.09
11,0.153142,93.7500,617.49
12,0.167098,95.3125,492.97
13,0.110637,96.8750,630.09
14,0.168426,93.7500,493.59
15,0.037727,98.4375,551.22
16,0.186445,90.6250,496.44
17,0.199808,93.7500,492.48
18,0.061952,98.4375,648.20
19,0.278191,90.6250,502.70
20,0.296734,93.7500,596.26
21,0.340881,85.9375,497.38
22,0.123147,96.8750,588.93
23,0.096085,95.3125,510.94
24,0.143786,96.8750,500.62
25,0.085492,96.8750,619.92
26,0.154928,95.3125,520.76
27,0.044012,100.0000,592.51
28,0.206039,93.7500,504.19
29,0.183256,95.3125,615.29
30,0.151073,95.3125,502.60
31,0.168023,92.1875,627.92
32,0.198951,95.3125,500.45
33,0.204252,90.6250,626.80
34,0.135982,93.7500,519.02
35,0.241346,90.6250,577.62
36,0.147348,95.3125,505.71
37,0.160546,95.3125,593.97
38,0.347166,90.6250,498.88
39,0.273476,92.1875,628.03
40,0.080415,96.8750,499.17
41,0.252515,89.0625,570.97
42,0.052541,100.0000,514.52
43,0.217818,95.3125,496.68
44,0.200005,92.1875,651.99
45,0.126302,95.3125,506.80
46,0.194984,93.7500,586.85
47,0.183811,93.7500,504.91
48,0.177323,93.7500,586.50
49,0.104672,96.8750,516.45
50,0.190108,95.3125,501.42
51,0.073519,98.4375,605.06
52,0.171671,93.7500,537.89
53,0.169045,90.6250,561.14
54,0.195867,92.1875,498.85
55,0.146325,93.7500,641.96
56,0.129975,92.1875,501.15
57,0.169240,92.1875,551.39
58,0.115253,93.7500,550.19
59,0.138025,93.7500,505.45
60,0.398914,89.0625,615.17
61,0.102950,95.3125,501.36
62,0.245937,92.1875,579.79
63,0.075601,98.4375,504.74
64,0.092132,95.3125,649.58
65,0.138079,95.3125,501.48
66,0.085628,96.8750,509.92
67,0.169531,95.3125,614.65
68,0.071320,96.8750,552.95
69,0.088398,95.3125,542.33
70,0.228662,92.1875,504.37
71,0.075914,95.3125,595.51
72,0.100094,95.3125,504.77
73,0.128232,93.7500,602.48
74,0.158060,95.3125,503.68
75,0.113044,98.4375,500.07
76,0.291545,87.5000,599.44
77,0.224506,90.6250,507.87
78,0.185372,93.7500,584.92
79,0.316022,90.6250,504.58
80,0.211883,95.3125,601.12
81,0.108921,95.3125,499.62
82,0.168088,96.8750,497.19
83,0.317933,93.7500,621.33
84,0.109127,95.3125,497.25
85,0.312114,90.6250,559.85
86,0.141276,93.7500,494.76
87,0.270281,93.7500,525.86
88,0.061427,96.8750,535.03
89,0.104707,93.7500,494.77
90,0.278373,90.6250,588.20
91,0.088126,96.8750,526.60
92,0.085697,96.8750,559.60
93,0.179014,93.7500,495.49
94,0.087590,96.8750,568.73
95,0.155228,92.1875,503.63
96,0.061710,98.4375,505.86
97,0.211185,90.6250,602.55
98,0.249184,92.1875,495.96
99,0.153682,96.8750,613.62
100,0.083818,96.8750,501.06
101,0.155923,95.3125,652.04
102,0.144859,93.7500,495.77
103,0.215662,90.6250,556.62
104,0.115966,93.7500,517.47
105,0.107963,95.3125,579.09
106,0.072469,98.4375,502.12
107,0.176954,90.6250,501.63
108,0.192475,92.1875,632.84
109,0.127232,93.7500,511.01
110,0.207309,90.6250,611.97
111,0.242412,92.1875,507.27
112,0.164367,93.7500,657.89
113,0.287672,89.0625,501.12
114,0.085389,95.3125,555.55
115,0.110595,95.3125,528.81
116,0.113854,95.3125,576.82
117,0.104902,95.3125,502.86
118,0.182636,93.7500,512.85
119,0.111624,96.8750,631.96
120,0.124849,98.4375,503.02
121,0.116933,95.3125,563.98
122,0.114982,95.3125,522.83
123,0.123329,95.3125,548.53
124,0.171133,92.1875,548.10
125,0.040540,100.0000,576.29
126,0.121020,95.3125,504.39
127,0.163682,92.1875,571.14
128,0.172672,92.1875,497.30
129,0.201184,93.7500,576.97
130,0.249791,89.0625,499.58
131,0.301535,90.6250,503.36
132,0.152177,90.6250,657.96
133,0.161630,92.1875,504.12
134,0.171830,93.7500,647.56
135,0.156511,92.1875,500.53
136,0.121621,96.8750,608.51
137,0.181079,95.3125,497.94
138,0.181162,90.6250,607.38
139,0.156524,92.1875,501.54
140,0.228731,92.1875,564.98
141,0.143591,93.7500,504.39
142,0.221710,92.1875,596.13
143,0.095321,95.3125,503.23
144,0.019500,100.0000,584.82
145,0.187901,96.8750,499.44
146,0.251472,93.7500,500.76
147,0.151446,95.3125,616.85
148,0.110021,93.7500,502.08
149,0.256792,92.1875,631.39
150,0.203742,93.7500,539.81
151,0.188661,89.0625,558.59
152,0.133535,96.8750,559.73
153,0.129464,95.3125,500.18
154,0.176367,90.6250,553.72
155,0.155372,96.8750,550.85
156,0.216419,90.6250,556.79
157,0.169973,93.7500,497.15
158,0.114031,95.3125,584.44
159,0.088777,96.8750,504.03
160,0.193765,90.6250,587.92
161,0.143621,96.8750,498.39
162,0.131441,93.7500,498.44
163,0.137633,93.7500,627.75
164,0.072949,96.8750,517.33
165,0.083536,98.4375,572.21
166,0.156337,93.7500,501.83
167,0.244026,92.1875,593.46
168,0.126508,93.7500,502.56
169,0.097501,96.8750,614.39
170,0.252590,93.7500,499.41
171,0.187147,93.7500,571.27
172,0.058324,96.8750,497.88
173,0.053729,98.4375,552.15
174,0.209075,90.6250,526.88
175,0.070809,98.4375,533.91
176,0.027438,100.0000,564.46
177,0.255176,90.6250,507.85
178,0.246879,87.5000,598.90
179,0.080496,96.8750,498.07
180,0.191227,92.1875,647.03
181,0.117089,95.3125,501.27
182,0.232062,89.0625,584.64
183,0.262375,87.5000,502.32
184,0.220548,90.6250,503.34
185,0.105159,95.3125,595.11
186,0.182005,92.1875,502.14
187,0.216823,90.6250,583.30
188,0.189962,93.7500,505.16
189,0.067061,98.4375,502.66
190,0.177821,93.7500,641.91
191,0.161908,93.7500,502.15
192,0.256617,89.0625,624.41
193,0.135956,93.7500,506.28
194,0.163920,92.1875,633.83
195,0.187978,92.1875,503.09
196,0.241208,93.7500,628.38
197,0.218602,90.6250,506.28
198,0.104221,95.3125,556.24
199,0.242743,92.1875,535.00
200,0.170295,95.3125,548.23
201,0.165882,92.1875,521.80
202,0.038785,100.0000,554.13
203,0.083350,98.4375,540.26
204,0.106764,95.3125,501.71
205,0.293314,89.0625,612.68
206,0.108397,96.8750,503.15
207,0.166132,93.7500,564.33
208,0.207488,93.7500,502.69
209,0.188476,92.1875,562.51
210,0.112954,96.8750,511.27
211,0.163949,95.3125,535.19
212,0.132739,95.3125,562.39
213,0.186629,93.7500,507.08
214,0.107208,95.3125,590.83
215,0.163166,96.8750,502.84
216,0.137341,95.3125,573.52
217,0.120507,95.3125,507.13
218,0.101439,96.8750,500.19
219,0.079635,98.4375,599.42
220,0.113592,95.3125,557.76
221,0.063360,98.4375,521.96
222,0.167690,93.7500,559.86
223,0.110021,95.3125,516.62
224,0.089587,96.8750,503.58
225,0.203187,92.1875,637.65
226,0.143648,95.3125,502.56
227,0.133128,93.7500,546.80
228,0.270207,95.3125,519.15
229,0.137634,96.8750,502.72
230,0.038582,100.0000,593.62
231,0.071084,98.4375,500.81
232,0.103743,95.3125,551.29
233,0.190857,92.1875,527.82
234,0.062228,98.4375,533.99
235,0.051869,100.0000,554.47
236,0.115018,95.3125,500.96
237,0.270928,87.5000,639.79
238,0.401737,89.0625,504.52
239,0.186322,92.1875,571.15
240,0.068368,96.8750,500.15
241,0.177489,95.3125,567.52
242,0.075789,95.3125,510.92
243,0.220378,89.0625,565.50
244,0.071977,96.8750,500.30
245,0.059115,98.4375,552.46
246,0.229797,89.0625,502.45
247,0.203714,92.1875,587.12
248,0.331565,92.1875,503.14
249,0.213742,92.1875,549.94
250,0.179897,93.7500,523.76
251,0.322861,92.1875,583.25
252,0.056777,96.8750,504.35
253,0.187515,95.3125,499.88
254,0.196146,96.8750,623.53
255,0.175047,89.0625,497.79
256,0.259042,87.5000,651.34
257,0.133426,93.7500,501.96
258,0.115305,95.3125,608.48
259,0.195436,90.6250,500.75
260,0.108733,95.3125,577.00
261,0.115179,93.7500,504.47
262,0.219610,93.7500,597.71
263,0.133731,95.3125,504.68
264,0.238476,90.6250,497.55
265,0.212961,95.3125,603.39
266,0.172798,95.3125,503.13
267,0.097412,96.8750,604.30
268,0.223678,87.5000,497.13
269,0.066641,98.4375,563.61
270,0.138746,92.1875,502.27
271,0.144406,93.7500,499.70
272,0.114209,93.7500,613.03
273,0.131642,95.3125,500.75
274,0.125514,95.3125,555.15
275,0.151270,95.3125,532.53
276,0.100515,96.8750,499.60
277,0.184310,95.3125,583.03
278,0.127159,95.3125,499.22
279,0.103160,95.3125,584.70
280,0.145883,96.8750,499.27
281,0.301048,87.5000,497.77
282,0.180768,96.8750,603.74
283,0.163127,96.8750,507.70
284,0.149450,93.7500,634.04
285,0.149750,93.7500,501.54
286,0.141220,95.3125,630.45
287,0.079054,98.4375,503.65
288,0.072383,96.8750,602.83
289,0.245647,92.1875,501.35
290,0.146595,93.7500,590.83
291,0.100210,98.4375,499.24
292,0.118027,96.8750,597.50
293,0.112631,96.8750,496.00
294,0.201009,93.7500,650.83
295,0.198958,93.7500,498.72
296,0.143570,92.1875,615.66
297,0.109477,96.8750,508.21
298,0.083718,98.4375,619.16
299,0.167427,95.3125,507.16
300,0.108633,96.8750,577.23
301,0.276847,87.5000,518.36
302,0.191625,90.6250,502.46
303,0.071565,96.8750,625.98
304,0.131656,96.8750,500.72
305,0.320717,93.7500,566.88
306,0.207053,92.1875,503.15
307,0.097940,96.8750,568.11
308,0.164583,95.3125,500.36
309,0.175562,92.1875,566.11
310,0.077118,100.0000,555.36
311,0.083992,96.8750,560.13
312,0.073142,96.8750,514.91
313,0.295568,90.6250,537.25
314,0.092556,98.4375,560.47
315,0.143669,93.7500,507.01
316,0.156002,95.3125,601.25
317,0.145465,90.6250,499.57
318,0.211572,93.7500,592.03
319,0.339421,92.1875,500.67
320,0.221768,92.1875,585.21
321,0.103007,95.3125,501.12
322,0.096006,95.3125,586.76
323,0.073163,98.4375,498.51
324,0.352392,90.6250,502.96
325,0.109962,96.8750,614.71
326,0.148333,96.8750,498.86
327,0.252909,93.7500,606.00
328,0.134706,93.7500,497.36
329,0.097961,95.3125,557.97
330,0.272892,93.7500,505.94
331,0.087962,96.8750,504.81
332,0.098642,95.3125,623.21
333,0.141074,92.1875,501.48
334,0.126504,98.4375,650.98
335,0.280883,93.7500,542.77
336,0.064582,98.4375,550.90
337,0.125170,96.8750,534.94
338,0.122052,95.3125,540.84
339,0.114770,95.3125,572.40
340,0.142515,92.1875,504.64
341,0.175616,95.3125,497.77
342,0.243325,92.1875,636.79
343,0.126127,96.8750,504.82
344,0.141195,98.4375,566.90
345,0.081941,96.8750,521.46
346,0.160082,96.8750,549.35
347,0.177041,93.7500,528.98
348,0.117332,98.4375,498.61
349,0.038055,96.8750,655.22
350,0.123667,96.8750,498.08
351,0.232275,92.1875,582.57
352,0.119618,95.3125,503.08
353,0.189396,95.3125,644.26
354,0.126349,96.8750,497.53
355,0.163260,93.7500,553.31
356,0.191995,92.1875,503.11
357,0.173272,95.3125,517.94
358,0.286272,92.1875,590.51
359,0.034235,98.4375,501.50
360,0.121306,95.3125,647.34
361,0.298126,92.1875,503.10
362,0.228288,93.7500,562.70
363,0.133773,95.3125,495.22
364,0.144916,93.7500,500.82
365,0.150692,95.3125,607.20
366,0.180532,93.7500,497.54
367,0.155949,95.3125,583.37
368,0.063679,98.4375,497.28
369,0.256676,93.7500,493.56
370,0.097388,95.3125,587.76
371,0.111871,96.8750,490.79
372,0.169559,92.1875,583.48
373,0.248158,89.0625,488.04
374,0.081055,96.8750,544.07
375,0.243065,93.7500,495.83
376,0.131141,93.7500,497.35
377,0.125816,93.7500,586.65
378,0.136124,95.3125,494.37
379,0.161533,95.3125,551.81
380,0.083022,96.8750,500.50
381,0.081649,96.8750,497.04
382,0.162278,93.7500,639.15
383,0.081060,96.8750,497.09
384,0.076982,98.4375,581.36
385,0.173645,90.6250,497.80
386,0.152100,92.1875,574.12
387,0.133426,95.3125,501.51
388,0.115019,93.7500,505.66
389,0.054603,98.4375,650.56
390,0.308084,92.1875,509.28
391,0.100748,95.3125,606.05
392,0.238374,92.1875,500.33
393,0.204140,92.1875,628.19
394,0.201838,92.1875,499.91
395,0.090091,96.8750,553.62
396,0.144388,93.7500,535.10
397,0.177194,92.1875,563.80
398,0.068058,96.8750,502.09
399,0.144534,92.1875,528.02
400,0.065473,98.4375,551.00
401,0.079637,96.8750,503.24
402,0.056236,98.4375,601.52
403,0.056263,98.4375,497.27
404,0.053286,98.4375,546.13
405,0.141230,89.0625,531.86
406,0.073249,96.8750,517.00
407,0.081159,98.4375,581.37
408,0.118376,96.8750,504.30
409,0.113984,95.3125,593.99
410,0.146106,93.7500,499.90
411,0.060961,96.8750,545.73
412,0.167742,92.1875,536.25
413,0.108351,96.8750,570.81
414,0.165189,95.3125,501.98
415,0.195566,90.6250,573.11
416,0.200479,93.7500,503.22
417,0.294315,92.1875,596.58
418,0.104134,95.3125,503.78
419,0.099148,96.8750,588.94
420,0.072372,96.8750,506.14
421,0.142505,95.3125,578.85
422,0.245460,89.0625,499.61
423,0.067271,96.8750,547.62
424,0.093318,98.4375,552.46
425,0.215801,92.1875,499.72
426,0.191284,95.3125,604.53
427,0.116279,95.3125,499.02
428,0.250517,92.1875,595.93
429,0.216299,95.3125,502.62
430,0.241383,92.1875,504.32
431,0.111857,95.3125,597.80
432,0.067592,98.4375,500.90
433,0.137673,95.3125,638.54
434,0.143043,93.7500,529.12
435,0.097002,100.0000,573.86
436,0.259230,90.6250,499.82
437,0.112578,96.8750,576.99
438,0.162888,92.1875,500.70
439,0.285714,89.0625,538.14
440,0.212725,92.1875,555.59
441,0.159328,93.7500,565.22
442,0.131559,93.7500,509.07
443,0.160732,95.3125,526.75
444,0.175495,89.0625,585.94
445,0.202950,90.6250,498.51
446,0.073596,98.4375,612.78
447,0.139318,92.1875,502.63
448,0.105232,95.3125,503.29
449,0.162539,95.3125,589.45
450,0.167838,92.1875,501.38
451,0.143369,93.7500,566.61
452,0.146098,96.8750,499.41
453,0.185363,92.1875,554.08
454,0.123160,96.8750,524.62
455,0.173820,90.6250,501.58
456,0.130942,95.3125,654.11
457,0.091390,96.8750,496.95
458,0.095784,96.8750,589.99
459,0.207059,90.6250,503.40
460,0.209308,89.0625,537.72
461,0.132069,95.3125,560.26
462,0.139209,95.3125,569.57
463,0.127303,95.3125,528.87
464,0.058844,96.8750,505.33
465,0.105615,93.7500,629.47
466,0.178701,93.7500,498.91
467,0.058814,100.0000,540.93
468,0.110672,96.8750,553.35
469,0.246998,89.0625,499.06
470,0.218365,92.1875,598.08
471,0.084539,95.3125,499.69
472,0.045250,100.0000,500.71
473,0.061461,100.0000,619.39
474,0.093484,98.4375,502.50
475,0.174529,95.3125,663.42
476,0.109958,96.8750,497.83
477,0.143136,93.7500,639.89
478,0.187752,92.1875,502.63
479,0.198950,96.8750,585.48
480,0.141704,93.7500,500.06
481,0.164120,95.3125,647.48
482,0.096852,96.8750,497.80
483,0.096536,96.8750,568.74
484,0.212499,93.7500,500.36
485,0.164896,92.1875,499.71
486,0.087581,98.4375,598.17
487,0.100305,96.8750,500.27
488,0.138115,93.7500,626.62
489,0.249860,93.7500,502.34
490,0.217391,90.6250,562.40
491,0.136047,95.3125,505.39
492,0.244021,90.6250,501.06
493,0.074045,96.8750,586.22
494,0.208451,90.6250,502.21
495,0.170722,92.1875,501.28
496,0.038973,100.0000,637.15
497,0.235829,92.1875,500.78
498,0.088574,96.8750,562.33
499,0.231363,92.1875,504.20
500,0.155661,92.1875,501.97
501,0.145173,95.3125,582.81
502,0.188557,92.1875,501.45
503,0.083760,96.8750,587.10
504,0.166769,92.1875,504.76
505,0.068899,98.4375,497.57
506,0.060667,98.4375,614.69
507,0.149319,95.3125,500.10
508,0.277829,92.1875,598.88
509,0.144227,96.8750,503.98
510,0.128027,93.7500,501.71
511,0.129916,96.8750,619.47
512,0.226711,93.7500,498.94
513,0.151956,93.7500,550.67
514,0.133163,93.7500,539.10
515,0.098669,96.8750,522.71
516,0.214977,89.0625,575.57
517,0.176901,93.7500,534.55
518,0.247730,92.1875,560.36
519,0.181455,93.7500,538.16
520,0.073389,96.8750,559.14
521,0.253308,90.6250,515.94
522,0.218145,87.5000,587.67
523,0.092237,96.8750,509.46
524,0.069094,96.8750,598.17
525,0.045334,98.4375,498.85
526,0.108629,95.3125,563.15
527,0.343324,89.0625,518.95
528,0.194495,92.1875,500.72
529,0.244626,93.7500,647.07
530,0.149005,96.8750,506.66
531,0.093807,95.3125,588.43
532,0.307494,92.1875,500.18
533,0.292607,90.6250,567.21
534,0.076209,98.4375,499.54
535,0.100126,96.8750,574.71
536,0.187327,93.7500,507.14
537,0.132008,92.1875,569.14
538,0.098178,96.8750,498.82
539,0.072034,96.8750,587.71
540,0.120895,96.8750,502.00
541,0.160666,96.8750,522.31
542,0.179544,93.7500,595.98
543,0.121635,92.1875,502.11
544,0.089748,98.4375,569.24
545,0.040626,100.0000,502.60
546,0.083684,95.3125,498.66
547,0.249075,92.1875,650.22
548,0.176818,93.7500,519.66
549,0.097766,98.4375,625.80
550,0.084625,95.3125,500.28
551,0.245661,90.6250,655.21
552,0.283194,90.6250,501.65
553,0.128432,93.7500,562.44
554,0.157152,92.1875,496.03
555,0.111192,93.7500,588.00
556,0.262081,93.7500,500.80
557,0.207826,92.1875,497.33
558,0.084254,96.8750,617.30
559,0.070482,100.0000,501.24
560,0.050820,98.4375,593.64
561,0.109536,95.3125,497.83
562,0.172344,96.8750,581.61
563,0.073327,98.4375,502.39
564,0.132643,93.7500,555.43
565,0.151602,96.8750,500.98
566,0.125584,93.7500,601.63
567,0.085461,96.8750,498.73
568,0.073895,100.0000,646.57
569,0.232939,89.0625,498.66
570,0.083062,100.0000,590.99
571,0.113162,96.8750,501.28
572,0.308708,89.0625,567.99
573,0.168910,93.7500,506.06
574,0.172868,96.8750,503.73
575,0.132435,93.7500,596.81
576,0.155017,93.7500,500.36
577,0.125174,96.8750,645.39
578,0.086643,95.3125,531.70
579,0.274290,92.1875,566.11
580,0.025680,100.0000,498.74
581,0.046514,100.0000,655.44
582,0.167366,93.7500,528.33
583,0.063115,98.4375,571.46
584,0.186526,95.3125,501.92
585,0.210078,90.6250,592.47
586,0.070421,98.4375,507.10
587,0.057242,100.0000,552.57
588,0.024336,100.0000,514.41
589,0.122175,96.8750,572.26
590,0.118658,96.8750,517.36
591,0.236578,90.6250,558.46
592,0.105292,96.8750,534.73
593,0.188091,92.1875,501.20
594,0.112786,96.8750,629.80
595,0.078627,98.4375,502.47
596,0.179387,93.7500,586.48
597,0.204671,93.7500,502.99
598,0.156636,95.3125,587.14
599,0.073856,96.8750,501.42
600,0.280519,90.6250,531.92
601,0.223468,92.1875,560.30
602,0.145500,95.3125,562.51
603,0.144463,93.7500,520.28
604,0.161289,92.1875,536.54
605,0.167602,92.1875,557.29
606,0.210377,89.0625,501.42
607,0.194621,92.1875,634.13
608,0.111052,95.3125,503.68
609,0.077597,95.3125,535.94
610,0.072419,96.8750,571.21
611,0.244839,92.1875,548.13
612,0.218138,93.7500,544.26
613,0.100903,96.8750,496.99
614,0.059757,100.0000,631.38
615,0.116857,93.7500,499.96
616,0.181710,93.7500,612.97
617,0.074758,96.8750,500.31
618,0.179408,93.7500,637.34
619,0.091645,96.8750,502.84
620,0.218369,92.1875,558.65
621,0.171580,95.3125,500.92
622,0.135994,93.7500,550.62
623,0.185482,92.1875,539.40
624,0.135769,93.7500,502.31
625,0.062967,98.4375,607.92
626,0.167231,95.3125,501.01
627,0.056081,98.4375,591.01
628,0.086439,96.8750,500.92
629,0.101190,96.8750,504.06
630,0.100117,93.7500,616.71
631,0.176005,92.1875,499.88
632,0.052832,96.8750,556.03
633,0.193063,93.7500,496.50
634,0.120509,96.8750,548.96
635,0.083728,95.3125,537.38
636,0.051452,98.4375,497.75
637,0.185661,92.1875,579.52
638,0.045935,98.4375,498.45
639,0.206651,93.7500,495.12
640,0.236388,89.0625,595.40
641,0.067613,96.8750,492.38
642,0.155574,95.3125,645.62
643,0.185075,90.6250,494.90
644,0.121204,93.7500,572.04
645,0.199540,93.7500,504.09
646,0.212659,93.7500,506.03
647,0.202037,93.7500,620.36
648,0.172303,96.8750,499.47
649,0.057396,98.4375,571.28
650,0.110438,95.3125,501.40
651,0.117950,95.3125,507.85
652,0.162769,95.3125,644.54
653,0.097901,98.4375,503.71
654,0.109434,96.8750,513.63
655,0.133138,92.1875,595.04
656,0.232647,93.7500,497.46
657,0.077530,96.8750,609.32
658,0.125020,93.7500,489.41
659,0.166130,95.3125,503.48
660,0.088949,98.4375,566.61
661,0.165546,95.3125,532.23
662,0.260549,93.7500,564.14
663,0.066594,98.4375,504.33
664,0.071670,96.8750,577.15
665,0.051736,98.4375,506.23
666,0.279269,90.6250,505.74
667,0.253084,89.0625,629.59
668,0.168698,95.3125,501.98
669,0.172368,95.3125,553.09
670,0.332550,90.6250,558.17
671,0.059190,100.0000,506.10
672,0.111252,98.4375,612.32
673,0.198428,92.1875,506.28
674,0.069545,95.3125,648.29
675,0.222771,93.7500,500.36
676,0.187232,90.6250,624.74
677,0.117423,95.3125,502.55
678,0.233604,95.3125,605.42
679,0.265878,90.6250,504.09
680,0.049093,96.8750,650.18
681,0.143758,90.6250,500.15
682,0.082611,96.8750,602.10
683,0.163265,92.1875,510.89
684,0.112466,96.8750,608.86
685,0.027009,100.0000,500.58
686,0.142362,92.1875,577.39
687,0.081015,96.8750,501.16
688,0.137216,95.3125,499.71
689,0.157306,93.7500,623.12
690,0.193366,95.3125,520.48
691,0.110491,95.3125,584.32
692,0.172281,98.4375,564.97
693,0.112960,96.8750,505.74
694,0.035217,100.0000,499.94
695,0.133348,93.7500,630.04
696,0.225573,90.6250,500.62
697,0.241734,92.1875,569.52
698,0.042276,100.0000,500.68
699,0.139566,95.3125,590.02
700,0.068566,98.4375,504.65
701,0.305341,95.3125,534.50
702,0.180293,95.3125,564.07
703,0.073890,96.8750,499.63
704,0.119290,92.1875,577.41
705,0.062672,96.8750,500.95
706,0.228793,93.7500,501.77
707,0.130464,93.7500,602.31
708,0.108279,96.8750,546.97
709,0.088520,98.4375,547.49
710,0.313891,89.0625,501.43
711,0.122654,93.7500,661.45
712,0.147882,93.7500,503.33
713,0.073534,98.4375,556.87
714,0.133177,95.3125,496.71
715,0.114824,95.3125,500.69
716,0.046557,98.4375,597.04
717,0.089631,96.8750,501.31
718,0.159577,92.1875,573.02
719,0.147519,93.7500,508.85
720,0.124977,92.1875,524.67
721,0.158039,95.3125,587.72
722,0.116102,95.3125,500.03
723,0.187488,96.8750,558.87
724,0.048434,96.8750,501.23
725,0.146380,95.3125,544.41
726,0.084007,96.8750,538.03
727,0.150089,92.1875,497.79
728,0.078776,95.3125,631.14
729,0.178779,92.1875,500.44
730,0.083758,98.4375,659.46
731,0.070599,96.8750,502.67
732,0.155497,96.8750,556.90
733,0.072758,96.8750,518.51
734,0.071373,98.4375,497.97
735,0.174012,93.7500,628.09
736,0.090133,96.8750,502.43
737,0.228842,92.1875,504.30
738,0.098958,95.3125,618.42
739,0.422546,87.5000,503.08
740,0.310830,89.0625,584.02
741,0.112533,95.3125,498.45
742,0.219232,90.6250,534.84
743,0.113121,95.3125,558.83
744,0.108726,96.8750,544.97
745,0.104351,95.3125,542.32
746,0.271135,90.6250,559.13
747,0.158662,95.3125,505.62
748,0.141263,95.3125,558.95
749,0.082089,98.4375,499.86
750,0.179173,90.6250,521.64
751,0.122685,95.3125,590.01
752,0.183498,93.7500,539.67
753,0.037162,98.4375,529.80
754,0.167352,95.3125,500.25
755,0.160946,95.3125,582.67
756,0.194661,92.1875,505.65
757,0.173569,90.6250,611.70
758,0.096114,95.3125,498.78
759,0.102401,98.4375,558.57
760,0.076637,96.8750,512.33
761,0.181485,95.3125,562.88
762,0.083484,96.8750,498.72
763,0.224284,95.3125,578.96
764,0.073494,96.8750,500.06
765,0.110833,93.7500,498.79
766,0.090490,98.4375,582.81
767,0.147945,95.3125,502.36
768,0.152035,95.3125,570.59
769,0.177495,95.3125,500.41
770,0.114453,95.3125,581.04
771,0.169169,93.7500,497.00
772,0.041913,98.4375,592.14
773,0.246836,95.3125,506.55
774,0.073543,96.8750,503.91
775,0.149482,92.1875,591.83
776,0.094958,96.8750,502.01
777,0.078021,100.0000,571.56
778,0.152946,92.1875,499.04
779,0.064733,100.0000,498.19
780,0.082439,100.0000,624.17
781,0.137201,93.7500,518.42
782,0.285602,87.5000,587.46
783,0.066148,98.4375,505.06
784,0.178847,92.1875,638.59
785,0.169266,93.7500,499.89
786,0.230611,90.6250,562.72
787,0.212739,93.7500,504.16
788,0.129771,96.8750,499.25
789,0.123023,95.3125,619.94
790,0.327634,87.5000,501.11
791,0.196746,95.3125,559.19
792,0.196774,92.1875,504.53
793,0.122797,95.3125,579.95
794,0.179918,90.6250,519.11
795,0.115691,96.8750,529.71
796,0.126041,96.8750,557.16
797,0.202039,90.6250,534.66
798,0.096771,96.8750,563.96
799,0.131085,93.7500,554.87
800,0.057511,98.4375,525.03
801,0.113078,95.3125,537.79
802,0.231849,90.6250,565.08
803,0.203213,93.7500,551.74
804,0.119593,95.3125,554.46
805,0.217000,93.7500,500.57
806,0.123532,93.7500,645.18
807,0.245950,92.1875,504.85
808,0.065742,98.4375,572.19
809,0.085320,95.3125,506.70
810,0.098626,96.8750,539.40
811,0.135637,95.3125,566.63
812,0.153250,95.3125,568.03
813,0.139489,95.3125,501.00
814,0.196416,95.3125,499.66
815,0.185384,93.7500,616.15
816,0.163825,95.3125,505.15
817,0.066037,100.0000,631.76
818,0.102456,98.4375,502.40
819,0.044712,98.4375,591.45
820,0.240643,90.6250,507.48
821,0.076168,98.4375,503.46
822,0.125939,98.4375,626.42
823,0.095490,96.8750,503.16
824,0.126360,93.7500,550.91
825,0.162986,93.7500,537.65
826,0.155407,95.3125,499.44
827,0.162253,93.7500,601.22
828,0.069270,96.8750,501.36
829,0.086370,98.4375,613.90
830,0.083771,93.7500,509.51
831,0.210723,90.6250,649.53
832,0.091815,95.3125,501.62
833,0.159669,95.3125,639.30
834,0.076736,96.8750,497.44
835,0.149580,93.7500,533.00
836,0.194312,93.7500,527.44
837,0.194308,93.7500,493.84
838,0.074366,96.8750,659.98
839,0.171354,90.6250,532.95
840,0.142732,93.7500,543.07
841,0.163314,93.7500,508.19
842,0.074640,98.4375,601.08
843,0.129918,96.8750,534.46
844,0.119099,95.3125,561.99
845,0.321577,90.6250,501.28
846,0.125449,92.1875,654.31
847,0.135383,95.3125,504.77
848,0.120015,92.1875,586.41
849,0.086781,96.8750,503.07
850,0.242817,90.6250,582.85
851,0.403673,90.6250,499.40
852,0.190330,93.7500,594.19
853,0.169383,90.6250,500.25
854,0.165028,95.3125,539.76
855,0.105612,98.4375,572.09
856,0.104008,95.3125,503.23
857,0.027973,100.0000,607.19
858,0.042408,98.4375,500.80
859,0.101063,98.4375,649.37
860,0.031803,100.0000,508.41
861,0.258626,90.6250,650.16
862,0.041907,98.4375,498.44
863,0.135069,95.3125,569.06
864,0.125359,96.8750,502.85
865,0.138102,93.7500,498.21
866,0.188513,90.6250,617.12
867,0.264843,93.7500,554.81
868,0.086851,96.8750,535.34
869,0.082796,98.4375,553.48
870,0.132925,95.3125,545.51
871,0.137916,92.1875,553.32
872,0.159447,93.7500,516.93
873,0.048355,96.8750,504.38
874,0.172042,93.7500,601.73
875,0.129069,93.7500,499.36
876,0.110189,95.3125,611.20
877,0.368623,89.0625,502.63
878,0.213042,93.7500,574.38
879,0.134451,95.3125,498.30
880,0.102782,95.3125,587.63
881,0.132011,96.8750,498.16
882,0.192276,92.1875,501.33
883,0.149761,92.1875,618.84
884,0.229168,95.3125,501.22
885,0.218883,92.1875,585.24
886,0.138870,92.1875,500.16
887,0.081187,95.3125,497.39
888,0.107924,93.7500,646.25
889,0.237797,90.6250,504.36
890,0.186563,90.6250,651.42
891,0.052488,98.4375,501.41
892,0.251214,92.1875,547.53
893,0.260060,89.0625,552.05
894,0.232609,87.5000,502.91
895,0.132083,93.7500,584.59
896,0.244030,93.7500,500.09
897,0.120350,98.4375,499.99
898,0.179872,93.7500,600.21
899,0.161127,93.7500,494.39
900,0.161287,95.3125,553.81
901,0.166936,96.8750,498.46
902,0.376163,90.6250,499.12
903,0.098500,93.7500,599.81
904,0.203191,95.3125,506.35
905,0.194530,92.1875,582.99
906,0.170786,90.6250,501.73
907,0.182593,93.7500,497.81
908,0.228333,90.6250,641.80
909,0.206503,92.1875,498.98
910,0.251448,89.0625,651.18
911,0.091983,95.3125,501.78
912,0.077086,98.4375,616.17
913,0.150437,96.8750,501.50
914,0.061658,98.4375,617.96
915,0.060927,96.8750,528.16
916,0.096194,96.8750,581.53
917,0.387389,92.1875,500.20
918,0.244972,92.1875,585.20
919,0.135521,95.3125,499.20
920,0.144815,93.7500,538.39
921,0.088758,96.8750,557.42
922,0.183153,93.7500,499.46
923,0.219836,92.1875,586.47
924,0.107013,95.3125,506.15
925,0.109975,95.3125,591.78
926,0.107586,96.8750,502.94
927,0.266570,92.1875,587.44
928,0.205215,92.1875,502.96
929,0.150584,96.8750,632.27
930,0.149328,93.7500,501.03
931,0.136955,95.3125,648.30
932,0.162376,93.7500,497.36
933,0.081280,95.3125,646.39
934,0.231701,90.6250,501.13
935,0.111373,95.3125,613.64
936,0.166887,92.1875,546.79
937,0.157177,95.3125,536.60
938,0.089139,95.3125,575.41
939,0.190905,93.7500,506.54
940,0.263779,92.1875,560.03
941,0.150710,95.3125,497.33
942,0.120936,93.7500,501.28
943,0.133828,95.3125,594.77
944,0.044972,98.4375,503.07
945,0.075603,98.4375,636.45
946,0.165435,96.8750,500.26
947,0.074069,96.8750,580.24
948,0.184468,92.1875,501.00
949,0.246059,93.7500,633.62
950,0.132563,93.7500,496.32
951,0.088493,100.0000,560.68
952,0.125722,95.3125,526.73
953,0.074031,96.8750,533.09
954,0.156105,93.7500,548.39
955,0.215222,92.1875,560.43
956,0.237654,90.6250,513.31
957,0.073389,96.8750,500.27
958,0.070221,96.8750,642.21
959,0.188066,92.1875,497.16
960,0.189028,95.3125,587.08
961,0.119961,96.8750,500.70
962,0.041946,98.4375,608.52
963,0.302410,87.5000,500.35
964,0.165490,93.7500,504.24
965,0.089240,95.3125,600.76
966,0.115154,96.8750,505.20
967,0.095409,96.8750,634.43
968,0.075631,96.8750,495.33
969,0.115629,95.3125,562.10
970,0.139738,95.3125,501.89
971,0.218714,87.5000,495.66
972,0.112887,96.8750,581.43
973,0.202435,93.7500,494.74
974,0.253303,90.6250,607.92
975,0.132674,95.3125,498.03
976,0.168092,90.6250,547.67
977,0.155561,92.1875,528.76
978,0.147400,93.7500,558.97
979,0.157997,95.3125,505.09
980,0.185348,89.0625,569.93
981,0.138531,93.7500,505.29
982,0.097256,98.4375,500.87
983,0.109382,95.3125,656.29
984,0.136690,95.3125,502.96
985,0.091713,95.3125,531.29
986,0.140920,92.1875,559.61
987,0.190763,92.1875,497.52
988,0.220009,92.1875,604.92
989,0.071507,95.3125,561.25
990,0.187135,92.1875,521.40
991,0.109432,95.3125,548.42
992,0.152948,95.3125,530.68
993,0.203321,92.1875,573.05
994,0.054028,98.4375,500.44
995,0.265314,85.9375,502.51
996,0.143785,93.7500,633.04
997,0.176319,93.7500,505.73
998,0.185868,92.1875,594.45
999,0.198765,89.0625,505.73
1000,0.142795,95.3125,549.53
1001,0.113421,93.7500,549.41
1002,0.291182,90.6250,500.10
1003,0.127665,95.3125,590.47
1004,0.326627,85.9375,501.86
1005,0.255521,90.6250,574.97
1006,0.175529,92.1875,502.44
1007,0.171870,93.7500,502.89
1008,0.215599,93.7500,651.14
1009,0.117220,96.8750,503.63
1010,0.246241,90.6250,560.16
1011,0.204116,92.1875,517.77
1012,0.210400,85.9375,579.05
1013,0.168184,93.7500,522.14
1014,0.233379,92.1875,557.36
1015,0.189083,93.7500,535.09
1016,0.113582,95.3125,504.88
1017,0.286320,92.1875,608.66
1018,0.160112,96.8750,505.71
1019,0.129815,95.3125,595.29
1020,0.249497,95.3125,499.15
1021,0.157468,90.6250,622.95
1022,0.224278,93.7500,511.43
1023,0.187381,93.7500,556.30
1024,0.177371,93.7500,525.18
1025,0.083428,98.4375,542.94
1026,0.151764,92.1875,567.74
1027,0.052028,98.4375,503.09
1028,0.100891,96.8750,644.01
1029,0.067198,98.4375,504.87
1030,0.193712,93.7500,591.90
1031,0.187989,95.3125,504.00
1032,0.122353,96.8750,517.35
1033,0.216216,92.1875,594.31
1034,0.082794,96.8750,512.42
1035,0.142335,96.8750,602.84
1036,0.154405,96.8750,573.96
1037,0.271800,89.0625,519.75
1038,0.159299,96.8750,542.07
1039,0.163483,93.7500,543.02
1040,0.246480,93.7500,501.42
1041,0.124711,96.8750,631.02
1042,0.159323,95.3125,532.17
1043,0.144349,93.7500,560.53
1044,0.087002,98.4375,571.28
1045,0.092213,98.4375,500.42
1046,0.254446,93.7500,505.35
1047,0.172704,92.1875,655.73
1048,0.072642,96.8750,502.87
1049,0.094979,95.3125,611.33
1050,0.123282,95.3125,507.52
1051,0.214742,90.6250,567.18
1052,0.125183,93.7500,505.09
1053,0.065164,100.0000,569.77
1054,0.124618,93.7500,501.68
1055,0.135000,95.3125,550.02
1056,0.059608,98.4375,544.47
1057,0.077999,96.8750,555.35
1058,0.094638,96.8750,524.40
1059,0.096769,96.8750,501.52
1060,0.181951,93.7500,630.52
1061,0.114591,96.8750,505.37
1062,0.160661,92.1875,560.00
1063,0.173921,95.3125,500.83
1064,0.171464,92.1875,501.20
1065,0.061631,98.4375,608.58
1066,0.238796,95.3125,499.39
1067,0.101354,96.8750,559.34
1068,0.112391,98.4375,503.68
1069,0.097756,96.8750,545.83
1070,0.109517,95.3125,554.69
1071,0.157312,95.3125,500.67
1072,0.113602,95.3125,626.93
1073,0.077144,98.4375,500.55
1074,0.065251,96.8750,563.91
1075,0.235866,92.1875,501.67
1076,0.243990,93.7500,604.38
1077,0.045325,98.4375,500.37
1078,0.182578,93.7500,573.82
1079,0.097909,95.3125,515.46
1080,0.169995,92.1875,577.36
1081,0.095873,98.4375,518.71
1082,0.189555,93.7500,583.72
1083,0.324552,89.0625,504.03
1084,0.128991,96.8750,583.95
1085,0.275833,89.0625,503.88
1086,0.167937,90.6250,658.68
1087,0.080883,96.8750,502.78
1088,0.145545,93.7500,570.43
1089,0.089570,95.3125,502.09
1090,0.122837,95.3125,502.33
1091,0.224545,93.7500,595.02
1092,0.133358,95.3125,499.80
1093,0.093424,96.8750,588.79
1094,0.153752,90.6250,499.56
1095,0.077916,95.3125,568.64
1096,0.182938,92.1875,503.29
1097,0.124363,95.3125,498.18
1098,0.196464,95.3125,671.54
1099,0.136413,93.7500,499.28
1100,0.193247,93.7500,589.90
1101,0.162796,93.7500,505.76
1102,0.043425,100.0000,592.19
1103,0.069588,98.4375,501.72
1104,0.135707,93.7500,582.41
1105,0.140934,95.3125,502.07
1106,0.204610,93.7500,496.71
1107,0.128019,95.3125,600.61
1108,0.087515,98.4375,503.21
1109,0.213445,95.3125,575.00
1110,0.142787,95.3125,519.70
1111,0.311648,85.9375,545.12
1112,0.168855,96.8750,546.56
1113,0.309326,92.1875,503.53
1114,0.078887,96.8750,601.59
1115,0.190255,93.7500,501.07
1116,0.364586,89.0625,560.78
1117,0.101362,96.8750,529.18
1118,0.207590,90.6250,501.71
1119,0.391150,89.0625,639.98
1120,0.081772,98.4375,502.29
1121,0.181907,90.6250,631.21
1122,0.196245,93.7500,511.16
1123,0.199593,92.1875,590.54
1124,0.157934,95.3125,504.07
1125,0.242740,87.5000,499.53
1126,0.139522,93.7500,610.69
1127,0.272871,92.1875,501.99
1128,0.161266,92.1875,611.84
1129,0.076162,98.4375,497.29
1130,0.068819,96.8750,620.06
1131,0.084839,98.4375,505.50
1132,0.253664,90.6250,572.49
1133,0.242441,92.1875,519.57
1134,0.190650,92.1875,591.76
1135,0.127861,96.8750,501.38
1136,0.160896,93.7500,498.43
1137,0.156706,92.1875,607.82
1138,0.111173,96.8750,502.33
1139,0.247862,90.6250,654.46
1140,0.136693,95.3125,528.50
1141,0.122646,93.7500,568.77
1142,0.115188,98.4375,500.88
1143,0.167177,95.3125,646.68
1144,0.188871,93.7500,500.54
1145,0.117925,95.3125,543.40
1146,0.235784,89.0625,531.81
1147,0.207714,92.1875,560.60
1148,0.106592,98.4375,499.67
1149,0.096533,96.8750,502.73
1150,0.256144,93.7500,594.04
1151,0.105583,96.8750,500.34
1152,0.076451,98.4375,541.27
1153,0.131035,93.7500,554.29
1154,0.089390,98.4375,498.91
1155,0.113175,95.3125,628.44
1156,0.231056,93.7500,535.00
1157,0.152877,93.7500,563.46
1158,0.093162,95.3125,501.54
1159,0.161309,93.7500,618.58
1160,0.199144,93.7500,550.05
1161,0.086974,96.8750,527.48
1162,0.142680,93.7500,523.33
1163,0.204163,92.1875,588.97
1164,0.145949,93.7500,501.20
1165,0.225523,93.7500,589.08
1166,0.066861,96.8750,499.57
1167,0.297095,90.6250,563.24
1168,0.101574,96.8750,498.57
1169,0.144439,93.7500,500.57
1170,0.278993,90.6250,582.79
1171,0.247530,92.1875,500.35
1172,0.197608,90.6250,575.39
1173,0.189919,90.6250,497.98
1174,0.226886,93.7500,495.87
1175,0.194047,90.6250,613.13
1176,0.095507,98.4375,499.99
1177,0.179703,93.7500,586.13
1178,0.079496,98.4375,501.61
1179,0.203401,90.6250,520.00
1180,0.190042,93.7500,573.35
1181,0.117372,98.4375,522.47
1182,0.142477,96.8750,548.92
1183,0.131166,95.3125,490.23
1184,0.112527,95.3125,580.66
1185,0.134556,96.8750,485.80
1186,0.210114,92.1875,547.87
1187,0.114573,95.3125,491.94
1188,0.259762,90.6250,548.01
1189,0.209570,93.7500,498.96
1190,0.146611,95.3125,570.95
1191,0.069293,98.4375,491.70
1192,0.123324,95.3125,546.96
1193,0.106129,93.7500,516.79
1194,0.232759,95.3125,584.69
1195,0.101379,98.4375,502.96
1196,0.176746,92.1875,517.90
1197,0.103180,96.8750,611.40
1198,0.186537,93.7500,500.27
1199,0.122571,96.8750,588.66
1200,0.114686,98.4375,499.42
1201,0.126425,93.7500,503.12
1202,0.140162,93.7500,610.48
1203,0.125754,95.3125,498.59
1204,0.255878,93.7500,646.71
1205,0.060982,100.0000,502.03
1206,0.155664,92.1875,597.19
1207,0.341491,90.6250,504.81
1208,0.058754,98.4375,596.89
1209,0.137646,96.8750,500.96
1210,0.234484,92.1875,554.46
1211,0.113335,96.8750,524.29
1212,0.144500,92.1875,520.84
1213,0.180023,95.3125,593.30
1214,0.222524,96.8750,588.22
1215,0.203758,85.9375,520.59
1216,0.220785,92.1875,556.24
1217,0.076003,95.3125,534.23
1218,0.084506,95.3125,499.66
1219,0.154677,96.8750,587.46
1220,0.130500,95.3125,501.09
1221,0.139835,95.3125,640.78
1222,0.178563,92.1875,498.53
1223,0.186386,93.7500,588.43
1224,0.129603,95.3125,503.34
1225,0.082481,98.4375,659.37
1226,0.109465,96.8750,498.30
1227,0.170289,93.7500,597.44
1228,0.176999,95.3125,500.34
1229,0.090802,95.3125,525.80
1230,0.156192,95.3125,572.64
1231,0.179992,90.6250,553.18
1232,0.250261,93.7500,534.71
1233,0.169877,96.8750,504.23
1234,0.201990,95.3125,619.25
1235,0.209014,92.1875,501.97
1236,0.110981,95.3125,626.19
1237,0.122096,93.7500,499.74
1238,0.214812,92.1875,626.43
1239,0.081665,95.3125,499.94
1240,0.200038,90.6250,542.75
1241,0.145188,96.8750,553.84
1242,0.264538,90.6250,499.43
1243,0.168808,95.3125,589.99
1244,0.084467,98.4375,501.01
1245,0.132498,93.7500,646.79
1246,0.081088,98.4375,501.14
1247,0.303588,85.9375,657.13
1248,0.190938,92.1875,501.25
1249,0.213217,93.7500,573.83
1250,0.203265,92.1875,502.77
1251,0.093833,98.4375,599.09
1252,0.165369,96.8750,495.86
1253,0.175728,95.3125,494.84
1254,0.152303,96.8750,602.32
1255,0.118029,95.3125,518.31
1256,0.126254,95.3125,578.32
1257,0.170084,95.3125,520.62
1258,0.227609,93.7500,564.93
1259,0.192067,93.7500,497.12
1260,0.043265,100.0000,662.42
1261,0.155318,96.8750,516.15
1262,0.072177,96.8750,582.67
1263,0.073049,96.8750,500.49
1264,0.060284,98.4375,577.90
1265,0.208042,90.6250,498.77
1266,0.142696,90.6250,556.63
1267,0.156490,93.7500,518.24
1268,0.179813,93.7500,589.26
1269,0.105348,98.4375,504.21
1270,0.187303,95.3125,623.41
1271,0.202387,95.3125,498.37
1272,0.108806,96.8750,568.17
1273,0.128939,95.3125,498.34
1274,0.188402,92.1875,503.00
1275,0.136688,96.8750,629.41
1276,0.038306,100.0000,498.38
1277,0.032408,100.0000,559.67
1278,0.134835,93.7500,502.50
1279,0.183607,93.7500,492.74
1280,0.200918,93.7500,601.44
1281,0.248327,93.7500,493.93
1282,0.091702,96.8750,494.74
1283,0.307475,87.5000,589.80
1284,0.134754,95.3125,489.02
1285,0.132824,95.3125,589.98
1286,0.052817,98.4375,492.17
1287,0.190599,93.7500,584.53
1288,0.194360,93.7500,511.31
1289,0.171798,95.3125,593.50
1290,0.192764,90.6250,495.73
1291,0.194003,93.7500,496.63
1292,0.097521,96.8750,611.59
1293,0.168570,92.1875,499.81
1294,0.295122,92.1875,639.87
1295,0.156952,93.7500,499.19
1296,0.213353,93.7500,570.14
1297,0.086444,96.8750,504.44
1298,0.151107,92.1875,587.85
1299,0.280606,92.1875,506.86
1300,0.136619,96.8750,531.25
1301,0.152632,92.1875,560.57
1302,0.124926,93.7500,505.13
1303,0.245367,90.6250,678.25
1304,0.054381,98.4375,505.59
1305,0.248532,90.6250,550.08
1306,0.118254,93.7500,521.58
1307,0.048584,100.0000,493.44
1308,0.081188,95.3125,581.47
1309,0.211426,95.3125,487.66
1310,0.095337,96.8750,561.17
1311,0.130697,95.3125,501.32
1312,0.158747,96.8750,555.77
1313,0.254925,87.5000,555.06
1314,0.245107,95.3125,499.27
1315,0.083717,98.4375,591.03
1316,0.226451,90.6250,504.39
1317,0.275162,87.5000,557.79
1318,0.197820,95.3125,529.29
1319,0.164223,96.8750,500.69
1320,0.221668,95.3125,602.26
1321,0.112418,96.8750,498.87
1322,0.115019,93.7500,559.99
1323,0.104033,95.3125,502.99
1324,0.168821,90.6250,570.44
1325,0.121149,95.3125,502.58
1326,0.145555,93.7500,503.76
1327,0.135137,93.7500,651.93
1328,0.163243,93.7500,503.88
1329,0.207879,92.1875,537.21
1330,0.189807,93.7500,545.05
1331,0.234852,90.6250,502.25
1332,0.088962,95.3125,595.85
1333,0.090123,96.8750,504.55
1334,0.074214,96.8750,532.78
1335,0.145390,93.7500,561.36
1336,0.034187,100.0000,501.47
1337,0.211389,90.6250,647.13
1338,0.324659,90.6250,501.93
1339,0.210601,93.7500,549.66
1340,0.135949,95.3125,536.42
1341,0.089662,95.3125,500.91
1342,0.160340,93.7500,604.06
1343,0.228427,95.3125,540.12
1344,0.224414,93.7500,560.16
1345,0.099744,96.8750,503.33
1346,0.186052,96.8750,611.87
1347,0.169369,93.7500,497.93
1348,0.125621,95.3125,621.95
1349,0.043624,100.0000,504.88
1350,0.295927,90.6250,553.18
1351,0.080146,98.4375,550.50
1352,0.071231,98.4375,502.86
1353,0.062945,98.4375,599.78
1354,0.125275,96.8750,549.49
1355,0.138718,93.7500,559.47
1356,0.065738,98.4375,503.23
1357,0.101026,95.3125,598.91
1358,0.146456,95.3125,499.99
1359,0.187035,90.6250,561.31
1360,0.130802,92.1875,500.72
1361,0.082042,95.3125,570.24
1362,0.220529,92.1875,498.44
1363,0.085524,98.4375,558.66
1364,0.056834,98.4375,518.62
1365,0.078229,95.3125,497.89
1366,0.147442,92.1875,651.93
1367,0.160095,95.3125,505.77
1368,0.242382,93.7500,561.33
1369,0.148483,92.1875,508.13
1370,0.162677,96.8750,575.95
1371,0.126851,96.8750,499.38
1372,0.061020,98.4375,556.76
1373,0.100950,98.4375,501.70
1374,0.192623,93.7500,521.12
1375,0.205166,92.1875,587.46
1376,0.123105,96.8750,522.37
1377,0.163619,90.6250,583.69
1378,0.340321,90.6250,497.81
1379,0.080476,95.3125,613.93
1380,0.124396,96.8750,506.38
1381,0.138445,96.8750,591.39
1382,0.202863,96.8750,501.31
1383,0.070616,96.8750,567.85
1384,0.127708,93.7500,530.22
1385,0.114837,95.3125,548.60
1386,0.104103,95.3125,554.75
1387,0.145952,93.7500,499.35
1388,0.114688,96.8750,606.99
1389,0.135918,95.3125,497.24
1390,0.123319,93.7500,590.60
1391,0.093060,98.4375,496.88
1392,0.157280,93.7500,547.55
1393,0.114264,93.7500,544.06
1394,0.075587,96.8750,560.75
1395,0.199584,92.1875,497.88
1396,0.183025,89.0625,498.27
1397,0.097383,95.3125,603.44
1398,0.177424,95.3125,502.46
1399,0.108497,93.7500,567.20
1400,0.112294,95.3125,499.35
1401,0.052700,98.4375,534.92
1402,0.086025,95.3125,555.77
1403,0.152824,96.8750,558.91
1404,0.174719,95.3125,498.53
1405,0.271416,90.6250,514.04
1406,0.126335,95.3125,581.46
1407,0.201214,92.1875,504.52
1408,0.205382,90.6250,623.95
1409,0.068986,98.4375,518.70
1410,0.112350,95.3125,589.13
1411,0.021629,100.0000,505.50
1412,0.049816,98.4375,603.96
1413,0.193474,96.8750,499.57
1414,0.108306,95.3125,579.81
1415,0.213726,93.7500,499.67
1416,0.143607,90.6250,555.15
1417,0.118288,95.3125,559.64
1418,0.113697,95.3125,502.45
1419,0.095135,96.8750,555.38
1420,0.201626,95.3125,498.92
1421,0.056511,96.8750,567.27
1422,0.117435,93.7500,505.27
1423,0.097332,95.3125,529.20
1424,0.103741,96.8750,554.70
1425,0.141876,90.6250,500.48
1426,0.121405,93.7500,662.59
1427,0.144992,95.3125,499.22
1428,0.145041,93.7500,637.25
1429,0.149660,93.7500,496.37
1430,0.168909,95.3125,553.65
1431,0.052727,98.4375,502.84
1432,0.299607,90.6250,587.51
1433,0.157435,92.1875,494.62
1434,0.197886,89.0625,564.86
1435,0.133784,96.8750,501.10
1436,0.217277,90.6250,503.94
1437,0.075564,98.4375,639.24
1438,0.121667,95.3125,503.13
1439,0.144250,93.7500,549.51
1440,0.102730,95.3125,538.76
1441,0.080257,96.8750,500.65
1442,0.151570,96.8750,578.03
1443,0.067794,98.4375,497.87
1444,0.114105,95.3125,504.39
1445,0.153912,95.3125,604.77
1446,0.076247,98.4375,509.76
1447,0.127938,93.7500,596.57
1448,0.233734,90.6250,500.26
1449,0.119282,95.3125,624.96
1450,0.236922,95.3125,499.40
1451,0.132810,96.8750,532.44
1452,0.159364,95.3125,562.88
1453,0.152960,92.1875,546.92
1454,0.056358,98.4375,533.08
1455,0.107054,93.7500,505.24
1456,0.060190,98.4375,659.18
1457,0.204840,92.1875,501.84
1458,0.138154,93.7500,587.66
1459,0.144492,95.3125,497.75
1460,0.071167,95.3125,600.33
1461,0.102135,96.8750,496.36
1462,0.150738,93.7500,569.35
1463,0.095510,96.8750,500.04
1464,0.129381,95.3125,498.02
1465,0.067550,96.8750,588.28
1466,0.186322,95.3125,502.41
1467,0.140917,95.3125,607.48
1468,0.079877,98.4375,499.45
1469,0.112660,95.3125,581.50
1470,0.185787,93.7500,499.80
1471,0.127556,95.3125,499.28
1472,0.086360,98.4375,647.49
1473,0.262337,92.1875,499.41
1474,0.229163,89.0625,549.90
1475,0.052677,98.4375,501.15
1476,0.231937,93.7500,545.88
1477,0.175584,92.1875,536.44
1478,0.040418,100.0000,501.01
1479,0.183074,93.7500,620.56
1480,0.087858,98.4375,497.90
1481,0.069667,100.0000,619.64
1482,0.101982,96.8750,502.05
1483,0.116647,95.3125,642.40
1484,0.151497,95.3125,503.85
1485,0.189484,89.0625,613.84
1486,0.125983,95.3125,498.60
1487,0.108785,96.8750,649.77
1488,0.052782,98.4375,500.84
1489,0.123998,96.8750,592.85
1490,0.283682,89.0625,503.27
1491,0.081023,96.8750,605.17
1492,0.065301,98.4375,499.51
1493,0.139756,93.7500,592.19
1494,0.133321,93.7500,494.44
1495,0.064468,96.8750,557.73
1496,0.072869,98.4375,515.72
1497,0.158383,95.3125,534.09
1498,0.113587,95.3125,559.55
1499,0.125957,95.3125,499.62
1500,0.138076,93.7500,655.31
1501,0.220280,93.7500,499.65
1502,0.070449,96.8750,618.91
1503,0.181951,95.3125,501.43
1504,0.133379,95.3125,657.88
1505,0.095841,96.8750,519.35
1506,0.083056,96.8750,570.47
1507,0.075823,96.8750,517.10
1508,0.144519,96.8750,540.79
1509,0.129698,92.1875,545.15
1510,0.085142,93.7500,573.34
1511,0.053352,98.4375,505.86
1512,0.290825,92.1875,585.59
1513,0.195971,95.3125,500.00
1514,0.164069,93.7500,599.28
1515,0.207785,92.1875,506.59
1516,0.084875,98.4375,580.39
1517,0.073237,96.8750,522.69
1518,0.090525,95.3125,566.98
1519,0.157479,93.7500,503.03
1520,0.062219,98.4375,504.24
1521,0.257028,90.6250,613.74
1522,0.079415,96.8750,502.90
1523,0.078953,96.8750,586.61
1524,0.076105,95.3125,502.52
1525,0.240221,92.1875,596.63
1526,0.186633,95.3125,508.93
1527,0.123420,95.3125,522.96
1528,0.282916,92.1875,592.06
1529,0.282793,92.1875,500.64
1530,0.186951,92.1875,634.64
1531,0.181837,93.7500,506.36
1532,0.185963,95.3125,628.27
1533,0.150194,95.3125,499.77
1534,0.073374,98.4375,575.18
1535,0.123582,95.3125,520.06
1536,0.164767,93.7500,500.65
1537,0.103235,96.8750,605.57
1538,0.123205,96.8750,499.20
1539,0.117577,96.8750,496.30
1540,0.144916,93.7500,614.56
1541,0.143067,93.7500,497.23
1542,0.171775,92.1875,579.67
1543,0.229622,92.1875,515.16
1544,0.274252,87.5000,502.13
1545,0.167087,92.1875,633.01
1546,0.290577,92.1875,502.66
1547,0.208881,92.1875,648.85
1548,0.218333,93.7500,504.10
1549,0.109171,95.3125,576.06
1550,0.158117,93.7500,501.36
1551,0.109772,93.7500,582.53
1552,0.172174,92.1875,500.10
1553,0.060799,96.8750,593.99
1554,0.241328,90.6250,495.02
1555,0.121866,95.3125,499.05
1556,0.167663,95.3125,651.87
1557,0.073987,98.4375,501.01
1558,0.205124,93.7500,562.68
1559,0.198143,96.8750,506.05
1560,0.141806,93.7500,502.24
1561,0.132332,95.3125,597.10
1562,0.229708,89.0625,500.10
1563,0.199888,90.6250,615.39
1564,0.185063,95.3125,510.90
1565,0.146156,93.7500,624.78
1566,0.264985,93.7500,502.73
1567,0.174099,96.8750,554.35
1568,0.165399,92.1875,535.08
1569,0.173008,95.3125,499.74
1570,0.163710,93.7500,601.42
1571,0.165848,93.7500,507.47
1572,0.249022,92.1875,565.76
1573,0.101221,95.3125,503.72
1574,0.185035,93.7500,559.61
1575,0.191964,92.1875,521.42
1576,0.158772,90.6250,500.71
1577,0.198207,89.0625,654.39
1578,0.188152,92.1875,497.99
1579,0.131130,95.3125,650.47
1580,0.119398,95.3125,498.03
1581,0.249883,90.6250,638.00
1582,0.160091,95.3125,504.18
1583,0.219914,90.6250,561.86
1584,0.123120,95.3125,501.02
1585,0.058949,100.0000,565.18
1586,0.160612,93.7500,505.08
1587,0.102483,98.4375,531.43
1588,0.177249,93.7500,560.67
1589,0.098269,96.8750,533.14
1590,0.310114,90.6250,558.32
1591,0.174247,92.1875,498.85
1592,0.261546,93.7500,606.25
1593,0.169969,96.8750,519.20
1594,0.176906,92.1875,570.39
1595,0.210353,90.6250,500.13
1596,0.240720,95.3125,601.39
1597,0.117112,96.8750,498.59
1598,0.040868,98.4375,568.02
1599,0.104309,96.8750,504.42
1600,0.191921,95.3125,585.71
1601,0.179149,92.1875,503.82
1602,0.043839,100.0000,504.46
1603,0.109314,93.7500,625.82
1604,0.167517,95.3125,506.53
1605,0.057988,100.0000,594.97
1606,0.145131,95.3125,502.87
1607,0.194601,90.6250,593.92
1608,0.145628,93.7500,507.66
1609,0.060198,98.4375,499.89
1610,0.191567,90.6250,616.54
1611,0.095287,96.8750,519.69
1612,0.113131,96.8750,573.62
1613,0.250383,90.6250,497.65
1614,0.144134,95.3125,640.43
1615,0.089412,96.8750,505.40
1616,0.109156,95.3125,572.00
1617,0.195839,93.7500,500.71
1618,0.140121,93.7500,499.96
1619,0.129782,93.7500,615.51
1620,0.265881,87.5000,498.68
1621,0.239771,87.5000,570.41
1622,0.164145,95.3125,515.64
1623,0.085623,96.8750,499.31
1624,0.126857,95.3125,644.45
1625,0.057098,98.4375,501.46
1626,0.149081,95.3125,592.38
1627,0.076919,96.8750,503.37
1628,0.201916,92.1875,552.17
1629,0.254168,95.3125,522.83
1630,0.187747,92.1875,505.09
1631,0.036189,100.0000,584.27
1632,0.200470,90.6250,506.43
1633,0.143410,96.8750,584.97
1634,0.156412,93.7500,502.02
1635,0.183634,95.3125,551.60
1636,0.117128,95.3125,503.79
1637,0.097394,95.3125,505.26
1638,0.119025,95.3125,638.95
1639,0.130317,93.7500,532.37
1640,0.274443,90.6250,557.86
1641,0.145134,96.8750,492.69
1642,0.100889,96.8750,627.83
1643,0.187735,95.3125,492.05
1644,0.117695,96.8750,579.17
1645,0.140282,95.3125,502.60
1646,0.166757,90.6250,579.88
1647,0.139574,93.7500,500.79
1648,0.103240,95.3125,581.41
1649,0.090844,98.4375,504.51
1650,0.097309,96.8750,554.18
1651,0.114394,98.4375,515.69
1652,0.102563,95.3125,534.12
1653,0.089039,95.3125,556.07
1654,0.025192,100.0000,504.35
1655,0.140714,95.3125,643.62
1656,0.180640,92.1875,503.97
1657,0.138872,92.1875,541.50
1658,0.055665,98.4375,560.46
1659,0.092677,95.3125,543.59
1660,0.042793,100.0000,525.34
1661,0.064460,100.0000,559.25
1662,0.189460,93.7500,512.55
1663,0.301503,92.1875,498.80
1664,0.166249,92.1875,637.88
1665,0.159724,93.7500,501.92
1666,0.183114,93.7500,511.72
1667,0.083478,98.4375,575.79
1668,0.193091,90.6250,500.35
1669,0.275210,92.1875,559.37
1670,0.131014,95.3125,502.40
1671,0.189468,92.1875,564.88
1672,0.190674,93.7500,498.58
1673,0.056928,98.4375,510.94
1674,0.119896,95.3125,662.88
1675,0.266386,93.7500,499.74
1676,0.043716,100.0000,639.55
1677,0.087611,95.3125,502.76
1678,0.080414,98.4375,609.51
1679,0.174533,90.6250,502.68
1680,0.151528,93.7500,498.89
1681,0.088292,96.8750,597.28
1682,0.247076,89.0625,503.54
1683,0.187999,92.1875,572.28
1684,0.066381,96.8750,499.56
1685,0.272922,85.9375,568.23
1686,0.144060,96.8750,509.55
1687,0.113875,96.8750,596.05
1688,0.083335,93.7500,497.88
1689,0.185187,95.3125,504.02
1690,0.124941,96.8750,613.58
1691,0.147755,96.8750,500.65
1692,0.142129,92.1875,539.15
1693,0.259879,90.6250,548.18
1694,0.184960,93.7500,567.31
1695,0.123810,93.7500,499.93
1696,0.117891,95.3125,581.04
1697,0.127378,92.1875,501.33
1698,0.122570,92.1875,498.36
1699,0.113996,95.3125,604.85
1700,0.173951,93.7500,497.32
1701,0.194207,92.1875,571.09
1702,0.237562,92.1875,496.58
1703,0.240046,92.1875,574.96
1704,0.188029,93.7500,518.27
1705,0.052213,98.4375,569.15
1706,0.112385,96.8750,502.02
1707,0.076812,95.3125,557.82
1708,0.086074,95.3125,504.54
1709,0.195338,93.7500,576.54
1710,0.112891,96.8750,505.34
1711,0.149859,95.3125,507.65
1712,0.133481,95.3125,661.33
1713,0.155163,93.7500,503.72
1714,0.351146,84.3750,603.41
1715,0.088878,96.8750,502.81
1716,0.097441,95.3125,608.53
1717,0.079404,96.8750,500.83
1718,0.176185,95.3125,588.06
1719,0.299617,92.1875,500.18
1720,0.025089,100.0000,533.25
1721,0.230231,92.1875,547.58
1722,0.075507,96.8750,499.54
1723,0.127390,98.4375,588.09
1724,0.187945,96.8750,501.14
1725,0.195541,90.6250,519.16
1726,0.154800,92.1875,597.40
1727,0.111223,95.3125,500.65
1728,0.103564,95.3125,590.51
1729,0.114020,95.3125,500.77
1730,0.154731,93.7500,552.21
1731,0.150934,95.3125,522.15
1732,0.115681,95.3125,498.31
1733,0.179444,95.3125,648.70
1734,0.113587,96.8750,501.55
1735,0.235717,93.7500,615.76
1736,0.229051,89.0625,509.94
1737,0.106831,93.7500,602.71
1738,0.115873,96.8750,501.31
1739,0.160648,95.3125,603.93
1740,0.152972,95.3125,497.82
1741,0.147683,95.3125,567.36
1742,0.100117,98.4375,503.61
1743,0.086389,96.8750,523.64
1744,0.133959,96.8750,572.90
1745,0.077388,95.3125,545.91
1746,0.158518,90.6250,532.08
1747,0.167824,96.8750,506.48
1748,0.216434,92.1875,587.02
1749,0.134166,95.3125,498.08
1750,0.167293,92.1875,568.67
1751,0.138590,93.7500,500.75
1752,0.085606,95.3125,504.67
1753,0.179788,95.3125,603.29
1754,0.179722,90.6250,514.53
1755,0.386563,89.0625,588.64
1756,0.108446,95.3125,500.34
1757,0.044293,98.4375,649.52
1758,0.036833,100.0000,505.25
1759,0.144690,95.3125,585.11
1760,0.124474,95.3125,494.38
1761,0.060628,96.8750,498.18
1762,0.062706,98.4375,623.50
1763,0.220851,92.1875,501.91
1764,0.114779,93.7500,651.12
1765,0.239764,92.1875,502.16
1766,0.100169,95.3125,613.83
1767,0.290865,85.9375,520.20
1768,0.125977,95.3125,599.43
1769,0.095027,96.8750,498.10
1770,0.080863,95.3125,571.57
1771,0.202929,90.6250,495.04
1772,0.180113,93.7500,589.64
1773,0.128149,93.7500,497.75
1774,0.096458,95.3125,509.31
1775,0.109552,95.3125,654.08
1776,0.241787,92.1875,500.30
1777,0.059694,98.4375,655.42
1778,0.181896,95.3125,498.72
1779,0.363688,90.6250,627.15
1780,0.215815,92.1875,498.38
1781,0.086310,96.8750,572.16
1782,0.177290,93.7500,499.30
1783,0.170213,93.7500,507.42
1784,0.136937,93.7500,651.90
1785,0.065101,98.4375,501.70
1786,0.149580,95.3125,567.61
1787,0.150069,93.7500,496.81
1788,0.034566,100.0000,533.23
1789,0.138121,90.6250,548.37
1790,0.214844,95.3125,498.85
1791,0.157372,95.3125,569.54
1792,0.097616,98.4375,502.01
1793,0.040389,98.4375,519.82
1794,0.044759,98.4375,572.43
1795,0.212345,90.6250,495.86
1796,0.098652,95.3125,605.92
1797,0.178615,92.1875,495.35
1798,0.105227,95.3125,500.76
1799,0.134818,93.7500,618.77
1800,0.145825,92.1875,510.47
1801,0.111438,93.7500,598.82
1802,0.152617,92.1875,499.40
1803,0.067346,98.4375,593.10
1804,0.087669,96.8750,496.14
1805,0.061645,96.8750,584.93
1806,0.076439,98.4375,498.41
1807,0.134595,93.7500,520.08
1808,0.207634,90.6250,575.52
1809,0.147082,96.8750,502.50
1810,0.149709,93.7500,650.58
1811,0.086314,95.3125,504.15
1812,0.090691,96.8750,627.72
1813,0.196090,93.7500,498.54
1814,0.249245,93.7500,639.49
1815,0.069531,98.4375,497.23
1816,0.236739,90.6250,644.55
1817,0.131199,93.7500,499.12
1818,0.109750,95.3125,598.20
1819,0.114791,96.8750,503.44
1820,0.104338,96.8750,633.72
1821,0.260143,93.7500,499.03
1822,0.064515,96.8750,603.87
1823,0.335991,90.6250,498.42
1824,0.115803,96.8750,565.25
1825,0.209920,90.6250,502.31
1826,0.112843,95.3125,501.20
1827,0.118698,93.7500,603.93
1828,0.021040,100.0000,525.25
1829,0.179532,90.6250,564.67
1830,0.079659,98.4375,499.87
1831,0.107740,95.3125,585.95
1832,0.177186,95.3125,499.70
1833,0.097270,95.3125,564.14
1834,0.105633,95.3125,500.46
1835,0.195416,93.7500,502.84
1836,0.153966,95.3125,630.31
1837,0.145721,95.3125,498.45
1838,0.035551,98.4375,620.52
1839,0.211935,93.7500,501.50
1840,0.079781,96.8750,648.61
1841,0.051608,98.4375,504.31
1842,0.140470,95.3125,650.88
1843,0.259236,90.6250,498.63
1844,0.098639,96.8750,537.75
1845,0.116435,95.3125,548.61
1846,0.063307,98.4375,533.14
1847,0.127257,93.7500,563.51
1848,0.125443,93.7500,548.29
1849,0.267914,90.6250,545.50
1850,0.140162,93.7500,566.40
1851,0.108207,95.3125,501.85
1852,0.053668,98.4375,499.44
1853,0.073663,96.8750,613.12
1854,0.240039,93.7500,509.29
1855,0.102749,95.3125,531.77
1856,0.151667,95.3125,559.57
1857,0.086083,98.4375,506.10
1858,0.131104,93.7500,593.95
1859,0.076740,98.4375,497.22
1860,0.105428,96.8750,500.24
1861,0.172234,93.7500,631.17
1862,0.269883,93.7500,500.16
1863,0.037716,100.0000,551.86
1864,0.183075,92.1875,551.45
1865,0.250156,90.6250,504.59
1866,0.123768,93.7500,620.08
1867,0.101579,95.3125,502.22
1868,0.153536,93.7500,558.55
1869,0.138837,95.3125,502.46
1870,0.269641,90.6250,562.71
1871,0.100305,96.8750,502.27
1872,0.041508,100.0000,576.94
1873,0.165765,95.3125,497.78
1874,0.178556,95.3125,559.50
1875,0.097261,98.4375,501.38
1876,0.137086,93.7500,501.57
1877,0.224911,92.1875,621.58
1878,0.188431,92.1875,501.54
1879,0.049969,98.4375,661.55
1880,0.141325,95.3125,501.24
1881,0.079529,98.4375,561.75
1882,0.073541,96.8750,520.67
1883,0.134358,96.8750,581.99
1884,0.132711,93.7500,512.21
1885,0.109709,98.4375,545.56
1886,0.230907,93.7500,538.72
1887,0.150109,92.1875,500.15
1888,0.181979,93.7500,588.95
1889,0.053589,98.4375,497.86
1890,0.105498,96.8750,565.85
1891,0.039264,98.4375,536.12
1892,0.185851,93.7500,500.95
1893,0.196540,90.6250,633.89
1894,0.170669,89.0625,501.75
1895,0.094631,96.8750,576.25
1896,0.285761,90.6250,498.27
1897,0.119883,96.8750,518.92
1898,0.077340,93.7500,586.53
1899,0.134474,98.4375,515.17
1900,0.190339,93.7500,581.20
1901,0.186123,93.7500,515.01
1902,0.245251,90.6250,619.27
1903,0.202673,93.7500,502.13
1904,0.115542,96.8750,654.36
1905,0.162411,95.3125,514.38
1906,0.198705,92.1875,598.42
1907,0.128993,93.7500,501.23
1908,0.100443,96.8750,610.65
1909,0.109998,93.7500,500.17
1910,0.179658,93.7500,625.45
1911,0.124860,96.8750,499.92
1912,0.094174,96.8750,606.36
1913,0.190182,93.7500,501.56
1914,0.036855,100.0000,571.01
1915,0.105248,98.4375,499.14
1916,0.057356,98.4375,501.40
1917,0.129711,95.3125,667.44
1918,0.150227,95.3125,502.29
1919,0.179233,93.7500,605.61
1920,0.160605,96.8750,501.85
1921,0.123300,93.7500,531.24
1922,0.142203,96.8750,553.60
1923,0.224207,92.1875,523.22
1924,0.117517,95.3125,595.68
1925,0.067036,98.4375,500.71
1926,0.178846,93.7500,599.03
1927,0.221674,96.8750,497.88
1928,0.178256,90.6250,572.12
1929,0.122688,93.7500,503.68
1930,0.235061,92.1875,572.79
1931,0.238048,89.0625,502.75
1932,0.242108,93.7500,546.52
1933,0.081723,96.8750,555.98
1934,0.175076,89.0625,502.85
1935,0.118598,93.7500,621.96
1936,0.109535,96.8750,514.82
1937,0.102805,96.8750,568.98
1938,0.086557,98.4375,502.23
1939,0.045190,98.4375,658.80
1940,0.163275,95.3125,497.77
1941,0.139722,93.7500,540.76
1942,0.246206,90.6250,550.58
1943,0.081828,96.8750,548.25
1944,0.112615,93.7500,532.93
1945,0.060276,98.4375,503.81
1946,0.109766,96.8750,631.66
1947,0.034136,100.0000,496.92
1948,0.111815,95.3125,605.93
1949,0.163450,93.7500,495.25
1950,0.037437,100.0000,552.84
1951,0.036013,100.0000,508.43
1952,0.180436,93.7500,491.47
1953,0.248540,93.7500,643.44
1954,0.089712,98.4375,491.09
1955,0.217378,93.7500,550.30
1956,0.162984,93.7500,492.91
1957,0.202992,90.6250,550.52
1958,0.129711,92.1875,538.20
1959,0.087181,96.8750,498.64
1960,0.103625,93.7500,602.35
1961,0.193177,89.0625,499.30
1962,0.121681,95.3125,616.45
1963,0.100693,96.8750,505.22
1964,0.082874,96.8750,584.85
1965,0.064839,98.4375,501.38
1966,0.142369,93.7500,585.64
1967,0.109682,98.4375,508.60
1968,0.141507,95.3125,524.25
1969,0.149746,93.7500,611.25
1970,0.242028,89.0625,502.01
1971,0.110318,93.7500,657.78
1972,0.382743,93.7500,510.22
1973,0.080476,96.8750,621.87
1974,0.162353,90.6250,500.95
1975,0.207651,93.7500,606.49
1976,0.115259,93.7500,502.96
1977,0.114616,96.8750,582.79
1978,0.268778,92.1875,504.74
1979,0.399335,90.6250,558.43
1980,0.091739,98.4375,501.02
1981,0.095311,95.3125,532.18
1982,0.119698,95.3125,568.67
1983,0.031930,100.0000,542.16
1984,0.127168,95.3125,548.97
1985,0.089903,95.3125,571.52
1986,0.169028,92.1875,529.75
1987,0.141190,95.3125,502.58
1988,0.088465,98.4375,637.14
1989,0.100573,98.4375,498.64
1990,0.318812,84.3750,643.21
1991,0.125159,95.3125,498.55
1992,0.073384,96.8750,652.51
1993,0.093332,96.8750,505.38
1994,0.158646,93.7500,553.72
1995,0.150339,93.7500,528.28
1996,0.061965,98.4375,504.71
1997,0.202354,95.3125,602.88
1998,0.277009,92.1875,500.97
1999,0.165905,95.3125,548.72
2000,0.271062,92.1875,530.91
2001,0.119530,95.3125,497.04
2002,0.109193,96.8750,588.37
2003,0.181657,93.7500,508.72
2004,0.025693,100.0000,579.50
2005,0.115022,95.3125,519.76
2006,0.036692,100.0000,568.77
2007,0.153083,96.8750,499.16
2008,0.114656,95.3125,501.13
2009,0.157044,93.7500,610.14
2010,0.123352,92.1875,537.47
2011,0.165821,93.7500,553.01
2012,0.348908,89.0625,507.17
2013,0.116756,95.3125,659.31
2014,0.063995,98.4375,498.84
2015,0.083842,96.8750,567.85
2016,0.179997,90.6250,505.62
2017,0.258564,92.1875,584.61
2018,0.189019,90.6250,502.00
2019,0.199570,90.6250,570.13
2020,0.088061,98.4375,501.86
2021,0.053830,100.0000,620.96
2022,0.098476,95.3125,501.83
2023,0.081998,96.8750,564.86
2024,0.083587,98.4375,499.86
2025,0.068921,96.8750,500.44
2026,0.105769,98.4375,593.76
2027,0.309080,89.0625,502.48
2028,0.129602,95.3125,530.76
2029,0.121813,92.1875,566.44
2030,0.047766,100.0000,528.37
2031,0.036872,100.0000,570.47
2032,0.119032,95.3125,552.34
2033,0.056627,98.4375,556.95
2034,0.111954,95.3125,499.08
2035,0.077990,96.8750,553.02
2036,0.209336,93.7500,498.75
2037,0.145044,93.7500,501.26
2038,0.127222,95.3125,645.31
2039,0.127197,96.8750,538.96
2040,0.109933,93.7500,567.21
2041,0.087196,96.8750,500.72
2042,0.158266,95.3125,591.85
2043,0.095702,95.3125,504.12
2044,0.099935,96.8750,594.45
2045,0.095752,96.8750,500.52
2046,0.146139,93.7500,566.29
2047,0.085072,96.8750,499.16
2048,0.044476,100.0000,542.85
2049,0.159093,95.3125,549.87
2050,0.199639,92.1875,522.93
2051,0.201780,93.7500,564.50
2052,0.165566,93.7500,501.20
2053,0.115687,98.4375,589.16
2054,0.183212,93.7500,505.17
2055,0.092886,96.8750,602.86
2056,0.061422,98.4375,500.29
2057,0.052109,98.4375,630.31
2058,0.111491,96.8750,503.93
2059,0.142540,90.6250,594.87
2060,0.095946,96.8750,501.06
2061,0.153514,93.7500,656.85
2062,0.101267,95.3125,504.11
2063,0.150450,93.7500,586.03
2064,0.110758,98.4375,502.00
2065,0.124870,93.7500,535.25
2066,0.066940,98.4375,569.00
2067,0.084200,95.3125,507.66
2068,0.198664,95.3125,644.33
2069,0.123953,96.8750,502.22
2070,0.101647,95.3125,642.64
2071,0.078845,96.8750,524.20
2072,0.096378,98.4375,550.30
2073,0.199297,93.7500,514.49
2074,0.139537,96.8750,499.36
2075,0.285465,95.3125,624.42
2076,0.097246,96.8750,509.93
2077,0.257801,90.6250,606.66
2078,0.100801,96.8750,503.26
2079,0.077495,98.4375,534.18
2080,0.287677,93.7500,541.69
2081,0.116293,95.3125,502.61
2082,0.074871,98.4375,621.93
2083,0.110817,96.8750,501.74
2084,0.041203,98.4375,567.37
2085,0.174276,93.7500,509.52
2086,0.174091,92.1875,561.66
2087,0.073696,98.4375,499.36
2088,0.161058,92.1875,514.94
2089,0.074997,98.4375,589.99
2090,0.207723,92.1875,556.99
2091,0.246632,95.3125,517.58
2092,0.059819,98.4375,499.27
2093,0.134987,93.7500,637.34
2094,0.094855,95.3125,500.49
2095,0.129330,96.8750,568.31
2096,0.111438,95.3125,500.74
2097,0.114972,95.3125,508.68
2098,0.100466,95.3125,595.56
2099,0.130815,93.7500,497.75
2100,0.182524,92.1875,576.39
2101,0.177185,89.0625,500.14
2102,0.176240,93.7500,502.01
2103,0.117633,95.3125,643.01
2104,0.053102,98.4375,504.01
2105,0.101677,95.3125,521.13
2106,0.073922,98.4375,576.97
2107,0.096822,96.8750,535.85
2108,0.179923,92.1875,558.07
2109,0.157274,92.1875,499.25
2110,0.152539,92.1875,571.58
2111,0.148518,92.1875,500.42
2112,0.084882,96.8750,590.91
2113,0.116235,95.3125,508.36
2114,0.135914,95.3125,579.67
2115,0.064159,96.8750,500.44
2116,0.044554,98.4375,581.70
2117,0.165703,93.7500,500.21
2118,0.112204,96.8750,498.70
2119,0.188747,93.7500,615.38
2120,0.196513,92.1875,501.35
2121,0.177134,92.1875,549.65
2122,0.193399,95.3125,528.70
2123,0.157043,93.7500,565.12
2124,0.107213,98.4375,516.56
2125,0.136560,96.8750,505.86
2126,0.111548,96.8750,623.94
2127,0.142164,95.3125,504.64
2128,0.201500,92.1875,633.56
2129,0.058463,98.4375,501.75
2130,0.242073,92.1875,609.51
2131,0.128783,96.8750,501.58
2132,0.198774,92.1875,592.89
2133,0.249630,95.3125,495.73
2134,0.041518,100.0000,501.48
2135,0.155299,90.6250,620.88
2136,0.086018,96.8750,505.22
2137,0.145449,95.3125,593.02
2138,0.094268,96.8750,514.20
2139,0.080027,96.8750,591.57
2140,0.078068,98.4375,536.00
2141,0.364661,89.0625,566.06
2142,0.154315,90.6250,535.77
2143,0.109771,96.8750,558.53
2144,0.242607,93.7500,496.43
2145,0.106174,93.7500,586.99
2146,0.078365,96.8750,498.76
2147,0.196080,95.3125,572.83
2148,0.219721,92.1875,513.84
2149,0.081220,98.4375,502.02
2150,0.244886,93.7500,627.29
2151,0.240757,92.1875,501.23
2152,0.130628,95.3125,623.01
2153,0.185399,92.1875,498.94
2154,0.190487,90.6250,565.64
2155,0.188802,95.3125,493.98
2156,0.134990,93.7500,553.16
2157,0.177394,95.3125,550.95
2158,0.161223,93.7500,504.66
2159,0.203878,93.7500,613.18
2160,0.113444,93.7500,498.62
2161,0.099667,95.3125,597.86
2162,0.061045,98.4375,504.05
2163,0.147308,92.1875,562.30
2164,0.051986,98.4375,499.65
2165,0.159221,92.1875,504.18
2166,0.072357,98.4375,601.31
2167,0.373597,92.1875,498.99
2168,0.051561,98.4375,601.03
2169,0.085252,96.8750,503.24
2170,0.263348,92.1875,536.65
2171,0.097875,95.3125,546.66
2172,0.157975,93.7500,548.16
2173,0.181601,90.6250,554.49
2174,0.123757,96.8750,506.18
2175,0.090140,95.3125,594.85
2176,0.235895,90.6250,502.04
2177,0.045449,98.4375,599.43
2178,0.193652,93.7500,498.73
2179,0.140562,96.8750,663.49
2180,0.086824,96.8750,507.39
2181,0.087101,96.8750,566.02
2182,0.141593,96.8750,503.76
2183,0.167025,92.1875,602.39
2184,0.059042,98.4375,520.43
2185,0.175486,95.3125,502.62
2186,0.103355,95.3125,664.03
2187,0.098582,98.4375,499.74
2188,0.147826,96.8750,571.15
2189,0.219128,90.6250,499.93
2190,0.112056,96.8750,563.70
2191,0.102021,96.8750,505.15
2192,0.127071,95.3125,554.42
2193,0.179252,92.1875,536.99
2194,0.315249,87.5000,499.55
2195,0.064250,98.4375,630.65
2196,0.120240,96.8750,497.83
2197,0.125880,96.8750,576.88
2198,0.061931,96.8750,501.59
2199,0.110842,96.8750,531.87
2200,0.235852,90.6250,561.62
2201,0.371032,89.0625,498.38
2202,0.206525,92.1875,656.12
2203,0.311984,90.6250,502.68
2204,0.055863,98.4375,572.10
2205,0.026358,100.0000,500.74
2206,0.050414,98.4375,556.65
2207,0.223753,89.0625,496.67
2208,0.184122,95.3125,510.80
2209,0.110539,95.3125,603.07
2210,0.120873,95.3125,501.66
2211,0.183558,93.7500,657.95
2212,0.103282,95.3125,496.71
2213,0.120035,96.8750,660.01
2214,0.213145,93.7500,501.68
2215,0.223024,90.6250,601.05
2216,0.172872,92.1875,498.33
2217,0.303750,92.1875,548.08
2218,0.030746,100.0000,514.98
2219,0.200189,95.3125,497.26
2220,0.060719,98.4375,615.06
2221,0.125675,93.7500,498.66
2222,0.208349,93.7500,620.31
2223,0.093775,95.3125,514.00
2224,0.121869,95.3125,578.10
2225,0.080840,98.4375,500.44
2226,0.101640,96.8750,497.92
2227,0.180455,92.1875,658.21
2228,0.086353,96.8750,495.60
2229,0.163594,93.7500,539.36
2230,0.186028,92.1875,552.53
2231,0.112707,96.8750,503.12
2232,0.261499,92.1875,642.21
2233,0.102606,96.8750,537.78
2234,0.086977,96.8750,564.27
2235,0.147624,95.3125,504.67
2236,0.170626,93.7500,585.96
2237,0.052187,98.4375,500.94
2238,0.132271,92.1875,507.18
2239,0.196075,92.1875,640.46
2240,0.140299,93.7500,496.55
2241,0.156938,93.7500,605.72
2242,0.096509,96.8750,502.03
2243,0.168042,90.6250,593.47
2244,0.221233,92.1875,507.09
2245,0.210908,92.1875,564.26
2246,0.148312,93.7500,498.88
2247,0.138925,95.3125,553.32
2248,0.083301,96.8750,511.94
2249,0.121424,96.8750,499.29
2250,0.104384,96.8750,648.54
2251,0.305188,87.5000,510.38
2252,0.223845,90.6250,569.32
2253,0.066628,96.8750,522.10
2254,0.089307,93.7500,499.03
2255,0.054353,98.4375,604.79
2256,0.043562,98.4375,500.59
2257,0.171115,93.7500,611.70
2258,0.071607,98.4375,528.22
2259,0.047599,100.0000,569.17
2260,0.141553,96.8750,499.89
2261,0.086452,98.4375,636.80
2262,0.147431,93.7500,500.20
2263,0.121437,93.7500,641.99
2264,0.144456,95.3125,500.12
2265,0.123227,95.3125,552.19
2266,0.160855,93.7500,547.16
2267,0.276753,89.0625,553.81
2268,0.075499,96.8750,512.16
2269,0.137790,93.7500,571.05
2270,0.092254,96.8750,509.40
2271,0.131500,93.7500,515.79
2272,0.115339,96.8750,633.58
2273,0.095506,96.8750,515.85
2274,0.114788,92.1875,615.82
2275,0.153705,95.3125,509.11
2276,0.069555,96.8750,579.40
2277,0.203378,92.1875,505.75
2278,0.212854,90.6250,562.85
2279,0.049281,100.0000,513.03
2280,0.226407,92.1875,565.54
2281,0.156921,93.7500,519.62
2282,0.163263,93.7500,566.76
2283,0.151718,93.7500,496.98
2284,0.083751,95.3125,504.01
2285,0.153009,93.7500,616.24
2286,0.153705,92.1875,500.16
2287,0.056628,98.4375,562.84
2288,0.184297,93.7500,500.19
2289,0.222476,90.6250,584.40
2290,0.081521,96.8750,513.73
2291,0.240048,90.6250,585.97
2292,0.200832,92.1875,498.74
2293,0.115413,93.7500,498.84
2294,0.167648,93.7500,650.11
2295,0.310857,87.5000,502.76
2296,0.202767,89.0625,617.73
2297,0.196741,93.7500,504.01
2298,0.106736,96.8750,633.92
2299,0.093296,96.8750,500.37
2300,0.102269,95.3125,547.76
2301,0.205966,93.7500,534.33
2302,0.095375,96.8750,500.67
2303,0.126524,92.1875,602.09
2304,0.125191,96.8750,497.53
2305,0.052293,96.8750,578.89
2306,0.057628,96.8750,499.10
2307,0.086507,96.8750,503.15
2308,0.056446,96.8750,632.24
2309,0.484134,89.0625,496.10
2310,0.109516,95.3125,560.65
2311,0.137151,93.7500,497.97
2312,0.099981,95.3125,549.14
2313,0.173277,95.3125,545.85
2314,0.063495,98.4375,528.79
2315,0.170996,93.7500,564.94
2316,0.230512,92.1875,553.87
2317,0.121663,96.8750,531.91
2318,0.236772,93.7500,499.48
2319,0.095097,95.3125,662.70
2320,0.100682,95.3125,504.49
2321,0.228016,92.1875,565.54
2322,0.110571,96.8750,499.97
2323,0.068242,98.4375,500.04
2324,0.194312,92.1875,655.66
2325,0.116577,96.8750,499.38
2326,0.153769,95.3125,623.56
2327,0.112585,96.8750,498.78
2328,0.249259,93.7500,573.09
2329,0.201980,92.1875,503.30
2330,0.058380,98.4375,553.17
2331,0.085130,95.3125,501.68
2332,0.203845,92.1875,571.05
2333,0.092100,98.4375,509.39
2334,0.147130,95.3125,505.65
2335,0.083909,96.8750,606.00
2336,0.311991,85.9375,552.23
2337,0.089836,96.8750,542.68
2338,0.075970,96.8750,569.19
2339,0.125213,92.1875,500.71
2340,0.233342,89.0625,524.07
2341,0.134883,95.3125,560.81
2342,0.184826,95.3125,501.35
2343,0.137619,92.1875,650.47
2344,0.112660,95.3125,500.46
2345,0.134428,95.3125,558.76
2346,0.062769,98.4375,499.93
2347,0.090627,95.3125,501.37
2348,0.131526,93.7500,616.06
2349,0.094474,96.8750,521.91
2350,0.279897,85.9375,577.19
2351,0.069543,96.8750,500.79
2352,0.079565,96.8750,587.95
2353,0.031067,100.0000,500.75
2354,0.113689,96.8750,546.86
2355,0.184287,95.3125,552.06
2356,0.076272,98.4375,565.18
2357,0.173051,89.0625,504.17
2358,0.078304,98.4375,565.80
2359,0.161985,95.3125,531.59
2360,0.079537,98.4375,500.36
2361,0.241534,92.1875,595.58
2362,0.076471,98.4375,500.81
2363,0.075892,98.4375,598.05
2364,0.062749,98.4375,498.88
2365,0.230346,93.7500,581.05
2366,0.215626,92.1875,500.80
2367,0.094390,95.3125,585.56
2368,0.051581,98.4375,501.18
2369,0.093180,95.3125,575.06
2370,0.128342,96.8750,507.05
2371,0.180365,93.7500,564.80
2372,0.140340,95.3125,497.49
2373,0.281372,92.1875,564.00
2374,0.117823,96.8750,502.65
2375,0.072018,96.8750,558.92
2376,0.225126,92.1875,524.07
2377,0.103556,96.8750,498.19
2378,0.354475,84.3750,596.21
2379,0.301148,89.0625,499.40
2380,0.090736,96.8750,563.66
2381,0.068706,98.4375,526.44
2382,0.163686,92.1875,553.12
2383,0.184936,92.1875,501.40
2384,0.078894,95.3125,589.45
2385,0.212384,93.7500,498.21
2386,0.155398,95.3125,552.83
2387,0.201265,90.6250,539.37
2388,0.111327,95.3125,547.45
2389,0.102441,95.3125,517.37
2390,0.079488,96.8750,569.87
2391,0.123814,96.8750,501.75
2392,0.080519,96.8750,510.29
2393,0.102177,93.7500,593.31
2394,0.075811,98.4375,504.44
2395,0.065622,96.8750,566.64
2396,0.087715,95.3125,498.64
2397,0.238137,92.1875,503.90
2398,0.117419,93.7500,600.90
2399,0.075184,96.8750,500.11
2400,0.247588,90.6250,604.38
2401,0.041697,100.0000,501.44
2402,0.070983,96.8750,601.60
2403,0.153697,95.3125,496.26
2404,0.060942,98.4375,578.94
2405,0.059831,96.8750,499.91
2406,0.124440,96.8750,567.66
2407,0.167582,93.7500,505.20
2408,0.150501,90.6250,590.84
2409,0.053171,96.8750,496.90
2410,0.079079,96.8750,563.21
2411,0.285348,89.0625,505.93
2412,0.127791,92.1875,530.03
2413,0.102115,95.3125,563.47
2414,0.052277,98.4375,517.35
2415,0.226625,85.9375,571.43
2416,0.094722,96.8750,552.19
2417,0.076397,98.4375,533.97
2418,0.125123,93.7500,498.95
2419,0.358965,90.6250,651.90
2420,0.143145,96.8750,499.43
2421,0.074636,98.4375,547.10
2422,0.078977,96.8750,537.83
2423,0.109056,98.4375,504.03
2424,0.028046,100.0000,638.52
2425,0.284828,90.6250,502.30
2426,0.175793,95.3125,571.03
2427,0.112505,93.7500,501.77
2428,0.094849,96.8750,500.21
2429,0.194055,95.3125,633.45
2430,0.153338,93.7500,502.54
2431,0.122323,93.7500,595.12
2432,0.202848,93.7500,498.27
2433,0.149520,93.7500,588.55
2434,0.151374,93.7500,503.35
2435,0.179314,93.7500,521.20
2436,0.144719,92.1875,586.90
2437,0.110497,95.3125,502.74
2438,0.063387,98.4375,572.00
2439,0.045885,98.4375,494.90
2440,0.267520,92.1875,494.15
2441,0.097187,93.7500,617.51
2442,0.204353,93.7500,497.76
2443,0.087785,96.8750,563.78
2444,0.093985,98.4375,528.41
2445,0.204694,92.1875,502.56
2446,0.234322,92.1875,647.21
2447,0.094756,98.4375,518.45
2448,0.196677,93.7500,595.22
2449,0.075173,95.3125,498.90
2450,0.115652,93.7500,581.05
2451,0.086828,96.8750,498.28
2452,0.040183,100.0000,504.60
2453,0.032882,100.0000,603.72
2454,0.133065,93.7500,497.02
2455,0.202699,89.0625,562.16
2456,0.052048,98.4375,506.41
2457,0.165629,93.7500,507.98
2458,0.066972,98.4375,586.47
2459,0.233515,93.7500,498.56
2460,0.055431,98.4375,590.72
2461,0.153387,96.8750,498.68
2462,0.064941,96.8750,644.11
2463,0.134185,95.3125,500.60
2464,0.033846,100.0000,556.92
2465,0.175660,90.6250,527.73
2466,0.171306,96.8750,567.08
2467,0.163961,93.7500,514.62
2468,0.104735,96.8750,595.42
2469,0.072446,98.4375,497.56
2470,0.087471,98.4375,624.70
2471,0.058760,98.4375,499.99
2472,0.062188,100.0000,601.16
2473,0.246633,95.3125,502.11
2474,0.086105,95.3125,646.88
2475,0.115855,92.1875,497.52
2476,0.110894,95.3125,567.74
2477,0.196378,93.7500,499.83
2478,0.314749,93.7500,559.31
2479,0.309485,92.1875,502.63
2480,0.190196,93.7500,508.64
2481,0.126253,95.3125,627.39
2482,0.111782,98.4375,498.23
2483,0.131141,96.8750,517.69
2484,0.230439,89.0625,579.73
2485,0.163954,95.3125,502.99
2486,0.070696,96.8750,597.21
2487,0.128508,93.7500,502.04
2488,0.057201,100.0000,598.79
2489,0.112399,95.3125,499.75
2490,0.116232,95.3125,557.78
2491,0.119847,95.3125,501.78
2492,0.160724,92.1875,501.70
2493,0.262722,89.0625,649.87
2494,0.176857,95.3125,501.61
2495,0.128444,96.8750,562.58
2496,0.087451,96.8750,500.56
2497,0.145507,95.3125,498.00
2498,0.074912,98.4375,590.88
2499,0.082084,95.3125,499.62
2500,0.107620,96.8750,522.06
2501,0.117446,96.8750,586.84
2502,0.150747,93.7500,504.86
2503,0.089839,96.8750,635.92
2504,0.098554,93.7500,500.99
2505,0.365536,84.3750,573.88
2506,0.150405,96.8750,519.18
2507,0.111062,98.4375,566.77
2508,0.257987,90.6250,498.31
2509,0.116315,95.3125,498.99
2510,0.161077,92.1875,584.24
2511,0.078702,96.8750,506.96
2512,0.053784,100.0000,500.53
2513,0.101426,96.8750,631.61
2514,0.100638,93.7500,498.95
2515,0.119317,95.3125,632.98
2516,0.149584,93.7500,502.14
2517,0.053684,98.4375,600.65
2518,0.121874,93.7500,508.36
2519,0.070992,96.8750,576.97
2520,0.149083,96.8750,520.85
2521,0.113193,98.4375,498.57
2522,0.064526,98.4375,616.54
2523,0.071904,96.8750,503.20
2524,0.172736,92.1875,614.88
2525,0.219384,93.7500,499.86
2526,0.147232,96.8750,651.36
2527,0.182873,92.1875,504.82
2528,0.084499,98.4375,645.59
2529,0.129658,95.3125,503.04
2530,0.142217,93.7500,617.96
2531,0.113286,96.8750,496.99
2532,0.181171,90.6250,646.10
2533,0.106381,98.4375,496.69
2534,0.084148,98.4375,631.92
2535,0.129809,95.3125,498.70
2536,0.164372,95.3125,580.64
2537,0.206608,92.1875,497.99
2538,0.219670,90.6250,500.63
2539,0.095066,98.4375,618.84
2540,0.186974,95.3125,550.79
2541,0.053423,98.4375,555.52
2542,0.078952,98.4375,501.45
2543,0.135917,92.1875,581.94
2544,0.099077,96.8750,500.85
2545,0.067476,98.4375,500.92
2546,0.275316,90.6250,598.56
2547,0.078321,96.8750,502.97
2548,0.076558,98.4375,560.62
2549,0.088077,98.4375,497.05
2550,0.084632,95.3125,569.66
2551,0.105812,95.3125,494.75
2552,0.172044,92.1875,497.08
2553,0.253440,89.0625,660.83
2554,0.126185,95.3125,501.17
2555,0.344837,85.9375,652.47
2556,0.071911,98.4375,500.09
2557,0.274434,92.1875,559.49
2558,0.135421,92.1875,516.06
2559,0.170411,92.1875,522.76
2560,0.114403,96.8750,561.37
2561,0.062243,98.4375,498.15
2562,0.068253,100.0000,596.15
2563,0.138731,93.7500,499.34
2564,0.090274,98.4375,559.50
2565,0.060935,98.4375,517.26
2566,0.180570,90.6250,569.16
2567,0.143654,96.8750,496.53
2568,0.213842,93.7500,499.87
2569,0.066353,98.4375,630.09
2570,0.027124,100.0000,104.76
